    0.0999381  0.000736328  3.68164e-05  <UV>
     0.130176    0.0140009  0.000700047  <UV>
     0.154800     0.128870    0.0386600  ANS.15W
     0.156500     0.116010    0.0187900  TD1.1565
     0.180500     0.520180     0.156050  ANS.18
     0.196500     0.651700    0.0579570  TD1.1965
     0.199900     0.466811    0.0233406  <UV>
     0.236500     0.654850    0.0447760  TD1.2365
     0.249300     0.872750     0.261830  ANS.25
     0.250200     0.498452    0.0249226  <UV>
     0.274000     0.786330    0.0393165  TD1.2740
     0.299409      1.32228    0.0661140  <UV>
     0.329600      2.10590     0.631760  ANS.33
     0.341800      2.33890     0.116945  GENEVA.U
     0.360000      3.00000     0.150000  generic
     0.363700      2.97570     0.148785  JOHNSON.U
     0.399500      6.02010     0.301005  GENEVA.B1
     0.419200      6.64420     0.332210  GENEVA.B
     0.419600      6.59490     0.329745  TYCHO2.BT
     0.419600      6.54050     0.327025  TYCHO2.BT
     0.440000      7.27000     0.363500  generic
     0.443400      6.73270     0.336635  JOHNSON.B
     0.443400      7.10210     0.355105  JOHNSON.B
     0.447500      7.51270     0.375635  GENEVA.B2
     0.518900      6.47620     0.323810  HIPPARCOS.HP
     0.530700      6.77630     0.338815  TYCHO2.VT
     0.530700      6.69560     0.334780  TYCHO2.VT
     0.539200      7.15010     0.357505  GENEVA.V1
     0.547500      7.04480     0.352240  GENEVA.V
     0.549300      6.66580     0.333290  JOHNSON.V
     0.549300      6.74610     0.337305  JOHNSON.V
     0.550000      6.56000     0.328000  generic
     0.576200      6.95640     0.347820  GENEVA.G
     0.640000      6.26000     0.313000  generic
     0.790000      5.48000     0.510000  generic
      1.23930      5.19960     0.259980  2MASS.J
      1.24000      5.43000     0.271500  generic
      1.24310      5.41990     0.270995  JOHNSON.J
      1.64420      6.48510     0.324255  JOHNSON.H
      1.64950      6.37100     0.318550  2MASS.H
      1.66000      6.52000     0.326000  generic
      2.16000      8.71000     0.435500  generic
      2.16050      8.81800      1.88420  DENIS.KS
      2.16390      8.19130     0.409565  2MASS.KS
      2.18790      8.29750     0.414875  JOHNSON.K
      2.42821      8.84062     0.442031  ISOspec
      2.73617      9.51272     0.475636  ISOspec
      2.99251      9.76134     0.488067  ISOspec
      3.30559      9.87739     0.493869  ISOspec
      3.61528      9.69846     0.484923  ISOspec
      3.99351      9.34075     0.467037  ISOspec
      4.49999      8.47984     0.687131  ISOspec
      5.02050      7.98231     0.742785  ISOspec
      5.97545      7.51504     0.788113  ISOspec
      6.06531      7.69445     0.782217  ISOspec
      6.12596      7.67145     0.717205  ISOspec
      6.21808      8.33426     0.843419  ISOspec
      6.31158      7.90333     0.857178  ISOspec
      6.37470      7.83991     0.718044  ISOspec
      6.47056      8.25533     0.828698  ISOspec
      6.97192      7.87757     0.490015  ISOspec
      8.07713      9.01867     0.450933  SpitzerIRS
      8.45657      11.7858     0.589292  SpitzerIRS
      8.50974      12.1802     0.609012  SpitzerIRS
      8.61864      12.9706     0.648528  SpitzerIRS
      8.67171      13.3599     0.667995  SpitzerIRS
      8.69280      14.0100     0.700500  MSX.A
      8.77975      14.0686     0.703431  SpitzerIRS
      8.86411      14.6715     0.733575  SpitzerIRS
      8.94734      15.6396     0.781980  SpitzerIRS
      9.09950      15.0200     0.751000  AKARI.S9W
      9.48866      19.8791     0.993955  SpitzerIRS
      10.1021      20.4298      1.02149  SpitzerIRS
      10.7845      19.1977     0.959887  SpitzerIRS
      10.9210      19.0513     0.952564  SpitzerIRS
      11.0544      18.9235     0.946176  SpitzerIRS
      11.1603      18.8468     0.942338  SpitzerIRS
      11.2646      18.6074     0.930368  SpitzerIRS
      11.4060      17.5680     0.878399  SpitzerIRS
      11.4099      18.2000      1.27400  IRAS.F12
      11.4767      16.7238     0.836188  SpitzerIRS
      12.2914      11.0833     0.554164  SpitzerIRS
      12.4419      10.6342     0.531711  SpitzerIRS
      12.5647      10.2079     0.510395  SpitzerIRS
      12.6851      10.4099     0.520498  SpitzerIRS
      12.8356      10.2392     0.511960  SpitzerIRS
      12.9860      9.94223     0.497111  SpitzerIRS
      13.0935      9.89513     0.494757  SpitzerIRS
      14.7132      11.5800     0.706380  MSX.D
      16.0181      14.3871     0.719356  SpitzerIRS
      19.0138      18.2273     0.911366  SpitzerIRS
      21.7014      15.1500     0.909000  MSX.E
      22.0103      16.4391     0.821955  SpitzerIRS
      22.1943      16.8110     0.840550  WISE.W4
      25.9580      16.2508     0.812542  SpitzerIRS
      29.9563      15.3073     0.765367  SpitzerIRS
      59.9899      16.8656     0.843281  PACSspec
      69.9850      18.3616     0.918081  PACSspec
      70.4000      18.7600     0.938000  PACS.B
      79.9954      19.5924     0.979621  PACSspec
      90.0098      20.4528      1.02264  PACSspec
      98.4932      20.8077      1.04039  PACSspec
      114.962      22.7957      1.13978  PACSspec
      129.951      21.3556      1.06778  PACSspec
      144.991      20.5820      1.02910  PACSspec
      159.978      20.7816      1.03908  PACSspec
      160.200      20.2400      1.01200  PACS.R
      179.997      18.5499     0.927495  PACSspec
      201.825      20.8318      1.51012  SPIREspec
      249.478      17.9684      1.31334  SPIREspec
      301.298      14.6249      1.14845  SPIREspec
      349.243      11.3049     0.857592  SPIREspec
      350.000      10.6000     0.720000  generic
      399.205      9.15003     0.684270  SPIREspec
      450.000      5.56000     0.400000  generic
      498.957      6.00637     0.642697  SPIREspec
      598.687      3.97854     0.605886  SPIREspec
      600.000      3.38000     0.169000  generic
      750.000      2.65000     0.132500  generic
      849.500      1.71640    0.0858200  generic
      850.000      1.92000    0.0960000  generic
      870.000      1.91000    0.0955000  generic
      1100.00      1.02000    0.0510000  generic
      1300.00     0.705000    0.0352500  generic
      1329.10     0.722120    0.0361060  generic
      2800.00    0.0770000   0.00385000  generic
      7000.00   0.00450000  0.000500000  generic
