 3.41800E-01  1.49993E-09  3.52629E-10  1.00000E+00 GENEVA.U 
 3.99500E-01  4.01519E-09  9.43952E-10  1.00000E+00 GENEVA.B1 
 4.19200E-01  4.66066E-09  1.07180E-09  1.00000E+00 GENEVA.B 
 4.19600E-01  4.73359E-09  2.36680E-10  1.00000E+00 TYCHO2.BT 
 4.43400E-01  5.00513E-09  2.50256E-10  1.00000E+00 JOHNSON.B 
 4.47500E-01  5.45287E-09  1.28197E-09  1.00000E+00 GENEVA.B2 
 5.30700E-01  5.97834E-09  2.98917E-10  1.00000E+00 TYCHO2.VT 
 5.39200E-01  6.23715E-09  1.46633E-09  1.00000E+00 GENEVA.V1 
 5.47500E-01  6.26197E-09  1.40724E-09  1.00000E+00 GENEVA.V 
 5.49300E-01  6.02095E-09  3.01048E-10  1.00000E+00 JOHNSON.V 
 5.76200E-01  6.56817E-09  1.54412E-09  1.00000E+00 GENEVA.G 
 1.23930E+00  4.33711E-09  2.16855E-10  1.00000E+00 2MASS.J 
 1.24310E+00  4.53222E-09  2.26611E-10  1.00000E+00 JOHNSON.J 
 1.64420E+00  3.87951E-09  1.93975E-10  1.00000E+00 JOHNSON.H 
 1.64950E+00  3.80616E-09  1.90308E-10  1.00000E+00 2MASS.H 
 2.16390E+00  3.43350E-09  1.71675E-10  1.00000E+00 2MASS.KS 
 2.18790E+00  3.43352E-09  1.71676E-10  1.00000E+00 JOHNSON.K 
 3.50000E+00  2.32125E-09  1.71310E-10  1.00000E+00 generic 
 3.80000E+00  1.94076E-09  1.57786E-10  1.00000E+00 generic 
 7.00000E+01  2.77094E-10  1.38547E-11  1.00000E+00 PACS.70 
 8.78971E+01  1.95400E-10  1.10507E-11  1.00000E+00 AKARI.WIDES 
 1.00000E+02  1.71181E-10  8.55907E-12  1.00000E+00 PACS.100 
 1.60000E+02  7.86955E-11  3.93478E-12  1.00000E+00 PACS.160 
 4.57171E+02  6.62313E-12  6.62313E-13  1.00000E+00 SCUBA.450WB 
 8.60011E+02  9.06338E-13  9.06338E-14  1.00000E+00 SCUBA.850WB 
 1.10000E+03  4.90569E-13  2.72539E-14  1.00000E+00 generic 
 1.30000E+03  2.92874E-13  2.30610E-14  1.00000E+00 generic 
 3.10000E+03  1.25719E-14  9.67072E-16  1.00000E+00 generic 
 3.30000E+03  9.99308E-15  9.08462E-16  1.00000E+00 generic 
 7.00000E+03  7.28067E-16  8.56550E-17  1.00000E+00 generic 
 5.30797E+00  1.55553E-09  7.77763E-11  5.69711E-02 SpitzerIRS 
 5.33821E+00  1.54583E-09  7.72916E-11  5.66671E-02 SpitzerIRS 
 5.36846E+00  1.53710E-09  7.68552E-11  5.63290E-02 SpitzerIRS 
 5.39870E+00  1.52520E-09  7.62601E-11  5.60127E-02 SpitzerIRS 
 5.42894E+00  1.51122E-09  7.55609E-11  5.57017E-02 SpitzerIRS 
 5.45918E+00  1.50777E-09  7.53883E-11  5.53929E-02 SpitzerIRS 
 5.48942E+00  1.49759E-09  7.48796E-11  5.51062E-02 SpitzerIRS 
 5.51967E+00  1.48705E-09  7.43524E-11  5.47861E-02 SpitzerIRS 
 5.54991E+00  1.46125E-09  7.30624E-11  5.44874E-02 SpitzerIRS 
 5.58015E+00  1.43955E-09  7.19777E-11  5.41923E-02 SpitzerIRS 
 5.61039E+00  1.42146E-09  7.10729E-11  5.38993E-02 SpitzerIRS 
 5.64063E+00  1.41608E-09  7.08039E-11  5.36288E-02 SpitzerIRS 
 5.67088E+00  1.40668E-09  7.03341E-11  5.33252E-02 SpitzerIRS 
 5.70112E+00  1.37347E-09  6.86733E-11  5.30424E-02 SpitzerIRS 
 5.73136E+00  1.36638E-09  6.83188E-11  5.27623E-02 SpitzerIRS 
 5.76160E+00  1.33937E-09  6.69683E-11  5.24856E-02 SpitzerIRS 
 5.79184E+00  1.32507E-09  6.62533E-11  5.22287E-02 SpitzerIRS 
 5.82209E+00  1.31170E-09  6.55852E-11  5.19403E-02 SpitzerIRS 
 5.85233E+00  1.30595E-09  6.52977E-11  5.16710E-02 SpitzerIRS 
 5.88257E+00  1.29896E-09  6.49478E-11  5.14061E-02 SpitzerIRS 
 5.91281E+00  1.30319E-09  6.51595E-11  5.11434E-02 SpitzerIRS 
 5.94305E+00  1.30484E-09  6.52419E-11  5.09000E-02 SpitzerIRS 
 5.97330E+00  1.31383E-09  6.56916E-11  5.06253E-02 SpitzerIRS 
 6.00354E+00  1.32448E-09  6.62238E-11  5.03704E-02 SpitzerIRS 
 6.03378E+00  1.32300E-09  6.61498E-11  5.01180E-02 SpitzerIRS 
 6.06402E+00  1.30619E-09  6.53097E-11  4.98679E-02 SpitzerIRS 
 6.09426E+00  1.29630E-09  6.48151E-11  4.96362E-02 SpitzerIRS 
 6.12451E+00  1.29783E-09  6.48916E-11  4.93755E-02 SpitzerIRS 
 6.15475E+00  1.34067E-09  6.70334E-11  4.91328E-02 SpitzerIRS 
 6.18499E+00  1.42312E-09  7.11559E-11  4.88927E-02 SpitzerIRS 
 6.21523E+00  1.48063E-09  7.40313E-11  4.86547E-02 SpitzerIRS 
 6.24547E+00  1.50315E-09  7.51576E-11  4.84353E-02 SpitzerIRS 
 6.27572E+00  1.48470E-09  7.42350E-11  4.81859E-02 SpitzerIRS 
 6.30596E+00  1.41372E-09  7.06859E-11  4.79546E-02 SpitzerIRS 
 6.33620E+00  1.33483E-09  6.67416E-11  4.77251E-02 SpitzerIRS 
 6.36644E+00  1.26994E-09  6.34968E-11  4.74992E-02 SpitzerIRS 
 6.39668E+00  1.22231E-09  6.11157E-11  4.72903E-02 SpitzerIRS 
 6.42693E+00  1.19511E-09  5.97554E-11  4.70520E-02 SpitzerIRS 
 6.45717E+00  1.17103E-09  5.85513E-11  4.68318E-02 SpitzerIRS 
 6.48741E+00  1.15154E-09  5.75768E-11  4.66134E-02 SpitzerIRS 
 6.51765E+00  1.13825E-09  5.69125E-11  4.63972E-02 SpitzerIRS 
 6.54789E+00  1.13141E-09  5.65707E-11  4.61975E-02 SpitzerIRS 
 6.57814E+00  1.12713E-09  5.63564E-11  4.59704E-02 SpitzerIRS 
 6.60838E+00  1.11542E-09  5.57712E-11  4.57602E-02 SpitzerIRS 
 6.63862E+00  1.11044E-09  5.55218E-11  4.55518E-02 SpitzerIRS 
 6.66886E+00  1.10423E-09  5.52114E-11  4.53451E-02 SpitzerIRS 
 6.69910E+00  1.10283E-09  5.51414E-11  4.51555E-02 SpitzerIRS 
 6.72935E+00  1.10755E-09  5.53775E-11  4.49375E-02 SpitzerIRS 
 6.75959E+00  1.10645E-09  5.53223E-11  4.47366E-02 SpitzerIRS 
 6.78983E+00  1.09797E-09  5.48984E-11  4.45366E-02 SpitzerIRS 
 6.82007E+00  1.09628E-09  5.48141E-11  4.43397E-02 SpitzerIRS 
 6.85031E+00  1.08714E-09  5.43568E-11  4.41587E-02 SpitzerIRS 
 6.88056E+00  1.08895E-09  5.44477E-11  4.39501E-02 SpitzerIRS 
 6.91080E+00  1.07654E-09  5.38270E-11  4.37576E-02 SpitzerIRS 
 6.94104E+00  1.05537E-09  5.27687E-11  4.35671E-02 SpitzerIRS 
 6.97128E+00  1.04547E-09  5.22734E-11  4.33781E-02 SpitzerIRS 
 7.00152E+00  1.02497E-09  5.12484E-11  4.32049E-02 SpitzerIRS 
 7.03177E+00  1.02608E-09  5.13040E-11  4.30042E-02 SpitzerIRS 
 7.06201E+00  1.01472E-09  5.07362E-11  4.28208E-02 SpitzerIRS 
 7.09225E+00  1.01237E-09  5.06183E-11  4.26381E-02 SpitzerIRS 
 7.12249E+00  1.01888E-09  5.09441E-11  4.24572E-02 SpitzerIRS 
 7.15273E+00  1.01980E-09  5.09902E-11  4.22917E-02 SpitzerIRS 
 7.18298E+00  1.02438E-09  5.12189E-11  4.20995E-02 SpitzerIRS 
 7.21322E+00  1.03113E-09  5.15565E-11  4.19232E-02 SpitzerIRS 
 7.24346E+00  1.03637E-09  5.18187E-11  4.17480E-02 SpitzerIRS 
 7.27370E+00  1.03095E-09  5.15475E-11  4.15739E-02 SpitzerIRS 
 7.30394E+00  1.02462E-09  5.12310E-11  4.14161E-02 SpitzerIRS 
 7.33419E+00  1.01683E-09  5.08415E-11  4.12317E-02 SpitzerIRS 
 7.36443E+00  1.02293E-09  5.11463E-11  4.10622E-02 SpitzerIRS 
 7.39467E+00  1.02132E-09  5.10661E-11  4.08945E-02 SpitzerIRS 
 7.42491E+00  1.03159E-09  5.15794E-11  4.07278E-02 SpitzerIRS 
 7.45515E+00  1.04480E-09  5.22398E-11  4.05761E-02 SpitzerIRS 
 7.48540E+00  1.08069E-09  5.40343E-11  4.03981E-02 SpitzerIRS 
 7.51564E+00  1.08577E-09  5.42886E-11  4.02361E-02 SpitzerIRS 
 7.54588E+00  1.09534E-09  5.47668E-11  4.00750E-02 SpitzerIRS 
 7.57612E+00  1.11858E-09  5.59291E-11  7.98299E-02 SpitzerIRS 
 7.63660E+00  1.14676E-09  5.73378E-11  7.92108E-02 SpitzerIRS 
 7.69709E+00  1.15711E-09  5.78555E-11  7.85748E-02 SpitzerIRS 
 7.75757E+00  1.17995E-09  5.89977E-11  7.79627E-02 SpitzerIRS 
 7.81805E+00  1.19631E-09  5.98156E-11  7.73724E-02 SpitzerIRS 
 7.87854E+00  1.18774E-09  5.93871E-11  7.67657E-02 SpitzerIRS 
 7.93902E+00  1.17481E-09  5.87407E-11  7.61928E-02 SpitzerIRS 
 7.99951E+00  1.16748E-09  5.83739E-11  7.56048E-02 SpitzerIRS 
 8.05999E+00  1.17043E-09  5.85214E-11  7.50374E-02 SpitzerIRS 
 8.12047E+00  1.17771E-09  5.88854E-11  7.44904E-02 SpitzerIRS 
 8.18096E+00  1.17640E-09  5.88199E-11  7.39279E-02 SpitzerIRS 
 8.24144E+00  1.17437E-09  5.87185E-11  7.33854E-02 SpitzerIRS 
 8.30192E+00  1.18141E-09  5.90706E-11  7.28623E-02 SpitzerIRS 
 8.36241E+00  1.18034E-09  5.90171E-11  7.23238E-02 SpitzerIRS 
 8.42289E+00  1.17935E-09  5.89676E-11  7.18045E-02 SpitzerIRS 
 8.48337E+00  1.19738E-09  5.98688E-11  7.13049E-02 SpitzerIRS 
 8.54386E+00  1.21401E-09  6.07003E-11  7.07867E-02 SpitzerIRS 
 8.60434E+00  1.24442E-09  6.22210E-11  7.03024E-02 SpitzerIRS 
 8.66483E+00  1.25852E-09  6.29261E-11  6.97995E-02 SpitzerIRS 
 8.72531E+00  1.25438E-09  6.27191E-11  6.93157E-02 SpitzerIRS 
 8.78579E+00  1.24380E-09  6.21901E-11  6.88495E-02 SpitzerIRS 
 8.84628E+00  1.22884E-09  6.14418E-11  6.83678E-02 SpitzerIRS 
 8.90676E+00  1.22910E-09  6.14552E-11  6.79036E-02 SpitzerIRS 
 8.96724E+00  1.23756E-09  6.18778E-11  6.74563E-02 SpitzerIRS 
 9.02773E+00  1.25805E-09  6.29025E-11  6.69937E-02 SpitzerIRS 
 9.08821E+00  1.28350E-09  6.41748E-11  6.65479E-02 SpitzerIRS 
 9.14869E+00  1.31450E-09  6.57252E-11  6.61184E-02 SpitzerIRS 
 9.20918E+00  1.33745E-09  6.68725E-11  6.56737E-02 SpitzerIRS 
 9.26966E+00  1.35644E-09  6.78221E-11  6.52556E-02 SpitzerIRS 
 9.33015E+00  1.37797E-09  6.88987E-11  6.48222E-02 SpitzerIRS 
 9.39063E+00  1.39610E-09  6.98049E-11  6.44047E-02 SpitzerIRS 
 9.45111E+00  1.40656E-09  7.03282E-11  6.40026E-02 SpitzerIRS 
 9.51160E+00  1.40903E-09  7.04513E-11  6.35857E-02 SpitzerIRS 
 9.57208E+00  1.40943E-09  7.04717E-11  6.31839E-02 SpitzerIRS 
 9.63256E+00  1.41998E-09  7.09990E-11  6.27981E-02 SpitzerIRS 
 9.69305E+00  1.42654E-09  7.13268E-11  6.23943E-02 SpitzerIRS 
 9.75353E+00  1.42602E-09  7.13008E-11  6.20085E-02 SpitzerIRS 
 9.81401E+00  1.43841E-09  7.19204E-11  6.16370E-02 SpitzerIRS 
 9.87450E+00  1.44313E-09  7.21563E-11  6.12488E-02 SpitzerIRS 
 9.93498E+00  1.44403E-09  7.22013E-11  6.08855E-02 SpitzerIRS 
 9.99547E+00  1.43777E-09  7.18886E-11  6.05074E-02 SpitzerIRS 
 1.00559E+01  1.43195E-09  7.15976E-11  6.01435E-02 SpitzerIRS 
 1.01164E+01  1.42180E-09  7.10899E-11  5.97938E-02 SpitzerIRS 
 1.01769E+01  1.41357E-09  7.06786E-11  5.94286E-02 SpitzerIRS 
 1.02374E+01  1.39733E-09  6.98665E-11  5.90775E-02 SpitzerIRS 
 1.02979E+01  1.38634E-09  6.93172E-11  5.87402E-02 SpitzerIRS 
 1.03584E+01  1.36862E-09  6.84310E-11  5.83876E-02 SpitzerIRS 
 1.04189E+01  1.35996E-09  6.79981E-11  5.80486E-02 SpitzerIRS 
 1.04793E+01  1.35292E-09  6.76462E-11  5.77232E-02 SpitzerIRS 
 1.05398E+01  1.34309E-09  6.71543E-11  5.73824E-02 SpitzerIRS 
 1.06003E+01  1.32512E-09  6.62562E-11  5.70644E-02 SpitzerIRS 
 1.06608E+01  1.30872E-09  6.54360E-11  5.67313E-02 SpitzerIRS 
 1.07213E+01  1.29580E-09  6.47901E-11  5.64112E-02 SpitzerIRS 
 1.07818E+01  1.27830E-09  6.39151E-11  5.61041E-02 SpitzerIRS 
 1.08422E+01  1.27142E-09  6.35709E-11  5.57818E-02 SpitzerIRS 
 1.09027E+01  1.26160E-09  6.30799E-11  5.54724E-02 SpitzerIRS 
 1.09632E+01  1.25012E-09  6.25059E-11  5.51755E-02 SpitzerIRS 
 1.10237E+01  1.25409E-09  6.27045E-11  5.48637E-02 SpitzerIRS 
 1.10842E+01  1.24501E-09  6.22505E-11  5.45643E-02 SpitzerIRS 
 1.11447E+01  1.25568E-09  6.27838E-11  5.42772E-02 SpitzerIRS 
 1.12051E+01  1.29350E-09  6.46748E-11  5.39752E-02 SpitzerIRS 
 1.12656E+01  1.30168E-09  6.50839E-11  5.36943E-02 SpitzerIRS 
 1.13261E+01  1.27530E-09  6.37649E-11  5.33987E-02 SpitzerIRS 
 1.13866E+01  1.22069E-09  6.10346E-11  5.31151E-02 SpitzerIRS 
 1.14471E+01  1.17393E-09  5.86964E-11  5.28432E-02 SpitzerIRS 
 1.15076E+01  1.14486E-09  5.72428E-11  5.25568E-02 SpitzerIRS 
 1.15680E+01  1.11069E-09  5.55344E-11  5.22820E-02 SpitzerIRS 
 1.16285E+01  1.07661E-09  5.38303E-11  5.20187E-02 SpitzerIRS 
 1.16890E+01  1.04108E-09  5.20540E-11  5.17409E-02 SpitzerIRS 
 1.17495E+01  1.02020E-09  5.10102E-11  5.14746E-02 SpitzerIRS 
 1.18100E+01  9.94329E-10  4.97165E-11  5.12194E-02 SpitzerIRS 
 1.18705E+01  9.62839E-10  4.81420E-11  5.09500E-02 SpitzerIRS 
 1.19309E+01  9.56303E-10  4.78152E-11  5.07001E-02 SpitzerIRS 
 1.19914E+01  9.42209E-10  4.71104E-11  5.04360E-02 SpitzerIRS 
 1.20519E+01  9.25169E-10  4.62584E-11  5.01829E-02 SpitzerIRS 
 1.21124E+01  9.03689E-10  4.51845E-11  4.99406E-02 SpitzerIRS 
 1.21729E+01  8.87287E-10  4.43643E-11  4.96842E-02 SpitzerIRS 
 1.22334E+01  8.76999E-10  4.38499E-11  4.94386E-02 SpitzerIRS 
 1.22938E+01  8.67971E-10  4.33986E-11  4.92035E-02 SpitzerIRS 
 1.23543E+01  8.70961E-10  4.35481E-11  4.89545E-02 SpitzerIRS 
 1.24148E+01  8.63676E-10  4.31838E-11  4.87160E-02 SpitzerIRS 
 1.24753E+01  8.54745E-10  4.27372E-11  4.84879E-02 SpitzerIRS 
 1.25358E+01  8.51307E-10  4.25654E-11  4.82459E-02 SpitzerIRS 
 1.25963E+01  8.49743E-10  4.24871E-11  4.80222E-02 SpitzerIRS 
 1.26568E+01  8.48267E-10  4.24133E-11  4.77848E-02 SpitzerIRS 
 1.27172E+01  8.42458E-10  4.21229E-11  4.75575E-02 SpitzerIRS 
 1.27777E+01  8.35239E-10  4.17619E-11  4.73403E-02 SpitzerIRS 
 1.28382E+01  8.25941E-10  4.12971E-11  4.71094E-02 SpitzerIRS 
 1.28987E+01  8.15174E-10  4.07587E-11  4.68885E-02 SpitzerIRS 
 1.29592E+01  8.05137E-10  4.02568E-11  4.66774E-02 SpitzerIRS 
 1.30197E+01  7.98341E-10  3.99170E-11  4.64529E-02 SpitzerIRS 
 1.30801E+01  7.98450E-10  3.99225E-11  4.62381E-02 SpitzerIRS 
 1.31406E+01  7.95633E-10  3.97817E-11  4.60329E-02 SpitzerIRS 
 1.32011E+01  7.96536E-10  3.98268E-11  4.58151E-02 SpitzerIRS 
 1.32616E+01  7.90456E-10  3.95228E-11  4.56047E-02 SpitzerIRS 
 1.33221E+01  7.93228E-10  3.96614E-11  4.54059E-02 SpitzerIRS 
 1.33826E+01  7.86798E-10  3.93399E-11  4.51932E-02 SpitzerIRS 
 1.34430E+01  7.82333E-10  3.91166E-11  6.56467E-02 SpitzerIRS 
 1.35313E+01  7.87489E-10  3.93745E-11  4.75203E-02 SpitzerIRS 
 1.35956E+01  7.86707E-10  3.93354E-11  6.19319E-02 SpitzerIRS 
 1.36798E+01  7.91096E-10  3.95548E-11  6.40398E-02 SpitzerIRS 
 1.37674E+01  7.83778E-10  3.91889E-11  6.25580E-02 SpitzerIRS 
 1.38535E+01  7.83716E-10  3.91858E-11  6.05449E-02 SpitzerIRS 
 1.39374E+01  7.85469E-10  3.92735E-11  6.77566E-02 SpitzerIRS 
 1.40318E+01  7.88828E-10  3.94414E-11  6.06643E-02 SpitzerIRS 
 1.41169E+01  7.89368E-10  3.94684E-11  5.94675E-02 SpitzerIRS 
 1.42009E+01  7.92807E-10  3.96404E-11  6.03877E-02 SpitzerIRS 
 1.42867E+01  7.87946E-10  3.93973E-11  6.39009E-02 SpitzerIRS 
 1.43779E+01  7.91490E-10  3.95745E-11  6.15032E-02 SpitzerIRS 
 1.44664E+01  7.98203E-10  3.99101E-11  6.24103E-02 SpitzerIRS 
 1.45567E+01  8.05074E-10  4.02537E-11  6.65462E-02 SpitzerIRS 
 1.46535E+01  8.05207E-10  4.02603E-11  6.26627E-02 SpitzerIRS 
 1.47454E+01  8.05674E-10  4.02837E-11  5.11219E-02 SpitzerIRS 
 1.48207E+01  8.10343E-10  4.05171E-11  7.38999E-02 SpitzerIRS 
 1.49303E+01  8.15798E-10  4.07899E-11  6.46131E-02 SpitzerIRS 
 1.50267E+01  8.19964E-10  4.09982E-11  6.46255E-02 SpitzerIRS 
 1.51238E+01  8.31032E-10  4.15516E-11  5.45424E-02 SpitzerIRS 
 1.52063E+01  8.33328E-10  4.16664E-11  6.12982E-02 SpitzerIRS 
 1.52995E+01  8.34162E-10  4.17081E-11  5.91129E-02 SpitzerIRS 
 1.53900E+01  8.37493E-10  4.18747E-11  7.43880E-02 SpitzerIRS 
 1.55045E+01  8.44188E-10  4.22094E-11  6.01059E-02 SpitzerIRS 
 1.55977E+01  8.51167E-10  4.25583E-11  5.90858E-02 SpitzerIRS 
 1.56898E+01  8.61907E-10  4.30954E-11  6.47229E-02 SpitzerIRS 
 1.57914E+01  8.76129E-10  4.38065E-11  5.54442E-02 SpitzerIRS 
 1.58789E+01  8.76013E-10  4.38007E-11  7.52394E-02 SpitzerIRS 
 1.59984E+01  8.95381E-10  4.47691E-11  5.36342E-02 SpitzerIRS 
 1.60842E+01  9.05085E-10  4.52542E-11  6.13671E-02 SpitzerIRS 
 1.61829E+01  9.16778E-10  4.58389E-11  6.27446E-02 SpitzerIRS 
 1.62844E+01  9.30821E-10  4.65410E-11  6.68129E-02 SpitzerIRS 
 1.63932E+01  9.36312E-10  4.68156E-11  6.11838E-02 SpitzerIRS 
 1.64935E+01  9.38981E-10  4.69490E-11  5.47681E-02 SpitzerIRS 
 1.65839E+01  9.25416E-10  4.62708E-11  7.03539E-02 SpitzerIRS 
 1.67005E+01  9.23989E-10  4.61994E-11  5.87652E-02 SpitzerIRS 
 1.67987E+01  9.36428E-10  4.68214E-11  6.71654E-02 SpitzerIRS 
 1.69115E+01  9.35773E-10  4.67887E-11  5.78369E-02 SpitzerIRS 
 1.70093E+01  9.34435E-10  4.67217E-11  6.34734E-02 SpitzerIRS 
 1.71173E+01  9.42995E-10  4.71498E-11  6.71310E-02 SpitzerIRS 
 1.72322E+01  9.50716E-10  4.75358E-11  5.52321E-02 SpitzerIRS 
 1.73274E+01  9.50471E-10  4.75236E-11  7.00452E-02 SpitzerIRS 
 1.74487E+01  9.54100E-10  4.77050E-11  5.99923E-02 SpitzerIRS 
 1.75534E+01  9.63244E-10  4.81622E-11  6.25303E-02 SpitzerIRS 
 1.76632E+01  9.51707E-10  4.75853E-11  6.28256E-02 SpitzerIRS 
 1.77742E+01  9.55112E-10  4.77556E-11  5.71155E-02 SpitzerIRS 
 1.78757E+01  9.62291E-10  4.81145E-11  6.63628E-02 SpitzerIRS 
 1.79943E+01  9.62289E-10  4.81144E-11  5.91854E-02 SpitzerIRS 
 1.81008E+01  9.50928E-10  4.75464E-11  6.69412E-02 SpitzerIRS 
 1.82220E+01  9.48305E-10  4.74153E-11  6.08200E-02 SpitzerIRS 
 1.83328E+01  9.44538E-10  4.72269E-11  6.19458E-02 SpitzerIRS 
 1.84464E+01  9.54928E-10  4.77464E-11  6.82167E-02 SpitzerIRS 
 1.85722E+01  9.45548E-10  4.72774E-11  5.35650E-02 SpitzerIRS 
 1.86717E+01  9.37031E-10  4.68516E-11  6.97340E-02 SpitzerIRS 
 1.88019E+01  9.37898E-10  4.68949E-11  6.00711E-02 SpitzerIRS 
 1.89148E+01  9.34099E-10  4.67049E-11  6.16881E-02 SpitzerIRS 
 1.90315E+01  9.22399E-10  4.61200E-11  6.76541E-02 SpitzerIRS 
 1.91603E+01  9.35376E-10  4.67688E-11  4.81298E-02 SpitzerIRS 
 1.92525E+01  9.29485E-10  4.64743E-11  9.03977E-02 SpitzerIRS 
 1.94265E+01  9.18008E-10  4.59004E-11  4.86613E-02 SpitzerIRS 
 1.95211E+01  9.14442E-10  4.57221E-11  6.06238E-02 SpitzerIRS 
 1.96394E+01  8.98990E-10  4.49495E-11  6.32560E-02 SpitzerIRS 
 1.97636E+01  8.93126E-10  4.46563E-11  6.14998E-02 SpitzerIRS 
 1.98852E+01  9.01710E-10  4.50855E-11  6.07488E-02 SpitzerIRS 
 2.00060E+01  8.95846E-10  4.47923E-11  6.16051E-02 SpitzerIRS 
 2.01292E+01  8.76362E-10  4.38181E-11  6.42365E-02 SpitzerIRS 
 2.02585E+01  8.63307E-10  4.31654E-11  6.10893E-02 SpitzerIRS 
 2.03823E+01  8.52269E-10  4.26134E-11  6.08666E-02 SpitzerIRS 
 2.05063E+01  8.43459E-10  4.21730E-11  6.03774E-02 SpitzerIRS 
 2.06302E+01  8.45823E-10  4.22912E-11  6.56432E-02 SpitzerIRS 
 2.07656E+01  8.56128E-10  4.28064E-11  6.60092E-02 SpitzerIRS 
 2.09026E+01  8.36173E-10  4.18086E-11  5.86495E-02 SpitzerIRS 
 2.10252E+01  8.48282E-10  4.24141E-11  6.65828E-02 SpitzerIRS 
 2.11652E+01  8.45632E-10  4.22816E-11  5.70133E-02 SpitzerIRS 
 2.12859E+01  8.33141E-10  4.16571E-11  6.51229E-02 SpitzerIRS 
 2.14245E+01  8.20915E-10  4.10457E-11  5.97091E-02 SpitzerIRS 
 2.15524E+01  8.02460E-10  4.01230E-11  6.58505E-02 SpitzerIRS 
 2.16944E+01  8.04828E-10  4.02414E-11  5.78325E-02 SpitzerIRS 
 2.18198E+01  7.95333E-10  3.97667E-11  6.48827E-02 SpitzerIRS 
 2.19614E+01  7.89334E-10  3.94667E-11  7.52543E-02 SpitzerIRS 
 2.21267E+01  7.98468E-10  3.99234E-11  4.82454E-02 SpitzerIRS 
 2.22334E+01  8.02919E-10  4.01459E-11  6.78132E-02 SpitzerIRS 
 2.23842E+01  7.85312E-10  3.92656E-11  5.86914E-02 SpitzerIRS 
 2.25156E+01  7.71927E-10  3.85964E-11  6.52260E-02 SpitzerIRS 
 2.26624E+01  7.62014E-10  3.81007E-11  6.10910E-02 SpitzerIRS 
 2.28009E+01  7.56724E-10  3.78362E-11  6.20779E-02 SpitzerIRS 
 2.29424E+01  7.58844E-10  3.79422E-11  6.55837E-02 SpitzerIRS 
 2.30929E+01  7.60731E-10  3.80366E-11  6.28271E-02 SpitzerIRS 
 2.32380E+01  7.46855E-10  3.73427E-11  5.74379E-02 SpitzerIRS 
 2.33715E+01  7.38876E-10  3.69438E-11  6.33452E-02 SpitzerIRS 
 2.35195E+01  7.40371E-10  3.70186E-11  6.44941E-02 SpitzerIRS 
 2.36712E+01  7.30872E-10  3.65436E-11  6.35946E-02 SpitzerIRS 
 2.38217E+01  7.18331E-10  3.59165E-11  6.08793E-02 SpitzerIRS 
 2.39667E+01  7.14105E-10  3.57053E-11  5.84506E-02 SpitzerIRS 
 2.41068E+01  7.00674E-10  3.50337E-11  6.69457E-02 SpitzerIRS 
 2.42682E+01  6.99488E-10  3.49744E-11  5.74826E-02 SpitzerIRS 
 2.44077E+01  6.96416E-10  3.48208E-11  6.97882E-02 SpitzerIRS 
 2.45781E+01  6.82721E-10  3.41361E-11  5.88549E-02 SpitzerIRS 
 2.47227E+01  6.72996E-10  3.36498E-11  6.23043E-02 SpitzerIRS 
 2.48767E+01  6.66097E-10  3.33048E-11  7.08674E-02 SpitzerIRS 
 2.50530E+01  6.68555E-10  3.34277E-11  5.39376E-02 SpitzerIRS 
 2.51882E+01  6.68438E-10  3.34219E-11  6.32265E-02 SpitzerIRS 
 2.53474E+01  6.51631E-10  3.25815E-11  6.19712E-02 SpitzerIRS 
 2.55045E+01  6.50301E-10  3.25150E-11  5.99580E-02 SpitzerIRS 
 2.56574E+01  6.41985E-10  3.20993E-11  6.71860E-02 SpitzerIRS 
 2.58298E+01  6.46908E-10  3.23454E-11  6.32908E-02 SpitzerIRS 
 2.59933E+01  6.38561E-10  3.19280E-11  6.12324E-02 SpitzerIRS 
 2.61524E+01  6.24525E-10  3.12262E-11  6.64255E-02 SpitzerIRS 
 2.63262E+01  6.09477E-10  3.04738E-11  5.65377E-02 SpitzerIRS 
 2.64750E+01  6.02029E-10  3.01015E-11  5.93579E-02 SpitzerIRS 
 2.66322E+01  6.00698E-10  3.00349E-11  6.97311E-02 SpitzerIRS 
 2.68179E+01  6.03244E-10  3.01622E-11  6.10328E-02 SpitzerIRS 
 2.69815E+01  6.00920E-10  3.00460E-11  6.35768E-02 SpitzerIRS 
 2.71531E+01  5.92379E-10  2.96190E-11  5.51908E-02 SpitzerIRS 
 2.73029E+01  5.98659E-10  2.99329E-11  6.84036E-02 SpitzerIRS 
 2.74897E+01  6.03444E-10  3.01722E-11  6.21243E-02 SpitzerIRS 
 2.76605E+01  5.93466E-10  2.96733E-11  6.20065E-02 SpitzerIRS 
 2.78320E+01  5.82663E-10  2.91332E-11  6.24080E-02 SpitzerIRS 
 2.80057E+01  5.72717E-10  2.86358E-11  6.10912E-02 SpitzerIRS 
 2.81768E+01  5.63350E-10  2.81675E-11  6.30856E-02 SpitzerIRS 
 2.83545E+01  5.52159E-10  2.76080E-11  6.19308E-02 SpitzerIRS 
 2.85301E+01  5.45195E-10  2.72597E-11  6.72121E-02 SpitzerIRS 
 2.87219E+01  5.34117E-10  2.67059E-11  6.13274E-02 SpitzerIRS 
 2.88980E+01  5.39650E-10  2.69825E-11  5.91649E-02 SpitzerIRS 
 2.90690E+01  5.32838E-10  2.66419E-11  6.66837E-02 SpitzerIRS 
 2.92629E+01  5.35211E-10  2.67606E-11  5.46314E-02 SpitzerIRS 
 2.94227E+01  5.27296E-10  2.63648E-11  6.87859E-02 SpitzerIRS 
 2.96251E+01  5.25794E-10  2.62897E-11  5.81260E-02 SpitzerIRS 
 2.97973E+01  5.20074E-10  2.60037E-11  7.19820E-02 SpitzerIRS 
 3.00118E+01  5.08524E-10  2.54262E-11  4.97654E-02 SpitzerIRS 
 3.01612E+01  5.04754E-10  2.52377E-11  7.27210E-02 SpitzerIRS 
 3.03805E+01  5.01849E-10  2.50925E-11  6.04210E-02 SpitzerIRS 
 3.05641E+01  4.96933E-10  2.48466E-11  5.85727E-02 SpitzerIRS 
 3.07431E+01  4.63842E-10  2.31921E-11  6.87368E-02 SpitzerIRS 
 3.09544E+01  4.75752E-10  2.37876E-11  6.42319E-02 SpitzerIRS 
 3.11532E+01  4.80857E-10  2.40428E-11  5.48592E-02 SpitzerIRS 
 3.13241E+01  4.57159E-10  2.28580E-11  5.85654E-02 SpitzerIRS 
 3.15076E+01  4.66861E-10  2.33430E-11  6.82953E-02 SpitzerIRS 
 3.17228E+01  4.65218E-10  2.32609E-11  6.29712E-02 SpitzerIRS 
 3.19225E+01  4.69120E-10  2.34560E-11  5.92964E-02 SpitzerIRS 
 3.21118E+01  4.67777E-10  2.33888E-11  6.50932E-02 SpitzerIRS 
 3.23208E+01  4.67721E-10  2.33861E-11  6.30154E-02 SpitzerIRS 
 3.25245E+01  4.72144E-10  2.36072E-11  6.20317E-02 SpitzerIRS 
 3.27263E+01  4.67723E-10  2.33862E-11  6.07824E-02 SpitzerIRS 
 3.29252E+01  4.58411E-10  2.29205E-11  6.10047E-02 SpitzerIRS 
 3.31260E+01  4.46012E-10  2.23006E-11  6.43959E-02 SpitzerIRS 
 3.33394E+01  4.42280E-10  2.21140E-11  6.00225E-02 SpitzerIRS 
 3.35395E+01  4.44508E-10  2.22254E-11  6.82572E-02 SpitzerIRS 
 3.37684E+01  4.42205E-10  2.21102E-11  6.24075E-02 SpitzerIRS 
 3.39791E+01  4.34056E-10  2.17028E-11  6.16979E-02 SpitzerIRS 
 3.41888E+01  4.45775E-10  2.22887E-11  6.18975E-02 SpitzerIRS 
 3.44004E+01  4.31544E-10  2.15772E-11  6.32990E-02 SpitzerIRS 
 3.46181E+01  4.30793E-10  2.15397E-11  5.94980E-02 SpitzerIRS 
 3.48241E+01  4.26330E-10  2.13165E-11  6.49702E-02 SpitzerIRS 
 3.50504E+01  4.20293E-10  2.10147E-11  5.90330E-02 SpitzerIRS 
 3.52573E+01  4.10381E-10  2.05190E-11  6.77568E-02 SpitzerIRS 
 3.54962E+01  3.91162E-10  1.95581E-11  5.71631E-02 SpitzerIRS 
 3.56991E+01  4.06921E-10  2.03460E-11  7.35753E-02 SpitzerIRS 
 3.59617E+01  4.27170E-10  2.13585E-11  4.95007E-02 SpitzerIRS 
 3.61398E+01  3.92839E-10  1.96420E-11  6.46529E-02 SpitzerIRS 
 3.63734E+01  4.04016E-10  2.02008E-11  6.97237E-02 SpitzerIRS 
 3.66270E+01  4.02778E-10  2.01389E-11  6.92410E-02 SpitzerIRS 
 2.39225E+00  2.59858E-09  2.67732E-10  1.00000E-01 ISOspec 
 2.41617E+00  2.84599E-09  1.98270E-10  1.00000E-01 ISOspec 
 2.44033E+00  2.97215E-09  1.50729E-10  1.00000E-01 ISOspec 
 2.46473E+00  2.88671E-09  1.67982E-10  9.99999E-02 ISOspec 
 2.48938E+00  2.88117E-09  1.44059E-10  1.00000E-01 ISOspec 
 2.51427E+00  2.84144E-09  1.57737E-10  9.99998E-02 ISOspec 
 2.53942E+00  2.74944E-09  1.73240E-10  1.00000E-01 ISOspec 
 2.56481E+00  2.70497E-09  1.91810E-10  1.00000E-01 ISOspec 
 2.59046E+00  2.78893E-09  1.53737E-10  1.00000E-01 ISOspec 
 2.61636E+00  2.68154E-09  1.34077E-10  1.00000E-01 ISOspec 
 2.64253E+00  2.72993E-09  1.36497E-10  9.99997E-02 ISOspec 
 2.66895E+00  2.58093E-09  1.29047E-10  1.00000E-01 ISOspec 
 2.69564E+00  2.59689E-09  1.29845E-10  9.99999E-02 ISOspec 
 2.72260E+00  2.59585E-09  1.29792E-10  1.00000E-01 ISOspec 
 2.74982E+00  2.50085E-09  1.25043E-10  9.99998E-02 ISOspec 
 2.77732E+00  2.52808E-09  1.40607E-10  9.99999E-02 ISOspec 
 2.80510E+00  2.42822E-09  1.21411E-10  1.00000E-01 ISOspec 
 2.83315E+00  2.48338E-09  1.24169E-10  1.00000E-01 ISOspec 
 2.86148E+00  2.48252E-09  1.24126E-10  1.00000E-01 ISOspec 
 2.89009E+00  2.49818E-09  1.24909E-10  9.99999E-02 ISOspec 
 2.91899E+00  2.46295E-09  1.23147E-10  9.99998E-02 ISOspec 
 2.94818E+00  2.40442E-09  1.20221E-10  1.00000E-01 ISOspec 
 2.97767E+00  2.47025E-09  1.23512E-10  9.99998E-02 ISOspec 
 3.00744E+00  2.56212E-09  1.28106E-10  1.00000E-01 ISOspec 
 3.03752E+00  2.53413E-09  1.26707E-10  1.00000E-01 ISOspec 
 3.06789E+00  2.47860E-09  1.23930E-10  9.99999E-02 ISOspec 
 3.09857E+00  2.50635E-09  1.25317E-10  1.00000E-01 ISOspec 
 3.12956E+00  2.40260E-09  1.20130E-10  1.00000E-01 ISOspec 
 3.16085E+00  2.37591E-09  1.18796E-10  9.99999E-02 ISOspec 
 3.19246E+00  2.42345E-09  1.21173E-10  1.00000E-01 ISOspec 
 3.22439E+00  2.38432E-09  1.19216E-10  1.00000E-01 ISOspec 
 3.25663E+00  2.41370E-09  1.20685E-10  1.00000E-01 ISOspec 
 3.28920E+00  2.48304E-09  1.24152E-10  9.99998E-02 ISOspec 
 3.32209E+00  2.33403E-09  1.16701E-10  1.00000E-01 ISOspec 
 3.35531E+00  2.20955E-09  1.10478E-10  1.00000E-01 ISOspec 
 3.38886E+00  2.23597E-09  1.11799E-10  9.99999E-02 ISOspec 
 3.42275E+00  2.20655E-09  1.10328E-10  1.00000E-01 ISOspec 
 3.45698E+00  2.17270E-09  1.10253E-10  1.00000E-01 ISOspec 
 3.49155E+00  2.12866E-09  1.06433E-10  1.00000E-01 ISOspec 
 3.52646E+00  2.10394E-09  1.15523E-10  9.99999E-02 ISOspec 
 3.56173E+00  2.07472E-09  1.26899E-10  1.00000E-01 ISOspec 
 3.59735E+00  2.03568E-09  1.10417E-10  9.99999E-02 ISOspec 
 3.63332E+00  2.02629E-09  1.01314E-10  1.00000E-01 ISOspec 
 3.66965E+00  1.98215E-09  9.91076E-11  1.00000E-01 ISOspec 
 3.70635E+00  1.96656E-09  9.83281E-11  1.00000E-01 ISOspec 
 3.74341E+00  1.93540E-09  9.67701E-11  1.00000E-01 ISOspec 
 3.78085E+00  1.86262E-09  9.31308E-11  1.00000E-01 ISOspec 
 3.81865E+00  1.86249E-09  9.31243E-11  9.99999E-02 ISOspec 
 3.85684E+00  1.84046E-09  9.20230E-11  1.00000E-01 ISOspec 
 3.89541E+00  1.83085E-09  9.15427E-11  1.00000E-01 ISOspec 
 3.93436E+00  1.80901E-09  9.04505E-11  1.00000E-01 ISOspec 
 3.97371E+00  1.82585E-09  9.12923E-11  9.99998E-02 ISOspec 
 4.01344E+00  1.77553E-09  8.87763E-11  1.00000E-01 ISOspec 
 4.05358E+00  1.77600E-09  8.88002E-11  9.90100E-02 ISOspec 
 9.02250E-02  9.62620E-12  2.92792E-12  1.56209E-01 <UV> 
 9.16344E-02  9.77684E-13  2.41646E-13  1.45295E-01 <UV> 
 9.29658E-02  2.44028E-12  5.21458E-13  4.99969E-02 <UV> 
 9.34306E-02  7.92732E-12  5.96572E-13  5.00050E-02 <UV> 
 9.38978E-02  5.66627E-12  6.12603E-13  5.00012E-02 <UV> 
 9.43673E-02  8.67498E-12  6.40488E-13  4.99961E-02 <UV> 
 9.48391E-02  5.22561E-12  6.77768E-13  5.00005E-02 <UV> 
 9.53133E-02  8.72466E-12  6.79733E-13  5.00035E-02 <UV> 
 9.57899E-02  1.03162E-11  6.95332E-13  4.99948E-02 <UV> 
 9.62688E-02  9.08188E-12  7.21576E-13  5.00058E-02 <UV> 
 9.67502E-02  9.59717E-12  7.38396E-13  4.99947E-02 <UV> 
 9.72339E-02  1.80056E-11  9.00279E-13  5.00031E-02 <UV> 
 9.77201E-02  1.42233E-11  8.67655E-13  4.99999E-02 <UV> 
 9.82087E-02  8.40714E-12  1.03023E-12  4.99956E-02 <UV> 
 9.86997E-02  9.27270E-12  1.01936E-12  5.00002E-02 <UV> 
 9.91932E-02  1.19932E-11  1.16661E-12  5.00034E-02 <UV> 
 9.96892E-02  1.51575E-11  1.18961E-12  4.99954E-02 <UV> 
 1.00188E-01  1.00510E-11  8.66090E-13  5.00062E-02 <UV> 
 1.00689E-01  1.18701E-11  7.33761E-13  4.99957E-02 <UV> 
 1.01192E-01  8.63009E-12  5.83868E-13  5.00040E-02 <UV> 
 1.01698E-01  1.55380E-11  7.89976E-13  5.00010E-02 <UV> 
 1.02207E-01  1.22330E-11  7.37610E-13  4.99968E-02 <UV> 
 1.02718E-01  8.86346E-11  4.43173E-12  5.00012E-02 <UV> 
 1.03231E-01  2.00262E-11  1.00131E-12  5.00043E-02 <UV> 
 1.03747E-01  1.45750E-11  7.28752E-13  4.99965E-02 <UV> 
 1.04266E-01  2.35835E-11  1.17918E-12  4.99971E-02 <UV> 
 1.04787E-01  2.00032E-11  1.00016E-12  5.00061E-02 <UV> 
 1.05311E-01  2.16057E-11  1.08028E-12  4.99946E-02 <UV> 
 1.05838E-01  1.96142E-11  9.80709E-13  5.00010E-02 <UV> 
 1.06367E-01  9.48094E-12  7.82260E-13  4.99967E-02 <UV> 
 1.06899E-01  1.60729E-11  8.21991E-13  5.00006E-02 <UV> 
 1.07433E-01  1.74431E-11  9.03420E-13  5.00031E-02 <UV> 
 1.07970E-01  1.45763E-11  1.00327E-12  5.00044E-02 <UV> 
 1.08510E-01  1.19224E-11  1.13960E-12  4.99952E-02 <UV> 
 1.09053E-01  8.06369E-12  9.01547E-13  5.00033E-02 <UV> 
 1.09598E-01  1.26509E-11  7.63241E-13  5.00008E-02 <UV> 
 1.10146E-01  1.57037E-11  8.80724E-13  4.99972E-02 <UV> 
 1.10697E-01  1.79662E-11  8.98311E-13  5.00014E-02 <UV> 
 1.11250E-01  1.75679E-11  8.78394E-13  4.99953E-02 <UV> 
 1.11807E-01  1.86664E-11  9.33322E-13  5.00060E-02 <UV> 
 1.12366E-01  1.65316E-11  8.26579E-13  4.99975E-02 <UV> 
 1.12928E-01  1.49352E-11  7.46761E-13  4.99967E-02 <UV> 
 1.13492E-01  1.82508E-11  9.12539E-13  5.00035E-02 <UV> 
 1.14060E-01  1.65478E-11  8.27388E-13  5.00002E-02 <UV> 
 1.14630E-01  1.90852E-11  9.54260E-13  4.99957E-02 <UV> 
 1.15203E-01  1.87122E-11  9.35610E-13  4.99987E-02 <UV> 
 1.15779E-01  1.71524E-11  8.57621E-13  5.00004E-02 <UV> 
 1.16358E-01  1.98127E-11  9.90636E-13  5.00009E-02 <UV> 
 1.16940E-01  1.82266E-11  9.11329E-13  5.00001E-02 <UV> 
 1.17524E-01  1.53899E-11  7.69497E-13  5.00066E-02 <UV> 
 1.18112E-01  1.69624E-11  8.48122E-13  4.99949E-02 <UV> 
 1.18703E-01  1.97659E-11  9.88294E-13  1.34117E-01 <UV> 
 1.20295E-01  1.31423E-11  3.85189E-12  6.64951E-02 <UV> 
 1.21094E-01  1.48554E-10  4.45656E-11  5.00023E-02 <UV> 
 1.21700E-01  2.30366E-10  3.20401E-11  1.72769E-01 <UV> 
 1.23803E-01  3.91990E-12  9.73529E-13  2.09818E-01 <UV> 
 1.26400E-01  3.18446E-12  8.36190E-13  1.45190E-01 <UV> 
 1.28235E-01  3.73059E-12  1.11983E-12  7.57045E-02 <UV> 
 1.29206E-01  5.85351E-12  1.61733E-12  7.46249E-02 <UV> 
 1.30170E-01  4.90645E-12  1.09154E-12  1.62971E-01 <UV> 
 1.32292E-01  4.57997E-12  8.34506E-13  1.89808E-01 <UV> 
 1.34803E-01  4.35520E-12  1.13760E-12  9.94786E-02 <UV> 
 1.36144E-01  4.33460E-12  1.15793E-12  1.23884E-01 <UV> 
 1.37830E-01  3.25630E-12  9.84499E-13  1.50366E-01 <UV> 
 1.39903E-01  4.08677E-12  1.10410E-12  3.21895E-01 <UV> 
 1.44406E-01  2.25167E-12  6.77754E-13  3.12639E-01 <UV> 
 1.48921E-01  6.73802E-12  1.62622E-12  1.56687E-01 <UV> 
 1.51254E-01  5.16798E-12  1.48990E-12  1.60551E-01 <UV> 
 1.53683E-01  8.51324E-12  1.50721E-12  1.35903E-01 <UV> 
 1.55771E-01  1.02144E-11  1.71778E-12  7.56236E-02 <UV> 
 1.56949E-01  1.16281E-11  2.46067E-12  7.62666E-02 <UV> 
 1.58146E-01  8.98683E-12  1.69990E-12  7.39252E-02 <UV> 
 1.59315E-01  9.03555E-12  2.41596E-12  4.99951E-02 <UV> 
 1.60112E-01  9.48731E-12  2.25294E-12  5.00025E-02 <UV> 
 1.60913E-01  1.18741E-11  2.21316E-12  5.00023E-02 <UV> 
 1.61717E-01  1.24795E-11  2.19450E-12  4.99947E-02 <UV> 
 1.62526E-01  1.29795E-11  2.16229E-12  5.00044E-02 <UV> 
 1.63338E-01  1.18483E-11  2.13302E-12  5.00005E-02 <UV> 
 1.64155E-01  1.67226E-11  2.11376E-12  4.99954E-02 <UV> 
 1.64976E-01  1.76572E-11  2.04667E-12  5.00013E-02 <UV> 
 1.65801E-01  1.56147E-11  2.88513E-12  4.99998E-02 <UV> 
 1.66630E-01  3.22695E-11  2.88231E-12  5.00031E-02 <UV> 
 1.67463E-01  2.43806E-11  1.93443E-12  4.99991E-02 <UV> 
 1.68300E-01  3.04149E-11  5.77307E-12  4.99999E-02 <UV> 
 1.69142E-01  3.59326E-11  5.18627E-12  4.99995E-02 <UV> 
 1.69987E-01  5.47385E-11  2.73692E-12  4.99978E-02 <UV> 
 1.70837E-01  9.05023E-11  4.52511E-12  5.00008E-02 <UV> 
 1.71691E-01  9.93081E-11  4.96540E-12  5.00025E-02 <UV> 
 1.72550E-01  1.10225E-10  5.51125E-12  4.99971E-02 <UV> 
 1.73413E-01  1.19201E-10  5.96007E-12  5.00021E-02 <UV> 
 1.74280E-01  1.13828E-10  5.69142E-12  5.00001E-02 <UV> 
 1.75151E-01  1.65095E-10  8.25474E-12  5.00025E-02 <UV> 
 1.76027E-01  1.42111E-10  7.10555E-12  4.99980E-02 <UV> 
 1.76907E-01  1.41368E-10  7.06841E-12  4.99980E-02 <UV> 
 1.77792E-01  1.85454E-10  9.27272E-12  5.00024E-02 <UV> 
 1.78681E-01  1.76099E-10  8.80493E-12  4.99998E-02 <UV> 
 1.79574E-01  2.12327E-10  1.06163E-11  5.00017E-02 <UV> 
 1.80472E-01  1.78245E-10  8.91227E-12  4.99967E-02 <UV> 
 1.81374E-01  1.87173E-10  9.35864E-12  5.00016E-02 <UV> 
 1.82281E-01  1.86964E-10  9.34820E-12  4.99997E-02 <UV> 
 1.83193E-01  1.85363E-10  9.26817E-12  5.00020E-02 <UV> 
 1.84109E-01  1.50384E-10  7.51918E-12  4.99977E-02 <UV> 
 1.85029E-01  1.27879E-10  6.39393E-12  4.99976E-02 <UV> 
 1.85954E-01  1.51027E-10  7.55134E-12  5.00016E-02 <UV> 
 1.86884E-01  1.70264E-10  8.51321E-12  4.99990E-02 <UV> 
 1.87818E-01  1.82252E-10  9.11259E-12  5.00005E-02 <UV> 
 1.88757E-01  1.80820E-10  9.04098E-12  5.00007E-02 <UV> 
 1.89701E-01  1.72534E-10  8.62672E-12  4.99997E-02 <UV> 
 1.90650E-01  1.74977E-10  8.74885E-12  5.00027E-02 <UV> 
 1.91603E-01  1.86039E-10  9.30196E-12  4.99992E-02 <UV> 
 1.92561E-01  2.11576E-10  2.52110E-11  4.99997E-02 <UV> 
 1.93524E-01  1.58421E-10  7.92105E-12  4.99990E-02 <UV> 
 1.94491E-01  1.92572E-10  9.62862E-12  5.00022E-02 <UV> 
 1.95464E-01  1.86226E-10  9.31132E-12  4.99990E-02 <UV> 
 1.96441E-01  1.85139E-10  9.25695E-12  4.99997E-02 <UV> 
 1.97423E-01  1.85342E-10  9.26712E-12  6.72362E-02 <UV> 
 1.98751E-01  1.16802E-10  3.33784E-11  8.29582E-02 <UV> 
 2.00400E-01  2.33780E-10  6.17235E-11  5.00001E-02 <UV> 
 2.01402E-01  1.32291E-10  3.12992E-11  8.67818E-02 <UV> 
 2.03149E-01  1.10579E-10  2.36803E-11  6.34164E-02 <UV> 
 2.04438E-01  1.49898E-10  2.88594E-11  5.00006E-02 <UV> 
 2.05460E-01  1.70279E-10  3.26572E-11  5.00000E-02 <UV> 
 2.06487E-01  1.31778E-10  2.56498E-11  4.99983E-02 <UV> 
 2.07520E-01  1.27901E-10  2.42443E-11  5.00001E-02 <UV> 
 2.08557E-01  1.17865E-10  2.26904E-11  5.00007E-02 <UV> 
 2.09600E-01  1.56330E-10  2.52501E-11  5.00000E-02 <UV> 
 2.10648E-01  1.46691E-10  2.57010E-11  7.53057E-02 <UV> 
 2.12234E-01  8.82470E-11  2.17852E-11  7.48842E-02 <UV> 
 2.13824E-01  1.02844E-10  2.22426E-11  4.99992E-02 <UV> 
 2.14893E-01  1.03868E-10  2.23897E-11  5.00017E-02 <UV> 
 2.15967E-01  1.06258E-10  2.13306E-11  4.99983E-02 <UV> 
 2.17047E-01  9.19654E-11  2.72064E-11  4.99984E-02 <UV> 
 2.18132E-01  8.53346E-11  2.03572E-11  5.00018E-02 <UV> 
 2.19223E-01  1.06925E-10  2.03974E-11  4.99993E-02 <UV> 
 2.20319E-01  1.12159E-10  1.95464E-11  5.00002E-02 <UV> 
 2.21421E-01  7.27566E-11  1.82288E-11  4.99999E-02 <UV> 
 2.22528E-01  1.33736E-10  1.94722E-11  4.99983E-02 <UV> 
 2.23640E-01  1.27123E-10  1.94532E-11  4.99999E-02 <UV> 
 2.24759E-01  8.17620E-11  1.69885E-11  5.00003E-02 <UV> 
 2.25882E-01  9.69717E-11  1.68167E-11  4.99995E-02 <UV> 
 2.27012E-01  1.08095E-10  1.62550E-11  5.00018E-02 <UV> 
 2.28147E-01  1.12696E-10  1.98992E-11  4.99985E-02 <UV> 
 2.29288E-01  1.40282E-10  1.58500E-11  5.00027E-02 <UV> 
 2.30434E-01  1.33881E-10  1.51700E-11  4.99970E-02 <UV> 
 2.31586E-01  1.19079E-10  1.30623E-11  5.00030E-02 <UV> 
 2.32744E-01  1.02535E-10  1.24696E-11  4.99991E-02 <UV> 
 2.33908E-01  9.42658E-11  1.11162E-11  4.99983E-02 <UV> 
 2.35077E-01  9.89527E-11  1.06248E-11  5.00006E-02 <UV> 
 2.36253E-01  9.76995E-11  9.82440E-12  5.00015E-02 <UV> 
 2.37434E-01  1.04567E-10  9.71385E-12  4.99971E-02 <UV> 
 2.38621E-01  9.79373E-11  9.27802E-12  5.00040E-02 <UV> 
 2.39814E-01  1.04911E-10  9.03745E-12  4.99970E-02 <UV> 
 2.41013E-01  1.05122E-10  8.53744E-12  5.00014E-02 <UV> 
 2.42218E-01  1.33398E-10  8.86752E-12  5.00003E-02 <UV> 
 2.43430E-01  1.47623E-10  8.46743E-12  4.99980E-02 <UV> 
 2.44647E-01  1.48144E-10  8.61058E-12  5.00027E-02 <UV> 
 2.45870E-01  1.62767E-10  8.57265E-12  4.99980E-02 <UV> 
 2.47099E-01  1.55079E-10  9.74873E-12  5.00002E-02 <UV> 
 2.48335E-01  1.49832E-10  7.49160E-12  5.00011E-02 <UV> 
 2.49576E-01  1.85789E-10  9.28945E-12  5.00007E-02 <UV> 
 2.50824E-01  1.84646E-10  9.23229E-12  4.99991E-02 <UV> 
 2.52078E-01  1.29962E-10  6.49808E-12  5.00003E-02 <UV> 
 2.53339E-01  1.21071E-10  6.05353E-12  5.00002E-02 <UV> 
 2.54605E-01  1.34342E-10  6.71708E-12  4.99989E-02 <UV> 
 2.55879E-01  1.67962E-10  8.39812E-12  5.00003E-02 <UV> 
 2.57158E-01  1.91126E-10  9.55631E-12  5.00004E-02 <UV> 
 2.58444E-01  1.82606E-10  9.13030E-12  4.99993E-02 <UV> 
 2.59736E-01  1.90341E-10  9.51707E-12  5.00008E-02 <UV> 
 2.61035E-01  1.65742E-10  8.28710E-12  5.00010E-02 <UV> 
 2.62340E-01  1.95880E-10  9.79398E-12  5.00000E-02 <UV> 
 2.63651E-01  2.36880E-10  1.18440E-11  4.99978E-02 <UV> 
 2.64970E-01  4.31487E-10  2.15744E-11  5.00019E-02 <UV> 
 2.66295E-01  2.86562E-10  1.43281E-11  4.99973E-02 <UV> 
 2.67626E-01  2.89788E-10  1.44894E-11  5.00026E-02 <UV> 
 2.68964E-01  2.91834E-10  1.45917E-11  4.99992E-02 <UV> 
 2.70309E-01  2.87982E-10  1.43991E-11  4.99983E-02 <UV> 
 2.71661E-01  3.02187E-10  1.51093E-11  4.99999E-02 <UV> 
 2.73019E-01  3.01473E-10  1.50736E-11  5.00002E-02 <UV> 
 2.74384E-01  2.50104E-10  1.25052E-11  4.99993E-02 <UV> 
 2.75756E-01  2.80314E-10  1.40157E-11  5.00008E-02 <UV> 
 2.77135E-01  3.34945E-10  1.67472E-11  5.00010E-02 <UV> 
 2.78520E-01  2.97387E-10  1.48694E-11  4.99999E-02 <UV> 
 2.79913E-01  2.46647E-10  1.23324E-11  5.00013E-02 <UV> 
 2.81313E-01  4.08370E-10  2.04185E-11  4.99978E-02 <UV> 
 2.82719E-01  4.36682E-10  2.18341E-11  5.00002E-02 <UV> 
 2.84133E-01  4.10626E-10  2.05313E-11  5.00013E-02 <UV> 
 2.85553E-01  4.02893E-10  2.01446E-11  4.99977E-02 <UV> 
 2.86981E-01  4.02841E-10  2.01420E-11  5.00033E-02 <UV> 
 2.88416E-01  4.77862E-10  2.38931E-11  4.99972E-02 <UV> 
 2.89858E-01  5.17176E-10  2.58588E-11  5.00003E-02 <UV> 
 2.91307E-01  5.93702E-10  2.96851E-11  5.00022E-02 <UV> 
 2.92764E-01  5.59510E-10  2.79755E-11  4.99993E-02 <UV> 
 2.94228E-01  5.63487E-10  2.81744E-11  4.99987E-02 <UV> 
 2.95699E-01  6.44369E-10  3.22185E-11  5.00002E-02 <UV> 
 2.97177E-01  5.94158E-10  2.97079E-11  5.00005E-02 <UV> 
 2.98663E-01  6.15733E-10  3.07867E-11  4.99995E-02 <UV> 
 3.00156E-01  6.76829E-10  3.38414E-11  5.00006E-02 <UV> 
 3.01657E-01  6.75718E-10  3.37859E-11  5.00004E-02 <UV> 
 3.03166E-01  7.34967E-10  3.67484E-11  4.99991E-02 <UV> 
 3.04681E-01  7.41393E-10  3.70697E-11  4.99998E-02 <UV> 
 3.06205E-01  8.32684E-10  4.16342E-11  4.99992E-02 <UV> 
 3.07736E-01  8.10595E-10  4.05297E-11  5.00007E-02 <UV> 
 3.09275E-01  7.54531E-10  3.77265E-11  5.00009E-02 <UV> 
 3.10821E-01  8.35679E-10  4.17840E-11  4.99999E-02 <UV> 
 3.12375E-01  8.24923E-10  4.12462E-11  5.00008E-02 <UV> 
 3.13937E-01  8.40020E-10  4.20010E-11  5.00005E-02 <UV> 
 3.15507E-01  8.37254E-10  4.18627E-11  4.97517E-02 <UV> 
