 1.53000E-01  1.99862E-12  9.99308E-14  1.00000E+00 GALEX.FUV 
 2.12000E-01  3.83225E-12  1.91613E-13  1.00000E+00 XMM_UVW2 
 2.12000E-01  2.89894E-12  1.44947E-13  1.00000E+00 XMM_UVW2 
 2.12000E-01  3.84639E-12  1.92320E-13  1.00000E+00 XMM_UVW2 
 2.12000E-01  4.55345E-12  2.27673E-13  1.00000E+00 XMM_UVW2 
 2.12000E-01  2.88480E-12  1.44240E-13  1.00000E+00 XMM_UVW2 
 3.51600E-01  3.09095E-11  3.24536E-12  1.00000E+00 SDSS.U 
 4.67700E-01  8.79250E-11  4.39625E-12  1.00000E+00 SDSS.G 
 5.49300E-01  1.45366E-10  2.95890E-11  1.00000E+00 JOHNSON.V 
 6.16800E-01  2.48038E-10  1.24019E-11  1.00000E+00 SDSS.R 
 7.49600E-01  3.98537E-10  1.99268E-11  1.00000E+00 SDSS.I 
 7.87500E-01  3.93328E-10  7.42648E-11  1.00000E+00 COUSINS.I 
 8.97000E-01  4.60985E-10  2.30493E-11  1.00000E+00 SDSS.Z 
 1.23930E+00  6.37395E-10  3.18697E-11  1.00000E+00 2MASS.J 
 1.64950E+00  7.20574E-10  3.60287E-11  1.00000E+00 2MASS.H 
 2.16390E+00  5.59421E-10  2.79711E-11  1.00000E+00 2MASS.KS 
 3.36820E+00  2.96001E-10  1.48000E-11  1.00000E+00 WISE.W1 
 3.60000E+00  2.99792E-10  1.49896E-11  1.00000E+00 IRAC.36 
 4.50000E+00  2.39834E-10  1.19917E-11  1.00000E+00 IRAC.45 
 4.61790E+00  2.20883E-10  1.10441E-11  1.00000E+00 WISE.W2 
 5.80000E+00  1.70572E-10  8.52858E-12  1.00000E+00 IRAC.58 
 8.00000E+00  1.38654E-10  6.93270E-12  1.00000E+00 IRAC.80 
 9.09950E+00  1.23712E-10  6.18562E-12  1.00000E+00 AKARI.S9W 
 1.14099E+01  9.98441E-11  7.98753E-12  1.00000E+00 IRAS.F12 
 1.20730E+01  1.09078E-10  5.45390E-12  1.00000E+00 WISE.W3 
 2.40000E+01  6.74533E-11  3.37267E-12  1.00000E+00 MIPS.24 
 6.31800E+01  4.03330E-11  2.01665E-12  1.00000E+00 generic 
 7.00000E+01  3.76882E-11  3.42620E-12  1.00000E+00 MIPS.70 
 7.28400E+01  3.49840E-11  1.74920E-12  1.00000E+00 generic 
 7.87400E+01  3.12204E-11  1.56102E-12  1.00000E+00 generic 
 9.01600E+01  2.95935E-11  1.47968E-12  1.00000E+00 generic 
 1.00000E+02  3.09086E-11  1.54543E-12  1.00000E+00 PACS.100 
 1.45530E+02  2.03940E-11  1.01970E-12  1.00000E+00 generic 
 1.57740E+02  2.24265E-11  1.12132E-12  1.00000E+00 generic 
 1.60000E+02  2.27280E-11  1.13640E-12  1.00000E+00 PACS.160 
 1.79530E+02  1.87026E-11  9.35129E-13  1.00000E+00 generic 
 2.50000E+02  1.32388E-11  6.61942E-13  1.00000E+00 SPIRE.250 
 3.50000E+02  7.86313E-12  3.93156E-13  1.00000E+00 SPIRE.350 
 5.00000E+02  3.74141E-12  2.27842E-13  1.00000E+00 SPIRE.500 
 8.50000E+02  5.07884E-13  5.07884E-14  1.00000E+00 generic 
 8.90000E+02  4.68215E-13  2.69476E-14  1.00000E+00 generic 
 1.30000E+03  2.02936E-13  2.02936E-14  1.00000E+00 generic 
 1.30000E+03  1.49896E-13  9.22438E-15  1.00000E+00 generic 
 2.00000E+03  3.29772E-14  3.29772E-15  1.00000E+00 generic 
 5.18700E+00  2.13698E-10  1.06849E-11  5.82225E-02 SpitzerIRS 
 5.21720E+00  2.08870E-10  1.04435E-11  5.80771E-02 SpitzerIRS 
 5.24750E+00  2.00151E-10  1.00076E-11  5.75512E-02 SpitzerIRS 
 5.27770E+00  2.02068E-10  1.01034E-11  5.74114E-02 SpitzerIRS 
 5.30800E+00  1.97537E-10  9.87683E-12  5.68953E-02 SpitzerIRS 
 5.33820E+00  2.00142E-10  1.00071E-11  5.67607E-02 SpitzerIRS 
 5.36850E+00  2.01933E-10  1.00967E-11  5.62541E-02 SpitzerIRS 
 5.39870E+00  2.00021E-10  1.00010E-11  5.59394E-02 SpitzerIRS 
 5.42890E+00  1.96285E-10  9.81426E-12  5.58124E-02 SpitzerIRS 
 5.45920E+00  1.90363E-10  9.51816E-12  5.53195E-02 SpitzerIRS 
 5.48940E+00  1.89070E-10  9.45351E-12  5.51973E-02 SpitzerIRS 
 5.51970E+00  1.93947E-10  9.69735E-12  5.47131E-02 SpitzerIRS 
 5.54990E+00  1.88835E-10  9.44174E-12  5.45956E-02 SpitzerIRS 
 5.58020E+00  1.87439E-10  9.37194E-12  5.41199E-02 SpitzerIRS 
 5.61040E+00  1.86280E-10  9.31401E-12  5.38286E-02 SpitzerIRS 
 5.64060E+00  1.84480E-10  9.22402E-12  5.37177E-02 SpitzerIRS 
 5.67090E+00  1.83304E-10  9.16522E-12  5.32543E-02 SpitzerIRS 
 5.70110E+00  1.83690E-10  9.18450E-12  5.31476E-02 SpitzerIRS 
 5.73140E+00  1.80512E-10  9.02558E-12  5.26922E-02 SpitzerIRS 
 5.76160E+00  1.82089E-10  9.10445E-12  5.24160E-02 SpitzerIRS 
 5.79180E+00  1.80813E-10  9.04067E-12  5.23153E-02 SpitzerIRS 
 5.82210E+00  1.79934E-10  8.99671E-12  5.18713E-02 SpitzerIRS 
 5.85230E+00  1.77991E-10  8.89957E-12  5.17745E-02 SpitzerIRS 
 5.88260E+00  1.77538E-10  8.87692E-12  5.13378E-02 SpitzerIRS 
 5.91280E+00  1.71688E-10  8.58440E-12  5.10756E-02 SpitzerIRS 
 5.94300E+00  1.73070E-10  8.65352E-12  5.09844E-02 SpitzerIRS 
 5.97330E+00  1.69638E-10  8.48190E-12  5.05583E-02 SpitzerIRS 
 6.00350E+00  1.70008E-10  8.50040E-12  5.04706E-02 SpitzerIRS 
 6.03380E+00  1.70560E-10  8.52802E-12  5.00514E-02 SpitzerIRS 
 6.06400E+00  1.70863E-10  8.54315E-12  4.99670E-02 SpitzerIRS 
 6.09430E+00  1.68887E-10  8.44435E-12  4.95545E-02 SpitzerIRS 
 6.12450E+00  1.63433E-10  8.17166E-12  4.93101E-02 SpitzerIRS 
 6.15470E+00  1.63026E-10  8.15129E-12  4.92307E-02 SpitzerIRS 
 6.18500E+00  1.65717E-10  8.28586E-12  4.88278E-02 SpitzerIRS 
 6.21520E+00  1.63667E-10  8.18337E-12  4.87514E-02 SpitzerIRS 
 6.24550E+00  1.64261E-10  8.21303E-12  4.83548E-02 SpitzerIRS 
 6.27570E+00  1.60542E-10  8.02709E-12  4.82815E-02 SpitzerIRS 
 6.30600E+00  1.61539E-10  8.07695E-12  4.78909E-02 SpitzerIRS 
 6.33620E+00  1.64848E-10  8.24238E-12  4.76626E-02 SpitzerIRS 
 6.36640E+00  1.63882E-10  8.19409E-12  4.75936E-02 SpitzerIRS 
 6.39670E+00  1.62426E-10  8.12130E-12  4.72118E-02 SpitzerIRS 
 6.42690E+00  1.55916E-10  7.79580E-12  4.71456E-02 SpitzerIRS 
 6.45720E+00  1.57571E-10  7.87854E-12  4.67695E-02 SpitzerIRS 
 6.48740E+00  1.56199E-10  7.80997E-12  4.67059E-02 SpitzerIRS 
 6.51770E+00  1.57023E-10  7.85117E-12  4.63354E-02 SpitzerIRS 
 6.54790E+00  1.57412E-10  7.87059E-12  4.61217E-02 SpitzerIRS 
 6.57810E+00  1.57920E-10  7.89598E-12  4.60619E-02 SpitzerIRS 
 6.60840E+00  1.59509E-10  7.97546E-12  4.56994E-02 SpitzerIRS 
 6.63860E+00  1.57429E-10  7.87144E-12  4.56422E-02 SpitzerIRS 
 6.66890E+00  1.52587E-10  7.62934E-12  4.52848E-02 SpitzerIRS 
 6.69910E+00  1.51680E-10  7.58398E-12  4.52300E-02 SpitzerIRS 
 6.72940E+00  1.51331E-10  7.56654E-12  4.48777E-02 SpitzerIRS 
 6.75960E+00  1.48739E-10  7.43693E-12  4.46772E-02 SpitzerIRS 
 6.78980E+00  1.44655E-10  7.23276E-12  4.46258E-02 SpitzerIRS 
 6.82010E+00  1.48734E-10  7.43668E-12  4.42809E-02 SpitzerIRS 
 6.85030E+00  1.51264E-10  7.56319E-12  4.42316E-02 SpitzerIRS 
 6.88060E+00  1.48402E-10  7.42009E-12  4.38915E-02 SpitzerIRS 
 6.91080E+00  1.44088E-10  7.20438E-12  4.36997E-02 SpitzerIRS 
 6.94100E+00  1.44528E-10  7.22638E-12  4.36537E-02 SpitzerIRS 
 6.97130E+00  1.49791E-10  7.48954E-12  4.33205E-02 SpitzerIRS 
 7.00150E+00  1.43874E-10  7.19369E-12  4.32764E-02 SpitzerIRS 
 7.03180E+00  1.39464E-10  6.97319E-12  4.29478E-02 SpitzerIRS 
 7.06200E+00  1.40947E-10  7.04737E-12  4.27641E-02 SpitzerIRS 
 7.09220E+00  1.43306E-10  7.16531E-12  4.27230E-02 SpitzerIRS 
 7.12250E+00  1.41851E-10  7.09253E-12  4.24008E-02 SpitzerIRS 
 7.15270E+00  1.42346E-10  7.11728E-12  4.23616E-02 SpitzerIRS 
 7.18300E+00  1.38519E-10  6.92594E-12  4.20437E-02 SpitzerIRS 
 7.21320E+00  1.34385E-10  6.71927E-12  4.20063E-02 SpitzerIRS 
 7.24350E+00  1.36439E-10  6.82195E-12  4.16926E-02 SpitzerIRS 
 7.27370E+00  1.33354E-10  6.66771E-12  4.15194E-02 SpitzerIRS 
 7.30390E+00  1.34954E-10  6.74768E-12  4.14847E-02 SpitzerIRS 
 7.33420E+00  1.40548E-10  7.02739E-12  4.11770E-02 SpitzerIRS 
 7.36440E+00  1.37724E-10  6.88622E-12  4.11439E-02 SpitzerIRS 
 7.39470E+00  1.35303E-10  6.76517E-12  4.08401E-02 SpitzerIRS 
 7.42490E+00  1.40951E-10  7.04754E-12  4.08086E-02 SpitzerIRS 
 7.45520E+00  1.38005E-10  6.90027E-12  4.05086E-02 SpitzerIRS 
 7.48540E+00  1.37204E-10  6.86021E-12  4.03452E-02 SpitzerIRS 
 7.51560E+00  1.31276E-10  6.56379E-12  4.03161E-02 SpitzerIRS 
 7.54590E+00  1.39783E-10  6.98916E-12  4.00217E-02 SpitzerIRS 
 7.57610E+00  1.35657E-10  6.78283E-12  7.98564E-02 SpitzerIRS 
 7.63660E+00  1.37483E-10  6.87415E-12  7.92237E-02 SpitzerIRS 
 7.69710E+00  1.36710E-10  6.83551E-12  7.86010E-02 SpitzerIRS 
 7.75760E+00  1.33855E-10  6.69273E-12  7.78591E-02 SpitzerIRS 
 7.81800E+00  1.32813E-10  6.64064E-12  7.73855E-02 SpitzerIRS 
 7.87850E+00  1.32516E-10  6.62580E-12  7.67913E-02 SpitzerIRS 
 7.93900E+00  1.33787E-10  6.68935E-12  7.62061E-02 SpitzerIRS 
 7.99950E+00  1.36770E-10  6.83851E-12  7.56297E-02 SpitzerIRS 
 8.06000E+00  1.34732E-10  6.73659E-12  7.50620E-02 SpitzerIRS 
 8.12050E+00  1.33481E-10  6.67403E-12  7.45028E-02 SpitzerIRS 
 8.18100E+00  1.35106E-10  6.75532E-12  7.38296E-02 SpitzerIRS 
 8.24140E+00  1.37827E-10  6.89133E-12  7.34099E-02 SpitzerIRS 
 8.30190E+00  1.39104E-10  6.95522E-12  7.28749E-02 SpitzerIRS 
 8.36240E+00  1.37542E-10  6.87712E-12  7.23477E-02 SpitzerIRS 
 8.42290E+00  1.37686E-10  6.88431E-12  7.18280E-02 SpitzerIRS 
 8.48340E+00  1.40323E-10  7.01615E-12  7.13157E-02 SpitzerIRS 
 8.54390E+00  1.40519E-10  7.02594E-12  7.06937E-02 SpitzerIRS 
 8.60430E+00  1.41623E-10  7.08115E-12  7.03137E-02 SpitzerIRS 
 8.66480E+00  1.41340E-10  7.06700E-12  6.98227E-02 SpitzerIRS 
 8.72530E+00  1.46184E-10  7.30919E-12  6.93386E-02 SpitzerIRS 
 8.78580E+00  1.47040E-10  7.35201E-12  6.88611E-02 SpitzerIRS 
 8.84630E+00  1.50447E-10  7.52235E-12  6.83902E-02 SpitzerIRS 
 8.90680E+00  1.49731E-10  7.48657E-12  6.78134E-02 SpitzerIRS 
 8.96720E+00  1.52959E-10  7.64793E-12  6.74681E-02 SpitzerIRS 
 9.02770E+00  1.54368E-10  7.71838E-12  6.70160E-02 SpitzerIRS 
 9.08820E+00  1.56118E-10  7.80588E-12  6.65698E-02 SpitzerIRS 
 9.14870E+00  1.59470E-10  7.97348E-12  6.61296E-02 SpitzerIRS 
 9.20920E+00  1.63855E-10  8.19276E-12  6.56952E-02 SpitzerIRS 
 9.26970E+00  1.61867E-10  8.09336E-12  6.51585E-02 SpitzerIRS 
 9.33010E+00  1.64441E-10  8.22203E-12  6.48439E-02 SpitzerIRS 
 9.39060E+00  1.62711E-10  8.13554E-12  6.44261E-02 SpitzerIRS 
 9.45110E+00  1.64312E-10  8.21558E-12  6.40137E-02 SpitzerIRS 
 9.51160E+00  1.64152E-10  8.20760E-12  6.36065E-02 SpitzerIRS 
 9.57210E+00  1.65438E-10  8.27192E-12  6.32045E-02 SpitzerIRS 
 9.63260E+00  1.62688E-10  8.13438E-12  6.28075E-02 SpitzerIRS 
 9.69310E+00  1.61954E-10  8.09768E-12  6.23124E-02 SpitzerIRS 
 9.75350E+00  1.61237E-10  8.06183E-12  6.20290E-02 SpitzerIRS 
 9.81400E+00  1.60087E-10  8.00434E-12  6.16466E-02 SpitzerIRS 
 9.87450E+00  1.59819E-10  7.99097E-12  6.12689E-02 SpitzerIRS 
 9.93500E+00  1.58692E-10  7.93462E-12  6.08958E-02 SpitzerIRS 
 9.99550E+00  1.56718E-10  7.83590E-12  6.05272E-02 SpitzerIRS 
 1.00560E+01  1.55865E-10  7.79323E-12  6.00636E-02 SpitzerIRS 
 1.01164E+01  1.55005E-10  7.75026E-12  5.98039E-02 SpitzerIRS 
 1.01769E+01  1.53447E-10  7.67237E-12  5.94484E-02 SpitzerIRS 
 1.02374E+01  1.52400E-10  7.62000E-12  5.90970E-02 SpitzerIRS 
 1.02979E+01  1.50777E-10  7.53884E-12  5.87498E-02 SpitzerIRS 
 1.03584E+01  1.50215E-10  7.51073E-12  5.83102E-02 SpitzerIRS 
 1.04188E+01  1.49516E-10  7.47582E-12  5.80681E-02 SpitzerIRS 
 1.04793E+01  1.46179E-10  7.30893E-12  5.77329E-02 SpitzerIRS 
 1.05398E+01  1.45459E-10  7.27295E-12  5.74015E-02 SpitzerIRS 
 1.06003E+01  1.43967E-10  7.19835E-12  5.70739E-02 SpitzerIRS 
 1.06608E+01  1.43237E-10  7.16186E-12  5.67500E-02 SpitzerIRS 
 1.07213E+01  1.43388E-10  7.16940E-12  5.63365E-02 SpitzerIRS 
 1.07817E+01  1.41244E-10  7.06222E-12  5.61136E-02 SpitzerIRS 
 1.08422E+01  1.39461E-10  6.97305E-12  5.58005E-02 SpitzerIRS 
 1.09027E+01  1.36713E-10  6.83564E-12  5.54908E-02 SpitzerIRS 
 1.09632E+01  1.35592E-10  6.77959E-12  5.51846E-02 SpitzerIRS 
 1.10237E+01  1.33934E-10  6.69670E-12  5.48818E-02 SpitzerIRS 
 1.10842E+01  1.32886E-10  6.64432E-12  5.45822E-02 SpitzerIRS 
 1.11447E+01  1.31329E-10  6.56643E-12  5.41962E-02 SpitzerIRS 
 1.12051E+01  1.30214E-10  6.51070E-12  5.39933E-02 SpitzerIRS 
 1.12656E+01  1.28714E-10  6.43568E-12  5.37033E-02 SpitzerIRS 
 1.13261E+01  1.25662E-10  6.28312E-12  5.34164E-02 SpitzerIRS 
 1.13866E+01  1.27596E-10  6.37980E-12  5.31326E-02 SpitzerIRS 
 1.14471E+01  1.25130E-10  6.25651E-12  5.28518E-02 SpitzerIRS 
 1.15076E+01  1.22096E-10  6.10482E-12  5.24871E-02 SpitzerIRS 
 1.15680E+01  1.21817E-10  6.09083E-12  5.22994E-02 SpitzerIRS 
 1.16285E+01  1.17932E-10  5.89659E-12  5.20273E-02 SpitzerIRS 
 1.16890E+01  1.15011E-10  5.75053E-12  5.17581E-02 SpitzerIRS 
 1.17495E+01  1.12893E-10  5.64463E-12  5.14916E-02 SpitzerIRS 
 1.18100E+01  1.10400E-10  5.52001E-12  5.12278E-02 SpitzerIRS 
 1.18705E+01  1.07628E-10  5.38139E-12  5.08824E-02 SpitzerIRS 
 1.19309E+01  1.03372E-10  5.16858E-12  5.07087E-02 SpitzerIRS 
 1.19914E+01  1.04315E-10  5.21575E-12  5.04528E-02 SpitzerIRS 
 1.20519E+01  1.02597E-10  5.12987E-12  5.01996E-02 SpitzerIRS 
 1.21124E+01  1.00041E-10  5.00203E-12  4.99488E-02 SpitzerIRS 
 1.21729E+01  9.77898E-11  4.88949E-12  4.97006E-02 SpitzerIRS 
 1.22334E+01  9.74900E-11  4.87450E-12  4.93730E-02 SpitzerIRS 
 1.22938E+01  9.73646E-11  4.86823E-12  4.92118E-02 SpitzerIRS 
 1.23543E+01  9.67714E-11  4.83857E-12  4.89708E-02 SpitzerIRS 
 1.24148E+01  9.48992E-11  4.74496E-12  4.87322E-02 SpitzerIRS 
 1.24753E+01  9.43621E-11  4.71810E-12  4.84958E-02 SpitzerIRS 
 1.25358E+01  9.47293E-11  4.73647E-12  4.82618E-02 SpitzerIRS 
 1.25963E+01  9.20229E-11  4.60114E-12  4.79506E-02 SpitzerIRS 
 1.26567E+01  9.17779E-11  4.58890E-12  4.78008E-02 SpitzerIRS 
 1.27172E+01  9.12235E-11  4.56117E-12  4.75734E-02 SpitzerIRS 
 1.27777E+01  9.12608E-11  4.56304E-12  4.73481E-02 SpitzerIRS 
 1.28382E+01  9.03146E-11  4.51573E-12  4.71250E-02 SpitzerIRS 
 1.28987E+01  8.83989E-11  4.41994E-12  4.69040E-02 SpitzerIRS 
 1.29592E+01  8.85715E-11  4.42857E-12  4.66850E-02 SpitzerIRS 
 1.30197E+01  8.81231E-11  4.40615E-12  4.63912E-02 SpitzerIRS 
 1.30801E+01  8.72600E-11  4.36300E-12  4.62535E-02 SpitzerIRS 
 1.31406E+01  8.53959E-11  4.26979E-12  4.60405E-02 SpitzerIRS 
 1.32011E+01  8.62808E-11  4.31404E-12  4.58295E-02 SpitzerIRS 
 1.32616E+01  8.50824E-11  4.25412E-12  4.56204E-02 SpitzerIRS 
 1.33221E+01  8.48265E-11  4.24133E-12  4.54133E-02 SpitzerIRS 
 1.33826E+01  8.26464E-11  4.13232E-12  4.51332E-02 SpitzerIRS 
 1.34430E+01  8.53928E-11  4.26964E-12  4.50048E-02 SpitzerIRS 
 1.35035E+01  8.47172E-11  4.23586E-12  4.48032E-02 SpitzerIRS 
 1.35640E+01  8.39459E-11  4.19729E-12  4.46034E-02 SpitzerIRS 
 1.36245E+01  8.46909E-11  4.23455E-12  4.44053E-02 SpitzerIRS 
 1.36850E+01  8.41522E-11  4.20761E-12  4.42090E-02 SpitzerIRS 
 1.37455E+01  8.21264E-11  4.10632E-12  4.39417E-02 SpitzerIRS 
 1.38059E+01  8.25923E-11  4.12961E-12  4.38218E-02 SpitzerIRS 
 1.38664E+01  8.57733E-11  4.28866E-12  4.36306E-02 SpitzerIRS 
 1.39269E+01  8.78654E-11  4.39327E-12  4.34411E-02 SpitzerIRS 
 1.39874E+01  8.75582E-11  4.37791E-12  1.19107E-01 SpitzerIRS 
 1.41540E+01  9.29030E-11  4.64515E-12  5.98417E-02 SpitzerIRS 
 1.42387E+01  9.17672E-11  4.58836E-12  5.94858E-02 SpitzerIRS 
 1.43234E+01  9.12371E-11  4.56185E-12  5.91340E-02 SpitzerIRS 
 1.44081E+01  8.97415E-11  4.48708E-12  5.87170E-02 SpitzerIRS 
 1.44927E+01  8.82661E-11  4.41331E-12  5.84432E-02 SpitzerIRS 
 1.45774E+01  8.55548E-11  4.27774E-12  5.81036E-02 SpitzerIRS 
 1.46621E+01  8.41752E-11  4.20876E-12  5.77680E-02 SpitzerIRS 
 1.47468E+01  8.38280E-11  4.19140E-12  5.74362E-02 SpitzerIRS 
 1.48315E+01  8.41578E-11  4.20789E-12  5.70408E-02 SpitzerIRS 
 1.49161E+01  8.55577E-11  4.27788E-12  5.67843E-02 SpitzerIRS 
 1.50008E+01  8.42072E-11  4.21036E-12  5.64637E-02 SpitzerIRS 
 1.50855E+01  8.19419E-11  4.09709E-12  5.60803E-02 SpitzerIRS 
 1.51701E+01  8.15561E-11  4.07780E-12  5.58335E-02 SpitzerIRS 
 1.52548E+01  8.35499E-11  4.17750E-12  5.55235E-02 SpitzerIRS 
 1.53395E+01  8.43218E-11  4.21609E-12  5.52169E-02 SpitzerIRS 
 1.54242E+01  8.55109E-11  4.27554E-12  5.49137E-02 SpitzerIRS 
 1.55089E+01  8.43866E-11  4.21933E-12  5.45493E-02 SpitzerIRS 
 1.55935E+01  8.33271E-11  4.16635E-12  5.43175E-02 SpitzerIRS 
 1.56782E+01  8.43684E-11  4.21842E-12  5.40241E-02 SpitzerIRS 
 1.57629E+01  8.57713E-11  4.28856E-12  5.37338E-02 SpitzerIRS 
 1.58476E+01  8.25869E-11  4.12934E-12  5.33835E-02 SpitzerIRS 
 1.59322E+01  8.32153E-11  4.16076E-12  5.31628E-02 SpitzerIRS 
 1.60169E+01  8.70783E-11  4.35392E-12  5.28816E-02 SpitzerIRS 
 1.61016E+01  8.62888E-11  4.31444E-12  5.26035E-02 SpitzerIRS 
 1.61863E+01  8.40518E-11  4.20259E-12  5.23282E-02 SpitzerIRS 
 1.62710E+01  8.33766E-11  4.16883E-12  5.19943E-02 SpitzerIRS 
 1.63556E+01  8.50203E-11  4.25101E-12  5.17865E-02 SpitzerIRS 
 1.64403E+01  8.52259E-11  4.26130E-12  5.15197E-02 SpitzerIRS 
 1.65250E+01  8.67938E-11  4.33969E-12  5.12557E-02 SpitzerIRS 
 1.66097E+01  8.89448E-11  4.44724E-12  5.09341E-02 SpitzerIRS 
 1.66943E+01  8.81637E-11  4.40818E-12  5.07359E-02 SpitzerIRS 
 1.67790E+01  8.77151E-11  4.38575E-12  5.04798E-02 SpitzerIRS 
 1.68637E+01  8.65794E-11  4.32897E-12  5.02262E-02 SpitzerIRS 
 1.69484E+01  8.69869E-11  4.34935E-12  4.99162E-02 SpitzerIRS 
 1.70330E+01  8.77447E-11  4.38723E-12  4.97270E-02 SpitzerIRS 
 1.71177E+01  9.06714E-11  4.53357E-12  4.94809E-02 SpitzerIRS 
 1.72024E+01  9.11242E-11  4.55621E-12  4.92373E-02 SpitzerIRS 
 1.72871E+01  8.74053E-11  4.37026E-12  4.89382E-02 SpitzerIRS 
 1.73717E+01  9.05243E-11  4.52622E-12  4.87575E-02 SpitzerIRS 
 1.74564E+01  9.11842E-11  4.55921E-12  4.85209E-02 SpitzerIRS 
 1.75411E+01  9.07764E-11  4.53882E-12  4.82866E-02 SpitzerIRS 
 1.76258E+01  8.95952E-11  4.47976E-12  4.80546E-02 SpitzerIRS 
 1.77105E+01  9.03956E-11  4.51978E-12  4.77683E-02 SpitzerIRS 
 1.77951E+01  8.93998E-11  4.46999E-12  4.75974E-02 SpitzerIRS 
 1.78798E+01  8.36544E-11  4.18272E-12  4.73719E-02 SpitzerIRS 
 1.79645E+01  8.47269E-11  4.23634E-12  4.71485E-02 SpitzerIRS 
 1.80492E+01  8.59836E-11  5.22542E-12  4.68719E-02 SpitzerIRS 
 1.81338E+01  8.94857E-11  4.47429E-12  4.67084E-02 SpitzerIRS 
 1.82185E+01  8.94778E-11  4.47389E-12  4.64912E-02 SpitzerIRS 
 1.83032E+01  9.05870E-11  4.52935E-12  4.62761E-02 SpitzerIRS 
 1.83879E+01  9.22876E-11  4.61438E-12  4.60085E-02 SpitzerIRS 
 1.84725E+01  8.88252E-11  4.44126E-12  4.58519E-02 SpitzerIRS 
 1.85572E+01  9.00450E-11  4.50225E-12  4.56427E-02 SpitzerIRS 
 1.86419E+01  8.91293E-11  4.45647E-12  4.54353E-02 SpitzerIRS 
 1.87266E+01  9.19936E-11  4.59968E-12  4.52298E-02 SpitzerIRS 
 1.88113E+01  9.27061E-11  4.63531E-12  4.49730E-02 SpitzerIRS 
 1.88959E+01  8.94258E-11  4.47129E-12  4.48245E-02 SpitzerIRS 
 1.89806E+01  8.95369E-11  4.47684E-12  4.46245E-02 SpitzerIRS 
 1.90653E+01  8.99662E-11  4.49831E-12  4.44263E-02 SpitzerIRS 
 1.91500E+01  9.12167E-11  4.56084E-12  4.41775E-02 SpitzerIRS 
 1.92346E+01  9.23477E-11  4.61738E-12  4.40352E-02 SpitzerIRS 
 1.93193E+01  9.00031E-11  4.50015E-12  4.38422E-02 SpitzerIRS 
 1.94040E+01  9.04337E-11  4.52168E-12  4.36508E-02 SpitzerIRS 
 1.94887E+01  8.81086E-11  4.40543E-12  4.34611E-02 SpitzerIRS 
 1.95734E+01  8.86248E-11  4.43124E-12  4.32219E-02 SpitzerIRS 
 1.96580E+01  8.66970E-11  4.33485E-12  4.30868E-02 SpitzerIRS 
 1.97427E+01  8.28234E-11  4.14117E-12  4.29019E-02 SpitzerIRS 
 1.98274E+01  8.54710E-11  4.27355E-12  4.27187E-02 SpitzerIRS 
 1.99121E+01  8.76337E-11  4.38169E-12  4.24867E-02 SpitzerIRS 
 1.99967E+01  8.66348E-11  4.33174E-12  4.23570E-02 SpitzerIRS 
 2.00814E+01  8.59440E-11  4.29720E-12  4.21783E-02 SpitzerIRS 
 2.01661E+01  8.44383E-11  4.22191E-12  4.20012E-02 SpitzerIRS 
 2.02508E+01  8.23501E-11  4.11751E-12  4.17761E-02 SpitzerIRS 
 2.03354E+01  8.25294E-11  4.12647E-12  4.16515E-02 SpitzerIRS 
 2.04201E+01  8.28110E-11  4.14055E-12  4.14787E-02 SpitzerIRS 
 2.05048E+01  8.37322E-11  4.18661E-12  4.13074E-02 SpitzerIRS 
 2.05895E+01  8.16376E-11  4.08188E-12  4.11375E-02 SpitzerIRS 
 2.06742E+01  8.42555E-11  4.21277E-12  8.18895E-02 SpitzerIRS 
 2.08435E+01  8.57372E-11  4.28686E-12  8.12723E-02 SpitzerIRS 
 2.10129E+01  8.18844E-11  4.09422E-12  8.05696E-02 SpitzerIRS 
 2.11822E+01  8.07530E-11  4.03765E-12  7.99728E-02 SpitzerIRS 
 2.13516E+01  8.17424E-11  4.08712E-12  7.92915E-02 SpitzerIRS 
 2.15209E+01  8.19533E-11  4.09767E-12  7.87142E-02 SpitzerIRS 
 2.16903E+01  8.03762E-11  4.01881E-12  7.80533E-02 SpitzerIRS 
 2.18596E+01  7.85564E-11  3.92782E-12  7.74946E-02 SpitzerIRS 
 2.20290E+01  7.80925E-11  3.90462E-12  7.68532E-02 SpitzerIRS 
 2.21983E+01  7.79615E-11  3.89807E-12  7.63122E-02 SpitzerIRS 
 2.23677E+01  7.54973E-11  3.77486E-12  7.56895E-02 SpitzerIRS 
 2.25370E+01  7.50153E-11  3.75076E-12  7.51653E-02 SpitzerIRS 
 2.27064E+01  7.38536E-11  3.69268E-12  7.45605E-02 SpitzerIRS 
 2.28757E+01  7.51116E-11  3.75558E-12  7.40524E-02 SpitzerIRS 
 2.30451E+01  7.37841E-11  3.68921E-12  7.35080E-02 SpitzerIRS 
 2.32145E+01  7.33878E-11  3.66939E-12  7.29286E-02 SpitzerIRS 
 2.33838E+01  7.25167E-11  3.62584E-12  7.24433E-02 SpitzerIRS 
 2.35532E+01  7.31394E-11  3.65697E-12  7.18798E-02 SpitzerIRS 
 2.37225E+01  7.42818E-11  3.71409E-12  7.14090E-02 SpitzerIRS 
 2.38919E+01  7.42169E-11  3.71084E-12  7.08608E-02 SpitzerIRS 
 2.40612E+01  7.14208E-11  3.57104E-12  7.04038E-02 SpitzerIRS 
 2.42306E+01  7.00109E-11  3.50054E-12  6.98703E-02 SpitzerIRS 
 2.43999E+01  7.06223E-11  3.53112E-12  6.94265E-02 SpitzerIRS 
 2.45693E+01  7.04831E-11  3.52416E-12  6.89071E-02 SpitzerIRS 
 2.47386E+01  6.91804E-11  3.45902E-12  6.84760E-02 SpitzerIRS 
 2.49080E+01  7.00025E-11  3.50013E-12  6.80103E-02 SpitzerIRS 
 2.50774E+01  7.17066E-11  3.58533E-12  6.75110E-02 SpitzerIRS 
 2.52467E+01  7.22030E-11  3.61015E-12  6.70583E-02 SpitzerIRS 
 2.54160E+01  6.89596E-11  3.44798E-12  6.66509E-02 SpitzerIRS 
 2.55854E+01  6.74812E-11  3.37406E-12  6.62096E-02 SpitzerIRS 
 2.57548E+01  6.75787E-11  3.37893E-12  6.57353E-02 SpitzerIRS 
 2.59241E+01  6.69870E-11  3.34935E-12  6.53446E-02 SpitzerIRS 
 2.60935E+01  6.66291E-11  3.33145E-12  6.48821E-02 SpitzerIRS 
 2.62628E+01  6.55227E-11  3.27613E-12  6.45019E-02 SpitzerIRS 
 2.64322E+01  6.60872E-11  3.30436E-12  6.40507E-02 SpitzerIRS 
 2.66015E+01  6.57140E-11  3.28570E-12  6.36806E-02 SpitzerIRS 
 2.67709E+01  6.63082E-11  3.31541E-12  6.32403E-02 SpitzerIRS 
 2.69402E+01  6.28302E-11  3.14151E-12  6.28800E-02 SpitzerIRS 
 2.71096E+01  6.40234E-11  3.20117E-12  6.24502E-02 SpitzerIRS 
 2.72789E+01  6.54295E-11  3.27147E-12  6.20993E-02 SpitzerIRS 
 2.74483E+01  6.40482E-11  3.20241E-12  6.16796E-02 SpitzerIRS 
 2.76176E+01  6.31095E-11  3.15548E-12  6.13377E-02 SpitzerIRS 
 2.77870E+01  6.19264E-11  3.09632E-12  6.09638E-02 SpitzerIRS 
 2.79564E+01  6.25152E-11  3.12576E-12  6.05586E-02 SpitzerIRS 
 2.81257E+01  6.26750E-11  3.13375E-12  6.02296E-02 SpitzerIRS 
 2.82951E+01  6.31623E-11  3.15811E-12  5.98337E-02 SpitzerIRS 
 2.84644E+01  6.27866E-11  3.13933E-12  5.95129E-02 SpitzerIRS 
 2.86338E+01  6.20738E-11  3.10369E-12  5.91259E-02 SpitzerIRS 
 2.88031E+01  5.97137E-11  2.98568E-12  5.88131E-02 SpitzerIRS 
 2.89725E+01  6.08649E-11  3.04325E-12  5.84347E-02 SpitzerIRS 
 2.91418E+01  5.99178E-11  2.99589E-12  5.81296E-02 SpitzerIRS 
 2.93112E+01  5.98282E-11  2.99141E-12  5.77595E-02 SpitzerIRS 
 2.94805E+01  6.02137E-11  3.01069E-12  5.74617E-02 SpitzerIRS 
 2.96499E+01  5.93379E-11  2.96689E-12  5.71334E-02 SpitzerIRS 
 2.98193E+01  5.68413E-11  2.84206E-12  5.67753E-02 SpitzerIRS 
 2.99886E+01  5.75620E-11  2.87810E-12  5.64881E-02 SpitzerIRS 
 3.01580E+01  5.75300E-11  2.87650E-12  5.61377E-02 SpitzerIRS 
 3.03273E+01  5.75439E-11  2.87720E-12  5.58573E-02 SpitzerIRS 
 3.04967E+01  5.88345E-11  2.94172E-12  5.55142E-02 SpitzerIRS 
 3.06660E+01  5.99751E-11  2.99876E-12  5.52403E-02 SpitzerIRS 
 3.08354E+01  5.93326E-11  2.96663E-12  5.49044E-02 SpitzerIRS 
 3.10047E+01  5.79546E-11  2.89773E-12  5.46369E-02 SpitzerIRS 
 3.11741E+01  5.66992E-11  2.83496E-12  5.43079E-02 SpitzerIRS 
 3.13434E+01  5.47650E-11  2.73825E-12  5.40465E-02 SpitzerIRS 
 3.15128E+01  5.42899E-11  2.71449E-12  5.37242E-02 SpitzerIRS 
 3.16821E+01  5.53756E-11  2.76878E-12  5.34687E-02 SpitzerIRS 
 3.18515E+01  5.67725E-11  2.83862E-12  5.31843E-02 SpitzerIRS 
 3.20209E+01  5.41493E-11  2.70747E-12  5.28717E-02 SpitzerIRS 
 3.21902E+01  5.37099E-11  2.68550E-12  5.26247E-02 SpitzerIRS 
 3.23596E+01  5.40949E-11  2.70474E-12  5.23183E-02 SpitzerIRS 
 3.25289E+01  5.50842E-11  2.75421E-12  5.20768E-02 SpitzerIRS 
 3.26983E+01  5.49437E-11  2.74719E-12  5.17764E-02 SpitzerIRS 
 3.28676E+01  5.52937E-11  2.76469E-12  5.15401E-02 SpitzerIRS 
 3.30370E+01  5.55773E-11  2.77887E-12  5.12456E-02 SpitzerIRS 
 3.32063E+01  5.42269E-11  2.71134E-12  5.10144E-02 SpitzerIRS 
 3.33757E+01  5.36822E-11  2.68411E-12  5.07255E-02 SpitzerIRS 
 3.35450E+01  5.21815E-11  3.37015E-12  5.04993E-02 SpitzerIRS 
 3.37144E+01  5.48599E-11  2.74300E-12  5.02159E-02 SpitzerIRS 
 3.38837E+01  5.27897E-11  2.63949E-12  4.99945E-02 SpitzerIRS 
 3.40531E+01  5.66587E-11  2.83293E-12  4.97458E-02 SpitzerIRS 
 3.42225E+01  5.62477E-11  2.81239E-12  4.94704E-02 SpitzerIRS 
 3.43918E+01  5.46066E-11  2.73033E-12  4.92559E-02 SpitzerIRS 
 3.45612E+01  5.46330E-11  2.73165E-12  4.89856E-02 SpitzerIRS 
 3.47305E+01  5.70625E-11  2.85312E-12  4.87756E-02 SpitzerIRS 
 3.48999E+01  5.55563E-11  2.77781E-12  4.85102E-02 SpitzerIRS 
 3.50692E+01  5.21396E-11  2.60698E-12  4.83045E-02 SpitzerIRS 
 3.52386E+01  5.01772E-11  2.50886E-12  4.80439E-02 SpitzerIRS 
 3.54079E+01  5.43172E-11  2.71586E-12  4.78424E-02 SpitzerIRS 
 3.55773E+01  5.73104E-11  2.86552E-12  4.75865E-02 SpitzerIRS 
 3.57466E+01  5.24221E-11  2.62111E-12  4.73891E-02 SpitzerIRS 
 3.59160E+01  5.03318E-11  6.20102E-12  4.71378E-02 SpitzerIRS 
 3.60853E+01  6.03601E-11  8.36521E-12  4.69166E-02 SpitzerIRS 
 1.17025E-01  2.47437E-12  1.44060E-13  5.00578E-02 <UV> 
 1.17611E-01  1.74915E-12  8.74576E-14  5.00040E-02 <UV> 
 1.18199E-01  7.55303E-13  3.77651E-14  4.99921E-02 <UV> 
 1.18790E-01  5.82191E-13  2.91096E-14  5.00044E-02 <UV> 
 1.19384E-01  4.22414E-13  2.39986E-14  4.99985E-02 <UV> 
 1.19981E-01  8.17875E-13  4.08937E-14  4.99998E-02 <UV> 
 1.20580E-01  7.25655E-13  3.62828E-14  4.99998E-02 <UV> 
 1.21183E-01  1.02565E-12  5.12825E-14  4.99986E-02 <UV> 
 1.21789E-01  1.58493E-10  7.92464E-12  5.00044E-02 <UV> 
 1.22398E-01  1.11992E-12  5.59958E-14  5.00007E-02 <UV> 
 1.23010E-01  6.31590E-13  3.15795E-14  4.99959E-02 <UV> 
 1.23625E-01  9.82623E-13  4.91311E-14  4.99979E-02 <UV> 
 1.24243E-01  7.94977E-13  3.97488E-14  5.00067E-02 <UV> 
 1.24865E-01  8.47595E-13  4.23797E-14  4.99982E-02 <UV> 
 1.25489E-01  1.21643E-12  6.08217E-14  4.99965E-02 <UV> 
 1.26116E-01  9.16173E-13  4.58087E-14  5.00015E-02 <UV> 
 1.26747E-01  1.11541E-12  5.57703E-14  4.99973E-02 <UV> 
 1.27381E-01  1.92337E-12  9.61685E-14  5.00076E-02 <UV> 
 1.28018E-01  1.26835E-12  6.34177E-14  4.99931E-02 <UV> 
 1.28658E-01  7.57234E-13  3.78617E-14  5.00009E-02 <UV> 
 1.29301E-01  9.93814E-13  4.96907E-14  4.99997E-02 <UV> 
 1.29947E-01  1.00189E-12  5.00947E-14  5.00048E-02 <UV> 
 1.30597E-01  1.29467E-12  6.47334E-14  5.00011E-02 <UV> 
 1.31250E-01  9.63732E-13  4.81866E-14  4.99961E-02 <UV> 
 1.31906E-01  9.81895E-13  4.90948E-14  4.99976E-02 <UV> 
 1.32566E-01  9.25510E-13  4.62755E-14  5.00053E-02 <UV> 
 1.33229E-01  1.46215E-12  7.31073E-14  4.99967E-02 <UV> 
 1.33895E-01  2.08567E-12  1.04283E-13  5.00019E-02 <UV> 
 1.34564E-01  1.38282E-12  6.91412E-14  4.99984E-02 <UV> 
 1.35237E-01  1.10909E-12  5.54543E-14  5.00010E-02 <UV> 
 1.35913E-01  1.10086E-12  5.50430E-14  5.00024E-02 <UV> 
 1.36593E-01  9.07324E-13  4.53662E-14  4.99952E-02 <UV> 
 1.37276E-01  1.06810E-12  5.34049E-14  5.00015E-02 <UV> 
 1.37962E-01  9.81853E-13  4.90926E-14  4.99992E-02 <UV> 
 1.38652E-01  1.23029E-12  6.15147E-14  5.00028E-02 <UV> 
 1.39345E-01  2.01252E-12  1.00626E-13  4.99981E-02 <UV> 
 1.40042E-01  2.77163E-12  1.38581E-13  4.99993E-02 <UV> 
 1.40742E-01  1.63102E-12  8.15510E-14  4.99992E-02 <UV> 
 1.41446E-01  1.45924E-12  7.29621E-14  5.00049E-02 <UV> 
 1.42153E-01  1.24005E-12  6.20024E-14  4.99953E-02 <UV> 
 1.42864E-01  1.71923E-12  8.59613E-14  4.99986E-02 <UV> 
 1.43578E-01  2.10596E-12  1.05298E-13  5.00006E-02 <UV> 
 1.44296E-01  3.44790E-12  1.72395E-13  5.00013E-02 <UV> 
 1.45018E-01  1.62826E-12  8.14129E-14  5.00008E-02 <UV> 
 1.45743E-01  2.92328E-12  1.46164E-13  4.99990E-02 <UV> 
 1.46472E-01  2.56504E-12  1.28252E-13  5.00029E-02 <UV> 
 1.47204E-01  1.97156E-12  9.85780E-14  4.99987E-02 <UV> 
 1.47940E-01  1.82692E-12  9.13462E-14  5.00000E-02 <UV> 
 1.48680E-01  2.07222E-12  1.03611E-13  5.00001E-02 <UV> 
 1.49423E-01  1.77728E-12  8.88641E-14  4.99990E-02 <UV> 
 1.50170E-01  2.72769E-12  1.36384E-13  5.00033E-02 <UV> 
 1.50921E-01  2.01538E-12  1.00769E-13  4.99997E-02 <UV> 
 1.51676E-01  2.29203E-12  1.14602E-13  4.99949E-02 <UV> 
 1.52434E-01  2.57089E-12  1.28544E-13  5.00020E-02 <UV> 
 1.53196E-01  2.13122E-12  1.06561E-13  5.00013E-02 <UV> 
 1.53962E-01  2.21394E-12  1.10697E-13  4.99993E-02 <UV> 
 1.54732E-01  4.02651E-12  2.01326E-13  5.00026E-02 <UV> 
 1.55506E-01  3.13507E-12  1.56754E-13  4.99982E-02 <UV> 
 1.56283E-01  2.79469E-12  1.39734E-13  4.99990E-02 <UV> 
 1.57064E-01  2.54088E-12  1.27044E-13  4.99986E-02 <UV> 
 1.57850E-01  2.83449E-12  1.41725E-13  5.00032E-02 <UV> 
 1.58639E-01  2.80874E-12  1.40437E-13  5.00003E-02 <UV> 
 1.59432E-01  2.75488E-12  1.37744E-13  4.99961E-02 <UV> 
 1.60229E-01  3.57526E-12  1.78763E-13  5.00033E-02 <UV> 
 1.61031E-01  3.33773E-12  1.66886E-13  4.99967E-02 <UV> 
 1.61836E-01  3.00843E-12  1.50421E-13  5.00013E-02 <UV> 
 1.62645E-01  2.89856E-12  1.44928E-13  4.99985E-02 <UV> 
 1.63458E-01  3.03707E-12  1.51853E-13  5.00006E-02 <UV> 
 1.64275E-01  3.09087E-12  1.54544E-13  5.00014E-02 <UV> 
 1.65097E-01  2.60371E-12  1.30185E-13  5.00010E-02 <UV> 
 1.65922E-01  2.75776E-12  1.37888E-13  4.99993E-02 <UV> 
 1.66752E-01  2.38108E-12  1.19054E-13  5.00024E-02 <UV> 
 1.67586E-01  1.72789E-12  8.63946E-14  4.99983E-02 <UV> 
 1.68424E-01  1.31506E-12  6.57531E-14  4.99989E-02 <UV> 
 1.69266E-01  1.33028E-12  6.65138E-14  4.99983E-02 <UV> 
 1.70112E-01  1.01553E-12  5.07766E-14  5.00024E-02 <UV> 
 1.70963E-01  1.07954E-12  5.39771E-14  4.99992E-02 <UV> 
 1.71817E-01  1.09287E-12  5.46435E-14  5.00008E-02 <UV> 
 1.72677E-01  1.04332E-12  5.21658E-14  5.00010E-02 <UV> 
 1.73540E-01  1.15669E-12  5.78344E-14  5.00000E-02 <UV> 
 1.74408E-01  1.15618E-12  5.78091E-14  4.99978E-02 <UV> 
 1.75280E-01  1.10304E-12  5.51519E-14  5.00001E-02 <UV> 
 1.76156E-01  1.08649E-12  5.43243E-14  5.00011E-02 <UV> 
 1.77037E-01  1.03103E-12  5.15514E-14  5.00009E-02 <UV> 
 1.77922E-01  1.00997E-12  5.04986E-14  4.99994E-02 <UV> 
 1.78812E-01  9.03472E-13  4.51736E-14  4.99968E-02 <UV> 
 1.79706E-01  8.36292E-13  4.18146E-14  5.00040E-02 <UV> 
 1.80604E-01  8.33355E-13  4.49309E-14  4.99988E-02 <UV> 
 1.81507E-01  8.33748E-13  4.51506E-14  4.99980E-02 <UV> 
 1.82415E-01  2.68593E-12  8.61576E-13  5.00015E-02 <UV> 
 1.83327E-01  1.19998E-12  5.99988E-14  4.99981E-02 <UV> 
 1.84243E-01  1.20478E-12  6.02388E-14  5.00045E-02 <UV> 
 1.85165E-01  1.10499E-12  6.30278E-14  4.99987E-02 <UV> 
 1.86091E-01  1.09044E-12  6.33262E-14  9.98761E-02 <UV> 
 1.87949E-01  1.07642E-12  7.12239E-14  5.03700E-02 <UV> 
 1.88896E-01  1.06200E-12  7.18375E-14  5.00011E-02 <UV> 
 1.89840E-01  9.08243E-13  7.63756E-14  4.99999E-02 <UV> 
 1.90790E-01  8.99927E-13  7.67338E-14  1.59113E-01 <UV> 
 1.93825E-01  2.39930E-12  4.63343E-13  9.19385E-02 <UV> 
 1.95607E-01  5.70040E-12  8.09702E-13  4.99982E-02 <UV> 
 1.96585E-01  3.40393E-12  6.84374E-13  4.99987E-02 <UV> 
 1.97568E-01  2.87454E-12  7.47839E-13  3.68855E-01 <UV> 
 2.04855E-01  2.82449E-12  8.30689E-13  6.67065E-01 <UV> 
 2.18521E-01  1.35166E-12  3.83017E-13  2.96096E-01 <UV> 
 2.24991E-01  2.62589E-12  6.79207E-13  9.72128E-02 <UV> 
 2.27178E-01  3.08101E-12  8.76606E-13  8.68085E-02 <UV> 
 2.29150E-01  2.24059E-12  5.89232E-13  1.18747E-01 <UV> 
 2.31871E-01  8.16797E-12  5.55105E-13  9.52209E-02 <UV> 
 2.34079E-01  4.43021E-12  1.01574E-12  5.00001E-02 <UV> 
 2.35250E-01  3.19860E-12  7.54787E-13  4.99979E-02 <UV> 
 2.36426E-01  3.95018E-12  9.54470E-13  5.00030E-02 <UV> 
 2.37608E-01  2.36469E-12  5.99552E-13  4.99983E-02 <UV> 
 2.38796E-01  5.25991E-12  7.89978E-13  5.00008E-02 <UV> 
 2.39990E-01  3.15349E-12  5.23867E-13  4.99979E-02 <UV> 
 2.41190E-01  3.06897E-12  6.54156E-13  5.00021E-02 <UV> 
 2.42396E-01  2.66347E-12  7.29251E-13  5.00008E-02 <UV> 
 2.43608E-01  3.56674E-12  6.05975E-13  4.99984E-02 <UV> 
 2.44826E-01  2.55302E-12  6.40056E-13  4.99988E-02 <UV> 
 2.46050E-01  2.64981E-12  4.78016E-13  5.00020E-02 <UV> 
 2.47280E-01  2.84939E-12  5.68720E-13  4.99999E-02 <UV> 
 2.48517E-01  4.86310E-12  5.62187E-13  5.00006E-02 <UV> 
 2.49759E-01  4.20210E-12  5.21890E-13  5.00001E-02 <UV> 
 2.51008E-01  3.92351E-12  5.52803E-13  4.99984E-02 <UV> 
 2.52263E-01  3.68768E-12  4.28840E-13  4.99994E-02 <UV> 
 2.53524E-01  3.23312E-12  4.96206E-13  4.99991E-02 <UV> 
 2.54792E-01  3.63002E-12  3.91608E-13  5.00016E-02 <UV> 
 2.56066E-01  3.43940E-12  4.43880E-13  4.99988E-02 <UV> 
 2.57346E-01  3.75517E-12  4.50832E-13  5.00026E-02 <UV> 
 2.58633E-01  3.80599E-12  3.79937E-13  4.99974E-02 <UV> 
 2.59926E-01  5.29829E-12  4.44612E-13  5.00026E-02 <UV> 
 2.61226E-01  4.45048E-12  3.63243E-13  4.99989E-02 <UV> 
 2.62532E-01  5.23048E-12  3.93882E-13  5.00015E-02 <UV> 
 2.63845E-01  5.08392E-12  4.78765E-13  4.99991E-02 <UV> 
 2.65164E-01  3.60167E-12  3.91896E-13  4.99992E-02 <UV> 
 2.66490E-01  4.47346E-12  3.60603E-13  5.00019E-02 <UV> 
 2.67822E-01  3.96235E-12  3.42322E-13  4.99996E-02 <UV> 
 2.69161E-01  3.81878E-12  3.17331E-13  4.99997E-02 <UV> 
 2.70507E-01  4.86158E-12  3.56666E-13  4.99987E-02 <UV> 
 2.71860E-01  4.71445E-12  3.17084E-13  5.00001E-02 <UV> 
 2.73219E-01  5.77413E-12  3.45062E-13  5.00002E-02 <UV> 
 2.74585E-01  6.76281E-12  3.56373E-13  4.99991E-02 <UV> 
 2.75958E-01  5.27107E-12  3.01484E-13  5.00004E-02 <UV> 
 2.77338E-01  4.52449E-12  3.10724E-13  5.00004E-02 <UV> 
 2.78724E-01  1.07268E-11  5.36340E-13  4.99992E-02 <UV> 
 2.80118E-01  2.43815E-11  1.21908E-12  5.00003E-02 <UV> 
 2.81519E-01  4.67054E-12  3.08713E-13  5.00002E-02 <UV> 
 2.82926E-01  5.24520E-12  2.94928E-13  4.99989E-02 <UV> 
 2.84341E-01  5.12863E-12  3.51519E-13  4.99998E-02 <UV> 
 2.85763E-01  6.34041E-12  3.63476E-13  5.00030E-02 <UV> 
 2.87191E-01  6.29866E-12  3.14933E-13  4.99980E-02 <UV> 
 2.88627E-01  6.44199E-12  3.27777E-13  5.00022E-02 <UV> 
 2.90071E-01  5.90291E-12  3.51374E-13  4.99982E-02 <UV> 
 2.91521E-01  6.25913E-12  3.45318E-13  4.99998E-02 <UV> 
 2.92978E-01  8.23668E-12  4.39286E-13  5.00003E-02 <UV> 
 2.94443E-01  6.69232E-12  3.90756E-13  4.99994E-02 <UV> 
 2.95916E-01  7.72852E-12  4.11814E-13  5.00007E-02 <UV> 
 2.97395E-01  7.17680E-12  4.04612E-13  5.00008E-02 <UV> 
 2.98882E-01  7.86978E-12  4.37321E-13  4.99996E-02 <UV> 
 3.00377E-01  6.27138E-12  4.38610E-13  5.00006E-02 <UV> 
 3.01878E-01  6.64558E-12  4.56763E-13  5.00002E-02 <UV> 
 3.03388E-01  6.58142E-12  4.86240E-13  4.99987E-02 <UV> 
 3.04905E-01  7.39476E-12  7.67647E-13  4.99992E-02 <UV> 
 3.06429E-01  8.68182E-12  8.82765E-13  5.00017E-02 <UV> 
 3.07961E-01  8.11759E-12  6.74309E-13  4.99998E-02 <UV> 
 3.09501E-01  9.85461E-12  7.67430E-13  4.99998E-02 <UV> 
 3.11049E-01  1.12537E-11  8.91761E-13  4.99986E-02 <UV> 
 3.12604E-01  8.03267E-12  9.08584E-13  5.00026E-02 <UV> 
 3.14167E-01  9.25323E-12  1.26200E-12  4.99989E-02 <UV> 
 3.15738E-01  1.13146E-11  1.82535E-12  4.97501E-02 <UV> 
