 1.53500E-01  3.31139E-10  1.65569E-11  1.00000E+00 GALEX.FUV 
 1.54800E-01  2.69407E-10  8.08200E-11  1.00000E+00 ANS.15W 
 1.80500E-01  2.04789E-09  6.14350E-10  1.00000E+00 ANS.18 
 2.49300E-01  2.58101E-09  7.74302E-10  1.00000E+00 ANS.25 
 3.29600E-01  6.89068E-09  2.06717E-09  1.00000E+00 ANS.33 
 3.41800E-01  7.88617E-09  3.94309E-10  1.00000E+00 GENEVA.U 
 3.99500E-01  1.81684E-08  9.08420E-10  1.00000E+00 GENEVA.B1 
 4.19200E-01  1.95001E-08  9.75005E-10  1.00000E+00 GENEVA.B 
 4.19600E-01  1.86549E-08  9.32743E-10  1.00000E+00 TYCHO2.BT 
 4.19600E-01  1.94444E-08  9.72218E-10  1.00000E+00 TYCHO2.BT 
 4.43400E-01  1.97434E-08  9.87172E-10  1.00000E+00 JOHNSON.B 
 4.47500E-01  2.12534E-08  1.06267E-09  1.00000E+00 GENEVA.B2 
 5.18900E-01  1.65778E-08  8.28892E-10  1.00000E+00 HIPPARCOS.HP 
 5.30700E-01  1.68176E-08  8.40882E-10  1.00000E+00 TYCHO2.VT 
 5.30700E-01  1.70199E-08  8.50994E-10  1.00000E+00 TYCHO2.VT 
 5.39200E-01  1.78068E-08  8.90342E-10  1.00000E+00 GENEVA.V1 
 5.47500E-01  1.74225E-08  8.71123E-10  1.00000E+00 GENEVA.V 
 5.49300E-01  1.63857E-08  8.19285E-10  1.00000E+00 JOHNSON.V 
 5.49300E-01  1.69539E-08  9.83754E-10  1.00000E+00 JOHNSON.V 
 5.76200E-01  1.66816E-08  8.34081E-10  1.00000E+00 GENEVA.G 
 7.87500E-01  9.50504E-09  4.75252E-10  1.00000E+00 COUSINS.I 
 1.23930E+00  6.78591E-09  3.39295E-10  1.00000E+00 2MASS.J 
 1.24310E+00  7.05191E-09  3.52596E-10  1.00000E+00 JOHNSON.J 
 1.64420E+00  5.55624E-09  5.55624E-10  1.00000E+00 JOHNSON.H 
 1.64420E+00  6.03651E-09  3.01825E-10  1.00000E+00 JOHNSON.H 
 1.64950E+00  5.90570E-09  2.95285E-10  1.00000E+00 2MASS.H 
 2.16390E+00  5.69812E-09  2.84906E-10  1.00000E+00 2MASS.KS 
 2.18790E+00  5.69824E-09  2.84912E-10  1.00000E+00 JOHNSON.K 
 4.61790E+00  3.60551E-09  1.92604E-10  1.00000E+00 WISE.W2 
 1.20730E+01  1.78212E-09  8.91059E-11  1.00000E+00 WISE.W3 
 6.62934E+01  4.59908E-10  2.85351E-11  1.00000E+00 AKARI.N60 
 7.00000E+01  4.10287E-10  5.13930E-11  1.00000E+00 PACS.70 
 8.78971E+01  4.00078E-10  2.00039E-11  1.00000E+00 AKARI.WIDES 
 1.00000E+02  3.29172E-10  3.89730E-11  1.00000E+00 PACS.100 
 1.60000E+02  1.94116E-10  2.43581E-11  1.00000E+00 PACS.160 
 4.50000E+02  2.19848E-11  1.93200E-12  1.00000E+00 SCUBA.450WB 
 8.50000E+02  2.75104E-12  1.37552E-13  1.00000E+00 SCUBA.850WB 
 1.12282E+03  1.14009E-12  1.14810E-13  1.00000E+00 generic 
 1.30000E+03  6.43401E-13  3.21700E-14  1.00000E+00 generic 
 1.30000E+03  6.67154E-13  3.33577E-14  1.00000E+00 generic 
 1.37519E+03  5.55902E-13  5.66802E-14  1.00000E+00 generic 
 1.40000E+03  4.49689E-13  3.21206E-14  1.00000E+00 generic 
 2.70000E+03  4.43027E-14  2.21513E-15  1.00000E+00 generic 
 2.70000E+03  3.97503E-14  1.98751E-15  1.00000E+00 generic 
 5.30797E+00  3.34493E-09  1.67246E-10  5.69711E-02 SpitzerIRS 
 5.33821E+00  3.34134E-09  1.67067E-10  5.66671E-02 SpitzerIRS 
 5.36846E+00  3.33271E-09  1.66635E-10  5.63290E-02 SpitzerIRS 
 5.39870E+00  3.31335E-09  1.65667E-10  5.60127E-02 SpitzerIRS 
 5.42894E+00  3.29234E-09  1.64617E-10  5.57017E-02 SpitzerIRS 
 5.45918E+00  3.27123E-09  1.63561E-10  5.53929E-02 SpitzerIRS 
 5.48942E+00  3.26146E-09  1.63073E-10  5.51062E-02 SpitzerIRS 
 5.51967E+00  3.27101E-09  1.63551E-10  5.47861E-02 SpitzerIRS 
 5.54991E+00  3.24241E-09  1.62120E-10  5.44874E-02 SpitzerIRS 
 5.58015E+00  3.22439E-09  1.61220E-10  5.41923E-02 SpitzerIRS 
 5.61039E+00  3.19380E-09  1.59690E-10  5.38993E-02 SpitzerIRS 
 5.64063E+00  3.17977E-09  1.58989E-10  5.36288E-02 SpitzerIRS 
 5.67088E+00  3.19189E-09  1.59595E-10  5.33252E-02 SpitzerIRS 
 5.70112E+00  3.18985E-09  1.59492E-10  5.30424E-02 SpitzerIRS 
 5.73136E+00  3.17890E-09  1.58945E-10  5.27623E-02 SpitzerIRS 
 5.76160E+00  3.12679E-09  1.56339E-10  5.24856E-02 SpitzerIRS 
 5.79184E+00  3.10107E-09  1.55053E-10  5.22287E-02 SpitzerIRS 
 5.82209E+00  3.06988E-09  1.53494E-10  5.19403E-02 SpitzerIRS 
 5.85233E+00  3.06731E-09  1.53365E-10  5.16710E-02 SpitzerIRS 
 5.88257E+00  3.07299E-09  1.53650E-10  5.14061E-02 SpitzerIRS 
 5.91281E+00  3.08803E-09  1.54401E-10  5.11434E-02 SpitzerIRS 
 5.94305E+00  3.06418E-09  1.53209E-10  5.09000E-02 SpitzerIRS 
 5.97330E+00  3.04038E-09  1.52019E-10  5.06253E-02 SpitzerIRS 
 6.00354E+00  3.03454E-09  1.51727E-10  5.03704E-02 SpitzerIRS 
 6.03378E+00  3.01525E-09  1.50762E-10  5.01180E-02 SpitzerIRS 
 6.06402E+00  2.98122E-09  1.49061E-10  4.98679E-02 SpitzerIRS 
 6.09426E+00  2.96481E-09  1.48240E-10  4.96362E-02 SpitzerIRS 
 6.12451E+00  2.95126E-09  1.47563E-10  4.93755E-02 SpitzerIRS 
 6.15475E+00  2.96519E-09  1.48260E-10  4.91328E-02 SpitzerIRS 
 6.18499E+00  3.00243E-09  1.50121E-10  4.88927E-02 SpitzerIRS 
 6.21523E+00  3.05511E-09  1.52756E-10  4.86547E-02 SpitzerIRS 
 6.24547E+00  3.11011E-09  1.55506E-10  4.84353E-02 SpitzerIRS 
 6.27572E+00  3.15893E-09  1.57947E-10  4.81859E-02 SpitzerIRS 
 6.30596E+00  3.12781E-09  1.56390E-10  4.79546E-02 SpitzerIRS 
 6.33620E+00  3.01286E-09  1.50643E-10  4.77251E-02 SpitzerIRS 
 6.36644E+00  2.92500E-09  1.46250E-10  4.74992E-02 SpitzerIRS 
 6.39668E+00  2.87470E-09  1.43735E-10  4.72903E-02 SpitzerIRS 
 6.42693E+00  2.83424E-09  1.41712E-10  4.70520E-02 SpitzerIRS 
 6.45717E+00  2.80379E-09  1.40190E-10  4.68318E-02 SpitzerIRS 
 6.48741E+00  2.78169E-09  1.39085E-10  4.66134E-02 SpitzerIRS 
 6.51765E+00  2.75747E-09  1.37874E-10  4.63972E-02 SpitzerIRS 
 6.54789E+00  2.73604E-09  1.36802E-10  4.61975E-02 SpitzerIRS 
 6.57814E+00  2.69804E-09  1.34902E-10  4.59704E-02 SpitzerIRS 
 6.60838E+00  2.69166E-09  1.34583E-10  4.57602E-02 SpitzerIRS 
 6.63862E+00  2.67667E-09  1.33833E-10  4.55518E-02 SpitzerIRS 
 6.66886E+00  2.63569E-09  1.31785E-10  4.53451E-02 SpitzerIRS 
 6.69910E+00  2.63804E-09  1.31902E-10  4.51555E-02 SpitzerIRS 
 6.72935E+00  2.63170E-09  1.31585E-10  4.49375E-02 SpitzerIRS 
 6.75959E+00  2.65389E-09  1.32694E-10  4.47366E-02 SpitzerIRS 
 6.78983E+00  2.63744E-09  1.31872E-10  4.45366E-02 SpitzerIRS 
 6.82007E+00  2.60820E-09  1.30410E-10  4.43397E-02 SpitzerIRS 
 6.85031E+00  2.58548E-09  1.29274E-10  4.41587E-02 SpitzerIRS 
 6.88056E+00  2.58300E-09  1.29150E-10  4.39501E-02 SpitzerIRS 
 6.91080E+00  2.55393E-09  1.27697E-10  4.37576E-02 SpitzerIRS 
 6.94104E+00  2.54285E-09  1.27143E-10  4.35671E-02 SpitzerIRS 
 6.97128E+00  2.53753E-09  1.26876E-10  4.33781E-02 SpitzerIRS 
 7.00152E+00  2.51047E-09  1.25523E-10  4.32049E-02 SpitzerIRS 
 7.03177E+00  2.49995E-09  1.24997E-10  4.30042E-02 SpitzerIRS 
 7.06201E+00  2.48140E-09  1.24070E-10  4.28208E-02 SpitzerIRS 
 7.09225E+00  2.47748E-09  1.23874E-10  4.26381E-02 SpitzerIRS 
 7.12249E+00  2.48433E-09  1.24217E-10  4.24572E-02 SpitzerIRS 
 7.15273E+00  2.49284E-09  1.24642E-10  4.22917E-02 SpitzerIRS 
 7.18298E+00  2.50412E-09  1.25206E-10  4.20995E-02 SpitzerIRS 
 7.21322E+00  2.50618E-09  1.25309E-10  4.19232E-02 SpitzerIRS 
 7.24346E+00  2.50247E-09  1.25124E-10  4.17480E-02 SpitzerIRS 
 7.27370E+00  2.50764E-09  1.25382E-10  4.15739E-02 SpitzerIRS 
 7.30394E+00  2.47729E-09  1.23864E-10  4.14161E-02 SpitzerIRS 
 7.33419E+00  2.46145E-09  1.23073E-10  4.12317E-02 SpitzerIRS 
 7.36443E+00  2.46527E-09  1.23263E-10  4.10622E-02 SpitzerIRS 
 7.39467E+00  2.45279E-09  1.22639E-10  4.08945E-02 SpitzerIRS 
 7.42491E+00  2.46073E-09  1.23037E-10  4.07278E-02 SpitzerIRS 
 7.45515E+00  2.49679E-09  1.24840E-10  4.05761E-02 SpitzerIRS 
 7.48540E+00  2.56805E-09  1.28402E-10  4.03981E-02 SpitzerIRS 
 7.51564E+00  2.53831E-09  1.26915E-10  4.02361E-02 SpitzerIRS 
 7.54588E+00  2.52517E-09  1.26259E-10  4.00750E-02 SpitzerIRS 
 7.57612E+00  2.52609E-09  1.26304E-10  7.98299E-02 SpitzerIRS 
 7.63660E+00  2.54368E-09  1.27184E-10  7.92108E-02 SpitzerIRS 
 7.69709E+00  2.58318E-09  1.29159E-10  7.85748E-02 SpitzerIRS 
 7.75757E+00  2.64523E-09  1.32262E-10  7.79627E-02 SpitzerIRS 
 7.81805E+00  2.69956E-09  1.34978E-10  7.73724E-02 SpitzerIRS 
 7.87854E+00  2.76014E-09  1.38007E-10  7.67657E-02 SpitzerIRS 
 7.93902E+00  2.83334E-09  1.41667E-10  7.61928E-02 SpitzerIRS 
 7.99951E+00  2.91498E-09  1.45749E-10  7.56048E-02 SpitzerIRS 
 8.05999E+00  3.02544E-09  1.51272E-10  7.50374E-02 SpitzerIRS 
 8.12047E+00  3.14199E-09  1.57100E-10  7.44904E-02 SpitzerIRS 
 8.18096E+00  3.24762E-09  1.62381E-10  7.39279E-02 SpitzerIRS 
 8.24144E+00  3.32459E-09  1.66229E-10  7.33854E-02 SpitzerIRS 
 8.30192E+00  3.39413E-09  1.69707E-10  7.28623E-02 SpitzerIRS 
 8.36241E+00  3.43832E-09  1.71916E-10  7.23238E-02 SpitzerIRS 
 8.42289E+00  3.49946E-09  1.74973E-10  7.18045E-02 SpitzerIRS 
 8.48337E+00  3.58507E-09  1.79253E-10  7.13049E-02 SpitzerIRS 
 8.54386E+00  3.63623E-09  1.81812E-10  7.07867E-02 SpitzerIRS 
 8.60434E+00  3.71140E-09  1.85570E-10  7.03024E-02 SpitzerIRS 
 8.66483E+00  3.76669E-09  1.88335E-10  6.97995E-02 SpitzerIRS 
 8.72531E+00  3.86471E-09  1.93235E-10  6.93157E-02 SpitzerIRS 
 8.78579E+00  3.97626E-09  1.98813E-10  6.88495E-02 SpitzerIRS 
 8.84628E+00  4.03694E-09  2.01847E-10  6.83678E-02 SpitzerIRS 
 8.90676E+00  4.13342E-09  2.06671E-10  6.79036E-02 SpitzerIRS 
 8.96724E+00  4.26115E-09  2.13058E-10  6.74563E-02 SpitzerIRS 
 9.02773E+00  4.43106E-09  2.21553E-10  6.69937E-02 SpitzerIRS 
 9.08821E+00  4.58419E-09  2.29210E-10  6.65479E-02 SpitzerIRS 
 9.14869E+00  4.74193E-09  2.37097E-10  6.61184E-02 SpitzerIRS 
 9.20918E+00  4.83525E-09  2.41763E-10  6.56737E-02 SpitzerIRS 
 9.26966E+00  4.88868E-09  2.44434E-10  6.52556E-02 SpitzerIRS 
 9.33015E+00  4.94746E-09  2.47373E-10  6.48222E-02 SpitzerIRS 
 9.39063E+00  4.97133E-09  2.48567E-10  6.44047E-02 SpitzerIRS 
 9.45111E+00  4.89701E-09  2.44850E-10  6.40026E-02 SpitzerIRS 
 9.51160E+00  4.79859E-09  2.39930E-10  6.35857E-02 SpitzerIRS 
 9.57208E+00  4.73601E-09  2.36801E-10  6.31839E-02 SpitzerIRS 
 9.63256E+00  4.67576E-09  2.33788E-10  6.27981E-02 SpitzerIRS 
 9.69305E+00  4.64740E-09  2.32370E-10  6.23943E-02 SpitzerIRS 
 9.75353E+00  4.61947E-09  2.30974E-10  6.20085E-02 SpitzerIRS 
 9.81401E+00  4.64064E-09  2.32032E-10  6.16370E-02 SpitzerIRS 
 9.87450E+00  4.66043E-09  2.33021E-10  6.12488E-02 SpitzerIRS 
 9.93498E+00  4.67308E-09  2.33654E-10  6.08855E-02 SpitzerIRS 
 9.99547E+00  4.67825E-09  2.33913E-10  6.05074E-02 SpitzerIRS 
 1.00559E+01  4.64357E-09  2.32179E-10  6.01435E-02 SpitzerIRS 
 1.01164E+01  4.52213E-09  2.26107E-10  5.97938E-02 SpitzerIRS 
 1.01769E+01  4.44743E-09  2.22372E-10  5.94286E-02 SpitzerIRS 
 1.02374E+01  4.44680E-09  2.22340E-10  5.90775E-02 SpitzerIRS 
 1.02979E+01  4.48319E-09  2.24159E-10  5.87402E-02 SpitzerIRS 
 1.03584E+01  4.40244E-09  2.20122E-10  5.83876E-02 SpitzerIRS 
 1.04189E+01  4.34362E-09  2.17181E-10  5.80486E-02 SpitzerIRS 
 1.04793E+01  4.32429E-09  2.16215E-10  5.77232E-02 SpitzerIRS 
 1.05398E+01  4.27094E-09  2.13547E-10  5.73824E-02 SpitzerIRS 
 1.06003E+01  4.20478E-09  2.10239E-10  5.70644E-02 SpitzerIRS 
 1.06608E+01  4.14247E-09  2.07123E-10  5.67313E-02 SpitzerIRS 
 1.07213E+01  4.10324E-09  2.05162E-10  5.64112E-02 SpitzerIRS 
 1.07818E+01  4.06726E-09  2.03363E-10  5.61041E-02 SpitzerIRS 
 1.08422E+01  4.03722E-09  2.01861E-10  5.57818E-02 SpitzerIRS 
 1.09027E+01  3.99439E-09  1.99719E-10  5.54724E-02 SpitzerIRS 
 1.09632E+01  3.92109E-09  1.96054E-10  5.51755E-02 SpitzerIRS 
 1.10237E+01  3.90052E-09  1.95026E-10  5.48637E-02 SpitzerIRS 
 1.10842E+01  3.84917E-09  1.92458E-10  5.45643E-02 SpitzerIRS 
 1.11447E+01  3.82477E-09  1.91238E-10  5.42772E-02 SpitzerIRS 
 1.12051E+01  3.81235E-09  1.90617E-10  5.39752E-02 SpitzerIRS 
 1.12656E+01  3.76569E-09  1.88284E-10  5.36943E-02 SpitzerIRS 
 1.13261E+01  3.71233E-09  1.85617E-10  5.33987E-02 SpitzerIRS 
 1.13866E+01  3.56957E-09  1.78478E-10  5.31151E-02 SpitzerIRS 
 1.14471E+01  3.43745E-09  1.71873E-10  5.28432E-02 SpitzerIRS 
 1.15076E+01  3.32092E-09  1.66046E-10  5.25568E-02 SpitzerIRS 
 1.15680E+01  3.18633E-09  1.59317E-10  5.22820E-02 SpitzerIRS 
 1.16285E+01  3.06414E-09  1.53207E-10  5.20187E-02 SpitzerIRS 
 1.16890E+01  2.94098E-09  1.47049E-10  5.17409E-02 SpitzerIRS 
 1.17495E+01  2.82543E-09  1.41271E-10  5.14746E-02 SpitzerIRS 
 1.18100E+01  2.71174E-09  1.35587E-10  5.12194E-02 SpitzerIRS 
 1.18705E+01  2.60309E-09  1.30155E-10  5.09500E-02 SpitzerIRS 
 1.19309E+01  2.54339E-09  1.27170E-10  5.07001E-02 SpitzerIRS 
 1.19914E+01  2.49512E-09  1.24756E-10  5.04360E-02 SpitzerIRS 
 1.20519E+01  2.41479E-09  1.20740E-10  5.01829E-02 SpitzerIRS 
 1.21124E+01  2.34030E-09  1.17015E-10  4.99406E-02 SpitzerIRS 
 1.21729E+01  2.26571E-09  1.13285E-10  4.96842E-02 SpitzerIRS 
 1.22334E+01  2.20420E-09  1.10210E-10  4.94386E-02 SpitzerIRS 
 1.22938E+01  2.15174E-09  1.07587E-10  4.92035E-02 SpitzerIRS 
 1.23543E+01  2.13324E-09  1.06662E-10  4.89545E-02 SpitzerIRS 
 1.24148E+01  2.08706E-09  1.04353E-10  4.87160E-02 SpitzerIRS 
 1.24753E+01  2.03311E-09  1.01656E-10  4.84879E-02 SpitzerIRS 
 1.25358E+01  1.99061E-09  9.95306E-11  4.82459E-02 SpitzerIRS 
 1.25963E+01  1.96319E-09  9.81593E-11  4.80222E-02 SpitzerIRS 
 1.26568E+01  1.93069E-09  9.65346E-11  4.77848E-02 SpitzerIRS 
 1.27172E+01  1.89011E-09  9.45053E-11  4.75575E-02 SpitzerIRS 
 1.27777E+01  1.85898E-09  9.29491E-11  4.73403E-02 SpitzerIRS 
 1.28382E+01  1.83118E-09  9.15588E-11  4.71094E-02 SpitzerIRS 
 1.28987E+01  1.80350E-09  9.01750E-11  4.68885E-02 SpitzerIRS 
 1.29592E+01  1.77342E-09  8.86710E-11  4.66774E-02 SpitzerIRS 
 1.30197E+01  1.74965E-09  8.74825E-11  4.64529E-02 SpitzerIRS 
 1.30801E+01  1.73566E-09  8.67828E-11  4.62381E-02 SpitzerIRS 
 1.31406E+01  1.71831E-09  8.59156E-11  4.60329E-02 SpitzerIRS 
 1.32011E+01  1.70617E-09  8.53085E-11  4.58151E-02 SpitzerIRS 
 1.32616E+01  1.69056E-09  8.45282E-11  4.56047E-02 SpitzerIRS 
 1.33221E+01  1.67273E-09  8.36366E-11  4.54059E-02 SpitzerIRS 
 1.33826E+01  1.65503E-09  8.27513E-11  4.51932E-02 SpitzerIRS 
 1.34430E+01  1.64261E-09  8.21305E-11  5.00854E-02 SpitzerIRS 
 1.35104E+01  1.64053E-09  8.20265E-11  7.69039E-03 SpitzerIRS 
 1.35207E+01  1.62860E-09  8.14299E-11  7.69928E-03 SpitzerIRS 
 1.35312E+01  1.63793E-09  8.18964E-11  7.69335E-03 SpitzerIRS 
 1.35416E+01  1.63541E-09  8.17703E-11  7.69482E-03 SpitzerIRS 
 1.35520E+01  1.63946E-09  8.19732E-11  7.69629E-03 SpitzerIRS 
 1.35624E+01  1.63871E-09  8.19356E-11  7.69774E-03 SpitzerIRS 
 1.35729E+01  1.62940E-09  8.14700E-11  7.69182E-03 SpitzerIRS 
 1.35833E+01  1.63963E-09  8.19813E-11  7.69327E-03 SpitzerIRS 
 1.35938E+01  1.64281E-09  8.65578E-11  7.69471E-03 SpitzerIRS 
 1.36042E+01  1.64291E-09  8.21454E-11  7.69615E-03 SpitzerIRS 
 1.36147E+01  1.62842E-09  8.14212E-11  7.69757E-03 SpitzerIRS 
 1.36252E+01  1.64021E-09  8.20105E-11  7.69165E-03 SpitzerIRS 
 1.36356E+01  1.64454E-09  8.22272E-11  7.70041E-03 SpitzerIRS 
 1.36461E+01  1.62306E-09  8.11528E-11  7.69448E-03 SpitzerIRS 
 1.36566E+01  1.63647E-09  8.18236E-11  7.69589E-03 SpitzerIRS 
 1.36671E+01  1.65410E-09  8.27050E-11  7.68997E-03 SpitzerIRS 
 1.36777E+01  1.65316E-09  8.26582E-11  7.69869E-03 SpitzerIRS 
 1.36882E+01  1.66503E-09  8.32513E-11  7.69276E-03 SpitzerIRS 
 1.36987E+01  1.67008E-09  8.35040E-11  7.69415E-03 SpitzerIRS 
 1.37093E+01  1.67527E-09  8.37633E-11  7.69553E-03 SpitzerIRS 
 1.37198E+01  1.66347E-09  8.31733E-11  7.69690E-03 SpitzerIRS 
 1.37304E+01  1.64411E-09  8.22054E-11  7.69826E-03 SpitzerIRS 
 1.37409E+01  1.63438E-09  8.17192E-11  7.69234E-03 SpitzerIRS 
 1.37515E+01  1.63264E-09  8.16320E-11  7.69370E-03 SpitzerIRS 
 1.37621E+01  1.62810E-09  8.14049E-11  7.69505E-03 SpitzerIRS 
 1.37727E+01  1.62028E-09  8.10141E-11  7.69640E-03 SpitzerIRS 
 1.37833E+01  1.64641E-09  8.23207E-11  7.69773E-03 SpitzerIRS 
 1.37939E+01  1.64499E-09  8.22496E-11  7.69181E-03 SpitzerIRS 
 1.38045E+01  1.62977E-09  8.14887E-11  7.70039E-03 SpitzerIRS 
 1.38151E+01  1.64776E-09  8.23878E-11  7.69446E-03 SpitzerIRS 
 1.38258E+01  1.63821E-09  8.19106E-11  7.69578E-03 SpitzerIRS 
 1.38364E+01  1.63332E-09  8.16659E-11  7.69709E-03 SpitzerIRS 
 1.38470E+01  1.63562E-09  8.17808E-11  7.69117E-03 SpitzerIRS 
 1.38577E+01  1.62718E-09  8.13588E-11  7.69247E-03 SpitzerIRS 
 1.38684E+01  1.64013E-09  8.20067E-11  7.70098E-03 SpitzerIRS 
 1.38790E+01  1.62505E-09  8.12525E-11  7.69506E-03 SpitzerIRS 
 1.38897E+01  1.61958E-09  8.09789E-11  7.69634E-03 SpitzerIRS 
 1.39004E+01  1.62368E-09  8.11840E-11  7.69042E-03 SpitzerIRS 
 1.39111E+01  1.62113E-09  8.10564E-11  7.69889E-03 SpitzerIRS 
 1.39218E+01  1.62779E-09  8.13897E-11  7.69297E-03 SpitzerIRS 
 1.39325E+01  1.61977E-09  8.09887E-11  7.69423E-03 SpitzerIRS 
 1.39432E+01  1.62545E-09  8.12727E-11  7.69549E-03 SpitzerIRS 
 1.39540E+01  1.63804E-09  8.19021E-11  7.69673E-03 SpitzerIRS 
 1.39647E+01  1.60949E-09  8.04747E-11  7.69798E-03 SpitzerIRS 
 1.39755E+01  1.61423E-09  8.07117E-11  7.69205E-03 SpitzerIRS 
 1.39862E+01  1.61901E-09  8.09507E-11  7.69329E-03 SpitzerIRS 
 1.39970E+01  1.60740E-09  8.03698E-11  7.69452E-03 SpitzerIRS 
 1.40077E+01  1.60268E-09  8.01338E-11  7.69575E-03 SpitzerIRS 
 1.40185E+01  1.60413E-09  8.02065E-11  7.69696E-03 SpitzerIRS 
 1.40293E+01  1.60453E-09  8.02263E-11  7.69817E-03 SpitzerIRS 
 1.40401E+01  1.58590E-09  7.92949E-11  7.69225E-03 SpitzerIRS 
 1.40509E+01  1.57843E-09  7.89213E-11  7.69345E-03 SpitzerIRS 
 1.40617E+01  1.58374E-09  7.91868E-11  7.69465E-03 SpitzerIRS 
 1.40725E+01  1.55904E-09  7.79519E-11  7.69584E-03 SpitzerIRS 
 1.40834E+01  1.56292E-09  7.81461E-11  7.69702E-03 SpitzerIRS 
 1.40942E+01  1.57192E-09  7.85959E-11  7.69820E-03 SpitzerIRS 
 1.41051E+01  1.56655E-09  7.83275E-11  7.69227E-03 SpitzerIRS 
 1.41159E+01  1.54574E-09  7.72872E-11  7.69345E-03 SpitzerIRS 
 1.41268E+01  1.55900E-09  7.79499E-11  7.69461E-03 SpitzerIRS 
 1.41376E+01  1.54669E-09  7.73343E-11  7.69577E-03 SpitzerIRS 
 1.41485E+01  1.56173E-09  7.80863E-11  7.69692E-03 SpitzerIRS 
 1.41594E+01  1.53795E-09  7.68977E-11  7.69806E-03 SpitzerIRS 
 1.41703E+01  1.53803E-09  7.69013E-11  7.69214E-03 SpitzerIRS 
 1.41812E+01  1.54646E-09  7.73231E-11  7.70033E-03 SpitzerIRS 
 1.41921E+01  1.53766E-09  7.68831E-11  7.69441E-03 SpitzerIRS 
 1.42030E+01  1.53518E-09  7.67590E-11  7.69553E-03 SpitzerIRS 
 1.42140E+01  1.53981E-09  7.69907E-11  7.68961E-03 SpitzerIRS 
 1.42249E+01  1.53384E-09  7.66922E-11  7.69776E-03 SpitzerIRS 
 1.42359E+01  1.54419E-09  7.72093E-11  7.69887E-03 SpitzerIRS 
 1.42468E+01  1.52264E-09  7.61322E-11  7.69294E-03 SpitzerIRS 
 1.42578E+01  1.51413E-09  7.57064E-11  7.69404E-03 SpitzerIRS 
 1.42688E+01  1.52129E-09  7.60644E-11  7.69514E-03 SpitzerIRS 
 1.42797E+01  1.51941E-09  7.59704E-11  7.69622E-03 SpitzerIRS 
 1.42907E+01  1.54845E-09  7.74225E-11  7.69730E-03 SpitzerIRS 
 1.43017E+01  1.53994E-09  7.69969E-11  7.69138E-03 SpitzerIRS 
 1.43127E+01  1.53317E-09  7.66585E-11  7.69944E-03 SpitzerIRS 
 1.43237E+01  1.54307E-09  7.71536E-11  7.69352E-03 SpitzerIRS 
 1.43348E+01  1.53261E-09  7.66307E-11  7.69458E-03 SpitzerIRS 
 1.43458E+01  1.55442E-09  8.64252E-11  7.69564E-03 SpitzerIRS 
 1.43568E+01  1.52450E-09  7.62248E-11  1.53934E-02 SpitzerIRS 
 1.43789E+01  1.56402E-09  7.82009E-11  7.69876E-03 SpitzerIRS 
 1.43900E+01  1.55840E-09  7.79200E-11  7.69284E-03 SpitzerIRS 
 1.44011E+01  1.55973E-09  7.92070E-11  7.69387E-03 SpitzerIRS 
 1.44122E+01  1.55950E-09  7.79748E-11  7.69490E-03 SpitzerIRS 
 1.44232E+01  1.56064E-09  7.80321E-11  7.69591E-03 SpitzerIRS 
 1.44343E+01  1.56287E-09  7.81433E-11  7.69692E-03 SpitzerIRS 
 1.44454E+01  1.54872E-09  7.74361E-11  7.69793E-03 SpitzerIRS 
 1.44566E+01  1.54155E-09  7.70777E-11  7.69200E-03 SpitzerIRS 
 1.44677E+01  1.55486E-09  8.23362E-11  7.69992E-03 SpitzerIRS 
 1.44788E+01  1.53777E-09  7.68885E-11  7.69399E-03 SpitzerIRS 
 1.44900E+01  1.54256E-09  7.71278E-11  7.69498E-03 SpitzerIRS 
 1.45011E+01  1.54792E-09  7.73960E-11  7.69596E-03 SpitzerIRS 
 1.45123E+01  1.55193E-09  7.75966E-11  7.69004E-03 SpitzerIRS 
 1.45234E+01  1.55970E-09  7.79852E-11  7.69790E-03 SpitzerIRS 
 1.45346E+01  1.55530E-09  7.77651E-11  7.69198E-03 SpitzerIRS 
 1.45458E+01  1.56227E-09  7.81134E-11  7.69982E-03 SpitzerIRS 
 1.45570E+01  1.56511E-09  7.82555E-11  7.69389E-03 SpitzerIRS 
 1.45682E+01  1.55232E-09  7.76162E-11  7.69484E-03 SpitzerIRS 
 1.45794E+01  1.55437E-09  7.77185E-11  7.69578E-03 SpitzerIRS 
 1.45906E+01  1.55536E-09  7.77681E-11  7.69672E-03 SpitzerIRS 
 1.46019E+01  1.55215E-09  7.76076E-11  7.69080E-03 SpitzerIRS 
 1.46131E+01  1.55630E-09  7.78152E-11  7.69858E-03 SpitzerIRS 
 1.46243E+01  1.55233E-09  7.76165E-11  7.69265E-03 SpitzerIRS 
 1.46356E+01  1.57380E-09  7.86900E-11  7.70041E-03 SpitzerIRS 
 1.46469E+01  1.54802E-09  7.74008E-11  7.69448E-03 SpitzerIRS 
 1.46581E+01  1.58399E-09  7.91994E-11  7.69539E-03 SpitzerIRS 
 1.46694E+01  1.55606E-09  7.78030E-11  7.69629E-03 SpitzerIRS 
 1.46807E+01  1.55861E-09  7.79305E-11  7.69037E-03 SpitzerIRS 
 1.46920E+01  1.57038E-09  7.85188E-11  7.69807E-03 SpitzerIRS 
 1.47033E+01  1.55124E-09  7.75622E-11  7.69215E-03 SpitzerIRS 
 1.47146E+01  1.56034E-09  7.80169E-11  7.69983E-03 SpitzerIRS 
 1.47259E+01  1.56251E-09  7.81254E-11  7.69391E-03 SpitzerIRS 
 1.47373E+01  1.56176E-09  7.80881E-11  7.69478E-03 SpitzerIRS 
 1.47486E+01  1.57041E-09  7.85206E-11  7.69564E-03 SpitzerIRS 
 1.47600E+01  1.56990E-09  7.84950E-11  7.69650E-03 SpitzerIRS 
 1.47713E+01  1.56380E-09  7.81898E-11  7.69058E-03 SpitzerIRS 
 1.47827E+01  1.57056E-09  7.85280E-11  7.69820E-03 SpitzerIRS 
 1.47941E+01  1.56068E-09  7.80340E-11  7.69228E-03 SpitzerIRS 
 1.48054E+01  1.55201E-09  7.76006E-11  7.69987E-03 SpitzerIRS 
 1.48168E+01  1.55817E-09  7.79083E-11  7.69395E-03 SpitzerIRS 
 1.48282E+01  1.55949E-09  7.79746E-11  7.69478E-03 SpitzerIRS 
 1.48397E+01  1.55721E-09  7.78603E-11  7.69560E-03 SpitzerIRS 
 1.48511E+01  1.56731E-09  7.83657E-11  7.69642E-03 SpitzerIRS 
 1.48625E+01  1.57151E-09  7.85757E-11  7.69050E-03 SpitzerIRS 
 1.48739E+01  1.56753E-09  7.83764E-11  7.69803E-03 SpitzerIRS 
 1.48854E+01  1.57171E-09  7.85856E-11  7.69883E-03 SpitzerIRS 
 1.48968E+01  1.58129E-09  7.90647E-11  7.69291E-03 SpitzerIRS 
 1.49083E+01  1.56231E-09  7.81156E-11  7.69370E-03 SpitzerIRS 
 1.49198E+01  1.57306E-09  7.86529E-11  7.69449E-03 SpitzerIRS 
 1.49313E+01  1.58440E-09  7.92201E-11  7.69527E-03 SpitzerIRS 
 1.49427E+01  1.57258E-09  7.86289E-11  7.69605E-03 SpitzerIRS 
 1.49542E+01  1.57469E-09  7.87346E-11  7.69681E-03 SpitzerIRS 
 1.49657E+01  1.58123E-09  7.90614E-11  7.69758E-03 SpitzerIRS 
 1.49773E+01  1.56019E-09  7.80095E-11  7.69166E-03 SpitzerIRS 
 1.49888E+01  1.56849E-09  7.84246E-11  7.69242E-03 SpitzerIRS 
 1.50003E+01  1.55004E-09  7.75018E-11  7.69984E-03 SpitzerIRS 
 1.50119E+01  1.54570E-09  7.72852E-11  7.69391E-03 SpitzerIRS 
 1.50234E+01  1.55927E-09  7.79636E-11  7.69465E-03 SpitzerIRS 
 1.50350E+01  1.55356E-09  7.76779E-11  7.69539E-03 SpitzerIRS 
 1.50465E+01  1.54834E-09  7.74169E-11  7.69612E-03 SpitzerIRS 
 1.50581E+01  1.56330E-09  7.81648E-11  7.69684E-03 SpitzerIRS 
 1.50697E+01  1.56299E-09  7.81497E-11  7.69092E-03 SpitzerIRS 
 1.50813E+01  1.55698E-09  7.78488E-11  7.69827E-03 SpitzerIRS 
 1.50929E+01  1.54059E-09  7.70296E-11  7.69235E-03 SpitzerIRS 
 1.51045E+01  1.54029E-09  7.70145E-11  7.69968E-03 SpitzerIRS 
 1.51162E+01  1.54504E-09  7.72522E-11  7.69375E-03 SpitzerIRS 
 1.51278E+01  1.52733E-09  7.63663E-11  7.69445E-03 SpitzerIRS 
 1.51394E+01  1.52358E-09  7.61791E-11  7.69514E-03 SpitzerIRS 
 1.51511E+01  1.54871E-09  7.74355E-11  7.69582E-03 SpitzerIRS 
 1.51627E+01  1.52423E-09  7.62114E-11  7.69650E-03 SpitzerIRS 
 1.51744E+01  1.52032E-09  7.60162E-11  7.69717E-03 SpitzerIRS 
 1.51861E+01  1.52144E-09  7.60719E-11  7.69125E-03 SpitzerIRS 
 1.51978E+01  1.51584E-09  7.57920E-11  7.69850E-03 SpitzerIRS 
 1.52095E+01  1.52467E-09  7.62335E-11  7.69258E-03 SpitzerIRS 
 1.52212E+01  1.53071E-09  7.65354E-11  7.69323E-03 SpitzerIRS 
 1.52329E+01  1.52423E-09  7.62117E-11  7.70045E-03 SpitzerIRS 
 1.52446E+01  1.52903E-09  7.64515E-11  7.69452E-03 SpitzerIRS 
 1.52563E+01  1.52183E-09  7.60914E-11  7.69516E-03 SpitzerIRS 
 1.52681E+01  1.53160E-09  7.65799E-11  7.69579E-03 SpitzerIRS 
 1.52798E+01  1.53825E-09  7.69125E-11  7.68988E-03 SpitzerIRS 
 1.52916E+01  1.54507E-09  7.72537E-11  7.69705E-03 SpitzerIRS 
 1.53034E+01  1.54672E-09  7.73362E-11  7.69766E-03 SpitzerIRS 
 1.53151E+01  1.56368E-09  7.81841E-11  7.69174E-03 SpitzerIRS 
 1.53269E+01  1.54645E-09  7.73225E-11  7.69888E-03 SpitzerIRS 
 1.53387E+01  1.56791E-09  7.83954E-11  7.69295E-03 SpitzerIRS 
 1.53505E+01  1.58975E-09  7.94874E-11  7.69356E-03 SpitzerIRS 
 1.53623E+01  1.57433E-09  7.87165E-11  1.54013E-02 SpitzerIRS 
 1.53860E+01  1.57900E-09  7.89500E-11  7.69532E-03 SpitzerIRS 
 1.53978E+01  1.57900E-09  7.89500E-11  7.69589E-03 SpitzerIRS 
 1.54097E+01  1.58811E-09  7.94056E-11  7.68998E-03 SpitzerIRS 
 1.54215E+01  1.59124E-09  7.95622E-11  7.69704E-03 SpitzerIRS 
 1.54334E+01  1.58488E-09  7.92442E-11  7.69760E-03 SpitzerIRS 
 1.54453E+01  1.59329E-09  7.96645E-11  7.69168E-03 SpitzerIRS 
 1.54572E+01  1.59676E-09  7.98382E-11  7.69870E-03 SpitzerIRS 
 1.54690E+01  1.59792E-09  9.76769E-11  7.69278E-03 SpitzerIRS 
 1.54809E+01  1.60624E-09  8.03119E-11  7.69333E-03 SpitzerIRS 
 1.54929E+01  1.61863E-09  8.09315E-11  7.70032E-03 SpitzerIRS 
 1.55048E+01  1.62013E-09  8.10064E-11  7.69440E-03 SpitzerIRS 
 1.55167E+01  1.62038E-09  8.10188E-11  7.69493E-03 SpitzerIRS 
 1.55287E+01  1.62418E-09  8.12088E-11  7.69545E-03 SpitzerIRS 
 1.55406E+01  1.63657E-09  8.18284E-11  7.69597E-03 SpitzerIRS 
 1.55526E+01  1.63729E-09  8.18645E-11  7.69648E-03 SpitzerIRS 
 1.55645E+01  1.62888E-09  8.14441E-11  7.69056E-03 SpitzerIRS 
 1.55765E+01  1.63378E-09  8.16890E-11  7.69749E-03 SpitzerIRS 
 1.55885E+01  1.63626E-09  8.18130E-11  7.69157E-03 SpitzerIRS 
 1.56005E+01  1.64284E-09  8.21422E-11  7.69848E-03 SpitzerIRS 
 1.56125E+01  1.65046E-09  8.25229E-11  7.69255E-03 SpitzerIRS 
 1.56245E+01  1.64353E-09  8.21766E-11  7.69944E-03 SpitzerIRS 
 1.56365E+01  1.63774E-09  8.18870E-11  7.69352E-03 SpitzerIRS 
 1.56486E+01  1.64836E-09  8.24182E-11  7.69399E-03 SpitzerIRS 
 1.56606E+01  1.63977E-09  8.19887E-11  7.69446E-03 SpitzerIRS 
 1.56727E+01  1.63942E-09  8.19710E-11  7.69493E-03 SpitzerIRS 
 1.56847E+01  1.64271E-09  8.21356E-11  7.69539E-03 SpitzerIRS 
 1.56968E+01  1.64496E-09  8.22482E-11  7.69584E-03 SpitzerIRS 
 1.57089E+01  1.64428E-09  8.22142E-11  7.69629E-03 SpitzerIRS 
 1.57210E+01  1.65910E-09  8.29548E-11  7.69673E-03 SpitzerIRS 
 1.57331E+01  1.65874E-09  8.29368E-11  7.69717E-03 SpitzerIRS 
 1.57452E+01  1.65878E-09  8.29388E-11  7.69125E-03 SpitzerIRS 
 1.57573E+01  1.65697E-09  8.28484E-11  7.69803E-03 SpitzerIRS 
 1.57694E+01  1.67199E-09  8.35995E-11  7.69211E-03 SpitzerIRS 
 1.57815E+01  1.67637E-09  8.38187E-11  7.69887E-03 SpitzerIRS 
 1.57937E+01  1.68338E-09  8.41690E-11  7.69295E-03 SpitzerIRS 
 1.58058E+01  1.67978E-09  8.39889E-11  7.69336E-03 SpitzerIRS 
 1.58180E+01  1.68069E-09  8.40346E-11  7.70009E-03 SpitzerIRS 
 1.58302E+01  1.66746E-09  8.33730E-11  7.69416E-03 SpitzerIRS 
 1.58424E+01  1.67282E-09  8.36409E-11  7.69456E-03 SpitzerIRS 
 1.58545E+01  1.67564E-09  8.37822E-11  7.69495E-03 SpitzerIRS 
 1.58667E+01  1.68172E-09  8.40861E-11  7.69534E-03 SpitzerIRS 
 1.58790E+01  1.68256E-09  8.41282E-11  7.69572E-03 SpitzerIRS 
 1.58912E+01  1.68920E-09  8.44601E-11  7.69609E-03 SpitzerIRS 
 1.59034E+01  1.69541E-09  8.47706E-11  7.69646E-03 SpitzerIRS 
 1.59156E+01  1.70665E-09  8.53325E-11  7.69054E-03 SpitzerIRS 
 1.59279E+01  1.70912E-09  8.54560E-11  7.69719E-03 SpitzerIRS 
 1.59401E+01  1.71567E-09  8.57834E-11  7.69754E-03 SpitzerIRS 
 1.59524E+01  1.72255E-09  8.61273E-11  7.69162E-03 SpitzerIRS 
 1.59647E+01  1.71861E-09  8.59303E-11  7.69824E-03 SpitzerIRS 
 1.59770E+01  1.72945E-09  8.64725E-11  7.69232E-03 SpitzerIRS 
 1.59893E+01  1.74070E-09  8.70351E-11  7.69891E-03 SpitzerIRS 
 1.60016E+01  1.74440E-09  8.72200E-11  7.69299E-03 SpitzerIRS 
 1.60139E+01  1.74433E-09  8.72164E-11  7.69332E-03 SpitzerIRS 
 1.60262E+01  1.74953E-09  8.74766E-11  7.69989E-03 SpitzerIRS 
 1.60386E+01  1.71784E-09  8.58918E-11  7.69396E-03 SpitzerIRS 
 1.60509E+01  1.73366E-09  8.66831E-11  7.69428E-03 SpitzerIRS 
 1.60632E+01  1.74038E-09  8.70189E-11  7.69459E-03 SpitzerIRS 
 1.60756E+01  1.73724E-09  8.68620E-11  7.69489E-03 SpitzerIRS 
 1.60880E+01  1.73238E-09  8.66190E-11  7.69519E-03 SpitzerIRS 
 1.61003E+01  1.74741E-09  8.73703E-11  7.69548E-03 SpitzerIRS 
 1.61127E+01  1.74092E-09  8.70459E-11  7.69577E-03 SpitzerIRS 
 1.61251E+01  1.74987E-09  8.74937E-11  7.69606E-03 SpitzerIRS 
 1.61376E+01  1.75248E-09  8.76242E-11  7.69634E-03 SpitzerIRS 
 1.61500E+01  1.75124E-09  8.75618E-11  7.69661E-03 SpitzerIRS 
 1.61624E+01  1.74644E-09  8.73219E-11  7.69069E-03 SpitzerIRS 
 1.61748E+01  1.74201E-09  8.71007E-11  7.69714E-03 SpitzerIRS 
 1.61873E+01  1.73305E-09  8.66526E-11  7.69740E-03 SpitzerIRS 
 1.61997E+01  1.75036E-09  8.75180E-11  7.69148E-03 SpitzerIRS 
 1.62122E+01  1.75832E-09  8.79161E-11  7.69791E-03 SpitzerIRS 
 1.62247E+01  1.74073E-09  8.70365E-11  7.69199E-03 SpitzerIRS 
 1.62372E+01  1.74099E-09  8.70495E-11  7.69839E-03 SpitzerIRS 
 1.62497E+01  1.75819E-09  8.79094E-11  7.69247E-03 SpitzerIRS 
 1.62622E+01  1.75768E-09  8.78842E-11  7.69885E-03 SpitzerIRS 
 1.62747E+01  1.74214E-09  8.71072E-11  7.69293E-03 SpitzerIRS 
 1.62872E+01  1.74358E-09  8.71788E-11  7.69316E-03 SpitzerIRS 
 1.62997E+01  1.74375E-09  8.71875E-11  7.69951E-03 SpitzerIRS 
 1.63123E+01  1.74401E-09  8.72004E-11  7.69359E-03 SpitzerIRS 
 1.63248E+01  1.73873E-09  8.69367E-11  7.69380E-03 SpitzerIRS 
 1.63374E+01  1.72389E-09  8.61944E-11  7.69401E-03 SpitzerIRS 
 1.63500E+01  1.71062E-09  8.55311E-11  7.70032E-03 SpitzerIRS 
 1.63625E+01  1.70964E-09  8.54821E-11  7.69440E-03 SpitzerIRS 
 1.63751E+01  1.69698E-09  8.48489E-11  7.69459E-03 SpitzerIRS 
 1.63877E+01  1.68916E-09  8.44579E-11  7.69478E-03 SpitzerIRS 
 1.64003E+01  1.69686E-09  8.48432E-11  7.69496E-03 SpitzerIRS 
 1.64130E+01  1.72802E-09  8.64009E-11  7.69513E-03 SpitzerIRS 
 1.64256E+01  1.71634E-09  8.58172E-11  7.69530E-03 SpitzerIRS 
 1.64382E+01  1.73627E-09  8.68133E-11  7.69547E-03 SpitzerIRS 
 1.64509E+01  1.73310E-09  8.66551E-11  7.69563E-03 SpitzerIRS 
 1.64636E+01  1.73792E-09  8.68960E-11  7.69579E-03 SpitzerIRS 
 1.64762E+01  1.73300E-09  8.66499E-11  7.69594E-03 SpitzerIRS 
 1.64889E+01  1.67930E-09  8.39648E-11  7.69609E-03 SpitzerIRS 
 1.65016E+01  1.71044E-09  8.55219E-11  7.69017E-03 SpitzerIRS 
 1.65143E+01  1.72883E-09  8.64415E-11  7.69637E-03 SpitzerIRS 
 1.65270E+01  1.69740E-09  8.48701E-11  1.53991E-02 SpitzerIRS 
 1.65524E+01  1.72309E-09  8.61547E-11  7.69675E-03 SpitzerIRS 
 1.65652E+01  1.72099E-09  8.60496E-11  7.69083E-03 SpitzerIRS 
 1.65779E+01  1.70979E-09  8.54893E-11  7.69698E-03 SpitzerIRS 
 1.65907E+01  1.72271E-09  8.61357E-11  7.69709E-03 SpitzerIRS 
 1.66034E+01  1.73278E-09  8.66389E-11  7.69117E-03 SpitzerIRS 
 1.66162E+01  1.73095E-09  8.65476E-11  7.69730E-03 SpitzerIRS 
 1.66290E+01  1.72109E-09  8.60544E-11  7.69739E-03 SpitzerIRS 
 1.66418E+01  1.73640E-09  8.68200E-11  7.69147E-03 SpitzerIRS 
 1.66546E+01  1.74049E-09  8.70247E-11  7.69757E-03 SpitzerIRS 
 1.66674E+01  1.73084E-09  8.65420E-11  7.69765E-03 SpitzerIRS 
 1.66803E+01  1.71977E-09  8.59885E-11  7.69173E-03 SpitzerIRS 
 1.66931E+01  1.72891E-09  8.64453E-11  7.69780E-03 SpitzerIRS 
 1.67059E+01  1.73730E-09  8.68650E-11  7.69187E-03 SpitzerIRS 
 1.67188E+01  1.72317E-09  8.61586E-11  7.69793E-03 SpitzerIRS 
 1.67317E+01  1.72044E-09  9.46597E-11  7.69200E-03 SpitzerIRS 
 1.67445E+01  1.71520E-09  8.57600E-11  7.69804E-03 SpitzerIRS 
 1.67574E+01  1.72561E-09  8.62806E-11  7.69211E-03 SpitzerIRS 
 1.67703E+01  1.70131E-09  8.50656E-11  7.69813E-03 SpitzerIRS 
 1.67832E+01  1.72188E-09  8.60938E-11  7.69221E-03 SpitzerIRS 
 1.67961E+01  1.71992E-09  8.59959E-11  7.69820E-03 SpitzerIRS 
 1.68091E+01  1.73397E-09  8.66987E-11  7.69228E-03 SpitzerIRS 
 1.68220E+01  1.71389E-09  8.56943E-11  7.69826E-03 SpitzerIRS 
 1.68349E+01  1.75460E-09  8.77301E-11  7.69234E-03 SpitzerIRS 
 1.68479E+01  1.77966E-09  8.89831E-11  7.69829E-03 SpitzerIRS 
 1.68609E+01  1.71460E-09  8.57300E-11  7.69237E-03 SpitzerIRS 
 1.68738E+01  1.74884E-09  8.74418E-11  7.69831E-03 SpitzerIRS 
 1.68868E+01  1.75985E-09  8.79927E-11  7.69239E-03 SpitzerIRS 
 1.68998E+01  1.74963E-09  8.74816E-11  7.69831E-03 SpitzerIRS 
 1.69128E+01  1.71733E-09  8.58664E-11  7.69239E-03 SpitzerIRS 
 1.69258E+01  1.73859E-09  8.69295E-11  7.69829E-03 SpitzerIRS 
 1.69389E+01  1.75018E-09  8.75089E-11  7.69237E-03 SpitzerIRS 
 1.69519E+01  1.73656E-09  8.68279E-11  7.69826E-03 SpitzerIRS 
 1.69649E+01  1.72583E-09  8.62916E-11  7.69233E-03 SpitzerIRS 
 1.69780E+01  1.73325E-09  8.66625E-11  7.69820E-03 SpitzerIRS 
 1.69911E+01  1.75447E-09  8.77235E-11  7.69228E-03 SpitzerIRS 
 1.70041E+01  1.73129E-09  8.65645E-11  7.69813E-03 SpitzerIRS 
 1.70172E+01  1.73017E-09  8.65084E-11  7.69221E-03 SpitzerIRS 
 1.70303E+01  1.73692E-09  8.68459E-11  7.69804E-03 SpitzerIRS 
 1.70434E+01  1.75804E-09  8.79022E-11  7.69212E-03 SpitzerIRS 
 1.70565E+01  1.75487E-09  8.77434E-11  7.69793E-03 SpitzerIRS 
 1.70697E+01  1.75060E-09  8.75300E-11  7.69787E-03 SpitzerIRS 
 1.70828E+01  1.74557E-09  8.72784E-11  7.69195E-03 SpitzerIRS 
 1.70959E+01  1.75920E-09  8.79598E-11  7.69773E-03 SpitzerIRS 
 1.71091E+01  1.75375E-09  8.76873E-11  7.69181E-03 SpitzerIRS 
 1.71223E+01  1.74340E-09  8.71699E-11  7.69758E-03 SpitzerIRS 
 1.71354E+01  1.73700E-09  8.68502E-11  7.69750E-03 SpitzerIRS 
 1.71486E+01  1.73768E-09  8.68842E-11  7.69158E-03 SpitzerIRS 
 1.71618E+01  1.74034E-09  8.70170E-11  7.69732E-03 SpitzerIRS 
 1.71750E+01  1.74108E-09  8.70541E-11  7.69140E-03 SpitzerIRS 
 1.71882E+01  1.73876E-09  8.69379E-11  7.69712E-03 SpitzerIRS 
 1.72015E+01  1.75293E-09  8.76467E-11  7.69702E-03 SpitzerIRS 
 1.72147E+01  1.74751E-09  8.73756E-11  7.69691E-03 SpitzerIRS 
 1.72280E+01  1.76797E-09  8.83985E-11  7.69099E-03 SpitzerIRS 
 1.72412E+01  1.75158E-09  8.75791E-11  7.69668E-03 SpitzerIRS 
 1.72545E+01  1.76677E-09  8.83387E-11  7.69655E-03 SpitzerIRS 
 1.72678E+01  1.75308E-09  8.76542E-11  7.69642E-03 SpitzerIRS 
 1.72811E+01  1.76726E-09  8.83628E-11  7.69050E-03 SpitzerIRS 
 1.72943E+01  1.75871E-09  8.79357E-11  7.69616E-03 SpitzerIRS 
 1.73076E+01  1.76985E-09  8.84924E-11  7.69602E-03 SpitzerIRS 
 1.73210E+01  1.76954E-09  8.84771E-11  7.69587E-03 SpitzerIRS 
 1.73343E+01  1.77049E-09  8.85247E-11  7.69572E-03 SpitzerIRS 
 1.73476E+01  1.78236E-09  8.91182E-11  7.69557E-03 SpitzerIRS 
 1.73610E+01  1.77089E-09  8.85446E-11  7.69541E-03 SpitzerIRS 
 1.73743E+01  1.78752E-09  8.93759E-11  7.69525E-03 SpitzerIRS 
 1.73877E+01  1.76893E-09  8.84467E-11  7.69509E-03 SpitzerIRS 
 1.74011E+01  1.77983E-09  8.89913E-11  7.69492E-03 SpitzerIRS 
 1.74145E+01  1.76972E-09  8.84861E-11  7.69474E-03 SpitzerIRS 
 1.74279E+01  1.78633E-09  8.93164E-11  7.69456E-03 SpitzerIRS 
 1.74413E+01  1.76593E-09  8.82965E-11  7.69438E-03 SpitzerIRS 
 1.74547E+01  1.76928E-09  8.84640E-11  7.69992E-03 SpitzerIRS 
 1.74682E+01  1.77815E-09  9.23944E-11  7.69400E-03 SpitzerIRS 
 1.74816E+01  1.79030E-09  8.95151E-11  7.69380E-03 SpitzerIRS 
 1.74950E+01  1.80090E-09  9.00450E-11  7.69360E-03 SpitzerIRS 
 1.75085E+01  1.80611E-09  9.03057E-11  7.69911E-03 SpitzerIRS 
 1.75220E+01  1.83398E-09  9.16989E-11  1.53921E-02 SpitzerIRS 
 1.75490E+01  1.77146E-09  8.85731E-11  7.69846E-03 SpitzerIRS 
 1.75625E+01  1.76062E-09  8.80312E-11  7.69254E-03 SpitzerIRS 
 1.75760E+01  1.74816E-09  8.74079E-11  7.69801E-03 SpitzerIRS 
 1.75895E+01  1.77379E-09  8.86895E-11  7.69208E-03 SpitzerIRS 
 1.76030E+01  1.78477E-09  8.92386E-11  7.69753E-03 SpitzerIRS 
 1.76166E+01  1.79096E-09  8.95479E-11  7.69729E-03 SpitzerIRS 
 1.76302E+01  1.77980E-09  8.89900E-11  7.69137E-03 SpitzerIRS 
 1.76437E+01  1.78887E-09  8.94436E-11  7.69679E-03 SpitzerIRS 
 1.76573E+01  1.79149E-09  8.95746E-11  7.69654E-03 SpitzerIRS 
 1.76709E+01  1.80175E-09  9.00876E-11  7.69628E-03 SpitzerIRS 
 1.76845E+01  1.80001E-09  9.00007E-11  7.69601E-03 SpitzerIRS 
 1.76981E+01  1.79323E-09  8.96614E-11  7.69010E-03 SpitzerIRS 
 1.77117E+01  1.80788E-09  9.03940E-11  7.69548E-03 SpitzerIRS 
 1.77253E+01  1.81913E-09  9.09565E-11  7.69520E-03 SpitzerIRS 
 1.77390E+01  1.81651E-09  9.19855E-11  7.70056E-03 SpitzerIRS 
 1.77526E+01  1.80283E-09  9.01413E-11  7.69463E-03 SpitzerIRS 
 1.77663E+01  1.81998E-09  9.09990E-11  7.69435E-03 SpitzerIRS 
 1.77800E+01  1.81822E-09  9.09108E-11  7.69406E-03 SpitzerIRS 
 1.77936E+01  1.80052E-09  9.00260E-11  7.69376E-03 SpitzerIRS 
 1.78073E+01  1.77948E-09  8.89741E-11  7.69908E-03 SpitzerIRS 
 1.78210E+01  1.79910E-09  8.99551E-11  7.69315E-03 SpitzerIRS 
 1.78347E+01  1.78342E-09  8.91712E-11  7.69285E-03 SpitzerIRS 
 1.78485E+01  1.77041E-09  8.85204E-11  7.69814E-03 SpitzerIRS 
 1.78622E+01  1.85377E-09  9.59512E-11  7.69222E-03 SpitzerIRS 
 1.78759E+01  1.86182E-09  9.30908E-11  7.69749E-03 SpitzerIRS 
 1.78897E+01  1.86816E-09  9.34081E-11  7.69716E-03 SpitzerIRS 
 1.79035E+01  1.85245E-09  9.26224E-11  7.69124E-03 SpitzerIRS 
 1.79172E+01  1.85671E-09  9.28357E-11  7.69649E-03 SpitzerIRS 
 1.79310E+01  1.88361E-09  9.41803E-11  7.69615E-03 SpitzerIRS 
 1.79448E+01  1.87709E-09  9.38543E-11  7.69581E-03 SpitzerIRS 
 1.79586E+01  1.87126E-09  9.35629E-11  7.69546E-03 SpitzerIRS 
 1.79725E+01  1.85997E-09  9.29984E-11  7.69510E-03 SpitzerIRS 
 1.79863E+01  1.88361E-09  9.41806E-11  7.69475E-03 SpitzerIRS 
 1.80001E+01  1.88528E-09  9.42640E-11  7.69438E-03 SpitzerIRS 
 1.80140E+01  1.89116E-09  9.45580E-11  7.69402E-03 SpitzerIRS 
 1.80279E+01  1.89872E-09  9.49359E-11  7.69920E-03 SpitzerIRS 
 1.80417E+01  1.89143E-09  9.45716E-11  7.69328E-03 SpitzerIRS 
 1.80556E+01  1.91551E-09  9.57756E-11  7.69844E-03 SpitzerIRS 
 1.80695E+01  1.90779E-09  9.53897E-11  7.69252E-03 SpitzerIRS 
 1.80834E+01  1.91630E-09  9.58149E-11  7.69766E-03 SpitzerIRS 
 1.80973E+01  1.90042E-09  9.50209E-11  7.69174E-03 SpitzerIRS 
 1.81112E+01  1.89260E-09  9.46298E-11  7.69687E-03 SpitzerIRS 
 1.81252E+01  1.90969E-09  9.54843E-11  7.69647E-03 SpitzerIRS 
 1.81391E+01  1.91343E-09  9.56716E-11  7.69606E-03 SpitzerIRS 
 1.81531E+01  1.90313E-09  9.51564E-11  7.69015E-03 SpitzerIRS 
 1.81671E+01  1.90867E-09  9.54334E-11  7.69525E-03 SpitzerIRS 
 1.81810E+01  1.91519E-09  9.57595E-11  7.70033E-03 SpitzerIRS 
 1.81950E+01  1.93171E-09  9.65856E-11  7.69440E-03 SpitzerIRS 
 1.82090E+01  1.92730E-09  9.63649E-11  7.69398E-03 SpitzerIRS 
 1.82231E+01  1.92380E-09  9.61898E-11  7.69355E-03 SpitzerIRS 
 1.82371E+01  1.93046E-09  9.65228E-11  7.69861E-03 SpitzerIRS 
 1.82511E+01  1.93108E-09  9.65539E-11  7.69268E-03 SpitzerIRS 
 1.82651E+01  1.92569E-09  9.62845E-11  7.69772E-03 SpitzerIRS 
 1.82792E+01  1.93112E-09  9.65560E-11  7.69180E-03 SpitzerIRS 
 1.82933E+01  1.94196E-09  9.70981E-11  7.69682E-03 SpitzerIRS 
 1.83073E+01  1.93057E-09  9.65283E-11  7.69636E-03 SpitzerIRS 
 1.83214E+01  1.92809E-09  9.64043E-11  7.69590E-03 SpitzerIRS 
 1.83355E+01  1.93967E-09  9.69833E-11  7.69544E-03 SpitzerIRS 
 1.83497E+01  1.93991E-09  9.69955E-11  7.69497E-03 SpitzerIRS 
 1.83638E+01  1.94237E-09  9.71184E-11  7.69450E-03 SpitzerIRS 
 1.83779E+01  1.92388E-09  9.61939E-11  7.69402E-03 SpitzerIRS 
 1.83920E+01  1.94211E-09  9.76035E-11  7.69355E-03 SpitzerIRS 
 1.84062E+01  1.94044E-09  9.70220E-11  7.69850E-03 SpitzerIRS 
 1.84204E+01  1.92025E-09  9.60126E-11  7.69257E-03 SpitzerIRS 
 1.84345E+01  1.93386E-09  9.66928E-11  7.69751E-03 SpitzerIRS 
 1.84487E+01  1.94508E-09  9.72542E-11  7.69701E-03 SpitzerIRS 
 1.84629E+01  1.94298E-09  9.71490E-11  7.69109E-03 SpitzerIRS 
 1.84771E+01  1.93309E-09  9.66546E-11  7.69600E-03 SpitzerIRS 
 1.84913E+01  1.94633E-09  9.73167E-11  7.69549E-03 SpitzerIRS 
 1.85056E+01  1.95657E-09  9.78287E-11  7.69498E-03 SpitzerIRS 
 1.85198E+01  1.94196E-09  9.70979E-11  7.69446E-03 SpitzerIRS 
 1.85341E+01  1.95961E-09  9.79806E-11  7.69934E-03 SpitzerIRS 
 1.85483E+01  1.92897E-09  9.64485E-11  7.69341E-03 SpitzerIRS 
 1.85626E+01  1.95691E-09  9.78456E-11  7.69289E-03 SpitzerIRS 
 1.85769E+01  1.93443E-09  9.67215E-11  7.69774E-03 SpitzerIRS 
 1.85912E+01  1.94991E-09  9.74955E-11  7.69720E-03 SpitzerIRS 
 1.86055E+01  1.92861E-09  9.64305E-11  7.69128E-03 SpitzerIRS 
 1.86198E+01  1.93211E-09  9.66056E-11  7.69611E-03 SpitzerIRS 
 1.86341E+01  1.94425E-09  9.72125E-11  7.69556E-03 SpitzerIRS 
 1.86485E+01  1.93895E-09  9.69477E-11  7.69500E-03 SpitzerIRS 
 1.86628E+01  1.94143E-09  9.70717E-11  7.69444E-03 SpitzerIRS 
 1.86772E+01  1.93649E-09  9.68243E-11  7.69924E-03 SpitzerIRS 
 1.86916E+01  1.94426E-09  9.72130E-11  7.69331E-03 SpitzerIRS 
 1.87059E+01  1.93088E-09  9.65441E-11  7.69274E-03 SpitzerIRS 
 1.87203E+01  1.93992E-09  9.69959E-11  7.69751E-03 SpitzerIRS 
 1.87347E+01  1.95440E-09  9.77198E-11  7.69693E-03 SpitzerIRS 
 1.87492E+01  1.93568E-09  9.67840E-11  7.69634E-03 SpitzerIRS 
 1.87636E+01  1.92779E-09  9.63894E-11  7.69043E-03 SpitzerIRS 
 1.87780E+01  1.93930E-09  9.69649E-11  7.69517E-03 SpitzerIRS 
 1.87925E+01  1.94677E-09  9.73385E-11  7.69989E-03 SpitzerIRS 
 1.88069E+01  1.93063E-09  9.65313E-11  7.69397E-03 SpitzerIRS 
 1.88214E+01  1.92720E-09  9.63601E-11  7.69337E-03 SpitzerIRS 
 1.88359E+01  1.93507E-09  9.67534E-11  7.69807E-03 SpitzerIRS 
 1.88504E+01  1.93136E-09  9.65678E-11  7.69215E-03 SpitzerIRS 
 1.88649E+01  1.92816E-09  9.64082E-11  7.69684E-03 SpitzerIRS 
 1.88794E+01  1.92519E-09  9.62593E-11  7.69622E-03 SpitzerIRS 
 1.88939E+01  1.94881E-09  9.74405E-11  7.69559E-03 SpitzerIRS 
 1.89085E+01  1.92078E-09  9.60389E-11  7.69496E-03 SpitzerIRS 
 1.89230E+01  1.93632E-09  9.68158E-11  7.69433E-03 SpitzerIRS 
 1.89376E+01  1.94382E-09  9.71910E-11  7.69369E-03 SpitzerIRS 
 1.89522E+01  1.92927E-09  9.64636E-11  7.69833E-03 SpitzerIRS 
 1.89668E+01  1.91913E-09  9.59563E-11  7.69241E-03 SpitzerIRS 
 1.89813E+01  1.92408E-09  9.81256E-11  7.69703E-03 SpitzerIRS 
 1.89960E+01  1.94536E-09  9.72682E-11  7.69638E-03 SpitzerIRS 
 1.90106E+01  1.91908E-09  9.83330E-11  7.69572E-03 SpitzerIRS 
 1.90252E+01  1.90472E-09  9.52359E-11  7.69506E-03 SpitzerIRS 
 1.90398E+01  1.94421E-09  9.72104E-11  7.69439E-03 SpitzerIRS 
 1.90545E+01  1.95200E-09  9.76002E-11  7.69372E-03 SpitzerIRS 
 1.90692E+01  1.96253E-09  9.81267E-11  7.69305E-03 SpitzerIRS 
 1.90838E+01  1.91281E-09  9.56405E-11  7.69762E-03 SpitzerIRS 
 1.90985E+01  1.97113E-09  1.12159E-10  7.69694E-03 SpitzerIRS 
 1.91132E+01  1.97645E-09  9.88227E-11  7.69625E-03 SpitzerIRS 
 1.91279E+01  1.92281E-09  9.61405E-11  7.69033E-03 SpitzerIRS 
 1.91426E+01  1.92651E-09  9.63253E-11  7.70009E-03 SpitzerIRS 
 1.91574E+01  1.91885E-09  9.59425E-11  7.69417E-03 SpitzerIRS 
 1.91721E+01  1.90868E-09  9.54338E-11  7.69347E-03 SpitzerIRS 
 1.91869E+01  1.89461E-09  9.47303E-11  7.69798E-03 SpitzerIRS 
 1.92016E+01  1.88371E-09  9.41857E-11  7.69206E-03 SpitzerIRS 
 1.92164E+01  1.89990E-09  9.49952E-11  7.69655E-03 SpitzerIRS 
 1.92312E+01  1.90262E-09  9.51312E-11  7.69583E-03 SpitzerIRS 
 1.92460E+01  1.89062E-09  9.45311E-11  7.69511E-03 SpitzerIRS 
 1.92608E+01  1.89258E-09  9.46291E-11  7.69438E-03 SpitzerIRS 
 1.92756E+01  1.91875E-09  9.59377E-11  7.69366E-03 SpitzerIRS 
 1.92904E+01  1.93590E-09  9.67950E-11  7.69811E-03 SpitzerIRS 
 1.93053E+01  1.90940E-09  9.54701E-11  7.69219E-03 SpitzerIRS 
 1.93202E+01  1.86193E-09  9.30967E-11  7.69663E-03 SpitzerIRS 
 1.93350E+01  1.88549E-09  9.42747E-11  7.69588E-03 SpitzerIRS 
 1.93499E+01  1.88828E-09  9.44142E-11  7.69513E-03 SpitzerIRS 
 1.93648E+01  1.86000E-09  9.30002E-11  7.69438E-03 SpitzerIRS 
 1.93797E+01  1.80811E-09  9.70789E-11  7.69878E-03 SpitzerIRS 
 1.93946E+01  1.82371E-09  1.02437E-10  4.23829E-03 SpitzerIRS 
 1.94028E+01  1.83560E-09  9.17799E-11  8.33899E-03 SpitzerIRS 
 1.94190E+01  1.82374E-09  9.11868E-11  8.33719E-03 SpitzerIRS 
 1.94352E+01  1.82586E-09  9.12929E-11  8.33539E-03 SpitzerIRS 
 1.94514E+01  1.82319E-09  9.11595E-11  8.33873E-03 SpitzerIRS 
 1.94676E+01  1.81187E-09  9.05937E-11  8.33692E-03 SpitzerIRS 
 1.94839E+01  1.81242E-09  9.06209E-11  8.33511E-03 SpitzerIRS 
 1.95001E+01  1.80841E-09  9.04205E-11  8.33842E-03 SpitzerIRS 
 1.95163E+01  1.80172E-09  9.00862E-11  8.33660E-03 SpitzerIRS 
 1.95326E+01  1.80883E-09  9.04416E-11  8.33478E-03 SpitzerIRS 
 1.95489E+01  1.79711E-09  8.98557E-11  8.33807E-03 SpitzerIRS 
 1.95652E+01  1.80638E-09  9.03189E-11  8.33623E-03 SpitzerIRS 
 1.95815E+01  1.78228E-09  8.91142E-11  8.33439E-03 SpitzerIRS 
 1.95978E+01  1.80024E-09  9.00121E-11  8.33766E-03 SpitzerIRS 
 1.96142E+01  1.77536E-09  8.87680E-11  8.34091E-03 SpitzerIRS 
 1.96305E+01  1.79158E-09  8.95792E-11  8.33396E-03 SpitzerIRS 
 1.96469E+01  1.77228E-09  8.86140E-11  8.33720E-03 SpitzerIRS 
 1.96633E+01  1.77849E-09  8.89243E-11  8.33534E-03 SpitzerIRS 
 1.96797E+01  1.76246E-09  8.81232E-11  8.33856E-03 SpitzerIRS 
 1.96961E+01  1.76198E-09  8.80992E-11  8.33669E-03 SpitzerIRS 
 1.97125E+01  1.75321E-09  8.76604E-11  8.33482E-03 SpitzerIRS 
 1.97289E+01  1.75252E-09  8.76258E-11  8.33801E-03 SpitzerIRS 
 1.97454E+01  1.74589E-09  8.72946E-11  8.33613E-03 SpitzerIRS 
 1.97618E+01  1.74405E-09  8.72026E-11  8.33931E-03 SpitzerIRS 
 1.97783E+01  1.73677E-09  8.68384E-11  8.33742E-03 SpitzerIRS 
 1.97948E+01  1.73224E-09  8.66120E-11  8.33552E-03 SpitzerIRS 
 1.98113E+01  1.72320E-09  8.61599E-11  8.33868E-03 SpitzerIRS 
 1.98278E+01  1.72138E-09  8.60691E-11  8.33677E-03 SpitzerIRS 
 1.98443E+01  1.71474E-09  8.57369E-11  8.33487E-03 SpitzerIRS 
 1.98609E+01  1.72688E-09  8.63441E-11  8.33799E-03 SpitzerIRS 
 1.98774E+01  1.70131E-09  8.50655E-11  8.33608E-03 SpitzerIRS 
 1.98940E+01  1.73023E-09  8.65113E-11  8.33416E-03 SpitzerIRS 
 1.99106E+01  1.75352E-09  8.76758E-11  8.33727E-03 SpitzerIRS 
 1.99272E+01  1.76295E-09  8.81475E-11  8.34036E-03 SpitzerIRS 
 1.99438E+01  1.70831E-09  8.54154E-11  8.33341E-03 SpitzerIRS 
 1.99604E+01  1.67072E-09  8.35362E-11  8.33649E-03 SpitzerIRS 
 1.99771E+01  1.70970E-09  8.54850E-11  8.33956E-03 SpitzerIRS 
 1.99937E+01  1.72409E-09  8.62043E-11  8.33761E-03 SpitzerIRS 
 2.00104E+01  1.70468E-09  8.52340E-11  8.33566E-03 SpitzerIRS 
 2.00271E+01  1.70555E-09  8.52773E-11  8.33371E-03 SpitzerIRS 
 2.00438E+01  1.69508E-09  8.47538E-11  8.33675E-03 SpitzerIRS 
 2.00605E+01  1.69072E-09  8.45362E-11  8.33978E-03 SpitzerIRS 
 2.00772E+01  1.67939E-09  8.39695E-11  8.33781E-03 SpitzerIRS 
 2.00940E+01  1.67594E-09  8.37969E-11  8.33584E-03 SpitzerIRS 
 2.01107E+01  1.66007E-09  8.30037E-11  8.33387E-03 SpitzerIRS 
 2.01275E+01  1.66060E-09  8.30301E-11  8.33686E-03 SpitzerIRS 
 2.01442E+01  1.64190E-09  8.20949E-11  8.33985E-03 SpitzerIRS 
 2.01610E+01  1.64098E-09  8.20489E-11  8.33786E-03 SpitzerIRS 
 2.01779E+01  1.61951E-09  8.09754E-11  8.33587E-03 SpitzerIRS 
 2.01947E+01  1.61622E-09  8.08109E-11  8.33388E-03 SpitzerIRS 
 2.02115E+01  1.61331E-09  8.06653E-11  8.33683E-03 SpitzerIRS 
 2.02284E+01  1.61137E-09  8.05686E-11  8.33978E-03 SpitzerIRS 
 2.02452E+01  1.63770E-09  8.18850E-11  8.33777E-03 SpitzerIRS 
 2.02621E+01  1.61048E-09  8.05238E-11  8.33576E-03 SpitzerIRS 
 2.02790E+01  1.60361E-09  8.01806E-11  8.33374E-03 SpitzerIRS 
 2.02959E+01  1.60711E-09  8.03557E-11  8.33666E-03 SpitzerIRS 
 2.03128E+01  1.60684E-09  8.03418E-11  8.33956E-03 SpitzerIRS 
 2.03298E+01  1.61230E-09  8.06149E-11  8.33753E-03 SpitzerIRS 
 2.03467E+01  1.60895E-09  8.04475E-11  8.33550E-03 SpitzerIRS 
 2.03637E+01  1.62408E-09  8.12041E-11  8.33838E-03 SpitzerIRS 
 2.03806E+01  1.60691E-09  8.03456E-11  8.33634E-03 SpitzerIRS 
 2.03976E+01  1.62673E-09  8.13365E-11  8.33430E-03 SpitzerIRS 
 2.04146E+01  1.61403E-09  8.07015E-11  8.33715E-03 SpitzerIRS 
 2.04317E+01  1.59596E-09  7.97978E-11  8.34000E-03 SpitzerIRS 
 2.04487E+01  1.61739E-09  8.08695E-11  8.33305E-03 SpitzerIRS 
 2.04657E+01  1.59349E-09  7.96743E-11  8.34077E-03 SpitzerIRS 
 2.04828E+01  1.60737E-09  8.03684E-11  8.33382E-03 SpitzerIRS 
 2.04999E+01  1.56824E-09  7.84118E-11  8.33663E-03 SpitzerIRS 
 2.05170E+01  1.59398E-09  7.96990E-11  8.33944E-03 SpitzerIRS 
 2.05341E+01  1.59961E-09  7.99807E-11  8.33249E-03 SpitzerIRS 
 2.05512E+01  1.62303E-09  8.11515E-11  1.66852E-02 SpitzerIRS 
 2.05855E+01  1.59638E-09  7.98192E-11  8.33597E-03 SpitzerIRS 
 2.06026E+01  1.60442E-09  8.02211E-11  8.33388E-03 SpitzerIRS 
 2.06198E+01  1.59252E-09  7.96262E-11  8.33664E-03 SpitzerIRS 
 2.06370E+01  1.59511E-09  7.97555E-11  8.33939E-03 SpitzerIRS 
 2.06542E+01  1.59349E-09  7.96746E-11  8.33728E-03 SpitzerIRS 
 2.06714E+01  1.58614E-09  7.93068E-11  8.33518E-03 SpitzerIRS 
 2.06887E+01  1.58931E-09  7.94656E-11  8.33790E-03 SpitzerIRS 
 2.07059E+01  1.58147E-09  7.90733E-11  8.33578E-03 SpitzerIRS 
 2.07232E+01  1.57783E-09  7.88917E-11  8.33849E-03 SpitzerIRS 
 2.07404E+01  1.57691E-09  7.88454E-11  8.33637E-03 SpitzerIRS 
 2.07577E+01  1.56579E-09  7.82897E-11  8.33424E-03 SpitzerIRS 
 2.07750E+01  1.59062E-09  7.95308E-11  8.33693E-03 SpitzerIRS 
 2.07924E+01  1.84314E-09  9.21572E-11  8.33960E-03 SpitzerIRS 
 2.08097E+01  1.73457E-09  8.67283E-11  8.33746E-03 SpitzerIRS 
 2.08270E+01  1.59498E-09  7.97488E-11  8.33531E-03 SpitzerIRS 
 2.08444E+01  1.56154E-09  7.80771E-11  8.33797E-03 SpitzerIRS 
 2.08618E+01  1.55543E-09  7.77715E-11  8.33581E-03 SpitzerIRS 
 2.08792E+01  1.58374E-09  7.91872E-11  8.33845E-03 SpitzerIRS 
 2.08966E+01  1.58515E-09  7.92573E-11  8.33629E-03 SpitzerIRS 
 2.09140E+01  1.56570E-09  7.82849E-11  8.33413E-03 SpitzerIRS 
 2.09314E+01  1.59343E-09  7.96717E-11  8.33674E-03 SpitzerIRS 
 2.09489E+01  1.53539E-09  7.67694E-11  8.33934E-03 SpitzerIRS 
 2.09664E+01  1.57827E-09  7.89133E-11  8.33716E-03 SpitzerIRS 
 2.09838E+01  1.57202E-09  7.86009E-11  8.33499E-03 SpitzerIRS 
 2.10013E+01  1.54662E-09  7.73312E-11  8.33757E-03 SpitzerIRS 
 2.10188E+01  1.57879E-09  7.89393E-11  8.33538E-03 SpitzerIRS 
 2.10364E+01  1.60166E-09  8.00832E-11  8.33794E-03 SpitzerIRS 
 2.10539E+01  1.57656E-09  7.88282E-11  8.33575E-03 SpitzerIRS 
 2.10714E+01  1.52840E-09  7.64201E-11  8.33830E-03 SpitzerIRS 
 2.10890E+01  1.57721E-09  7.88606E-11  8.33609E-03 SpitzerIRS 
 2.11066E+01  1.56643E-09  7.83216E-11  8.33862E-03 SpitzerIRS 
 2.11242E+01  1.54558E-09  7.72790E-11  8.33641E-03 SpitzerIRS 
 2.11418E+01  1.59637E-09  7.98184E-11  8.33420E-03 SpitzerIRS 
 2.11594E+01  1.53907E-09  7.69533E-11  8.33671E-03 SpitzerIRS 
 2.11771E+01  1.57007E-09  7.85036E-11  8.33921E-03 SpitzerIRS 
 2.11947E+01  1.54756E-09  7.73782E-11  8.33698E-03 SpitzerIRS 
 2.12124E+01  1.54617E-09  7.73086E-11  8.33475E-03 SpitzerIRS 
 2.12301E+01  1.55175E-09  7.75873E-11  8.33723E-03 SpitzerIRS 
 2.12478E+01  1.51573E-09  7.57863E-11  8.33499E-03 SpitzerIRS 
 2.12655E+01  1.54524E-09  7.72621E-11  8.33745E-03 SpitzerIRS 
 2.12832E+01  1.52908E-09  7.64539E-11  8.33990E-03 SpitzerIRS 
 2.13010E+01  1.51992E-09  7.59959E-11  8.33295E-03 SpitzerIRS 
 2.13187E+01  1.53832E-09  7.69158E-11  8.34009E-03 SpitzerIRS 
 2.13365E+01  1.51164E-09  7.55822E-11  8.33782E-03 SpitzerIRS 
 2.13543E+01  1.53471E-09  7.67354E-11  8.33556E-03 SpitzerIRS 
 2.13721E+01  1.52683E-09  7.63413E-11  8.33798E-03 SpitzerIRS 
 2.13899E+01  1.51304E-09  7.56519E-11  8.33571E-03 SpitzerIRS 
 2.14077E+01  1.53166E-09  7.65831E-11  8.33343E-03 SpitzerIRS 
 2.14256E+01  1.50668E-09  7.53341E-11  8.34050E-03 SpitzerIRS 
 2.14434E+01  1.51423E-09  7.57117E-11  8.33355E-03 SpitzerIRS 
 2.14613E+01  1.51185E-09  7.55925E-11  8.34059E-03 SpitzerIRS 
 2.14792E+01  1.51463E-09  7.57316E-11  8.33364E-03 SpitzerIRS 
 2.14971E+01  1.50610E-09  7.53049E-11  8.33600E-03 SpitzerIRS 
 2.15150E+01  1.51924E-09  7.59621E-11  8.33835E-03 SpitzerIRS 
 2.15330E+01  1.48841E-09  7.44203E-11  8.33605E-03 SpitzerIRS 
 2.15509E+01  1.49394E-09  7.46968E-11  8.33839E-03 SpitzerIRS 
 2.15689E+01  1.48743E-09  7.43717E-11  8.33608E-03 SpitzerIRS 
 2.15869E+01  1.49084E-09  7.45421E-11  8.33840E-03 SpitzerIRS 
 2.16049E+01  1.47296E-09  7.36479E-11  8.33608E-03 SpitzerIRS 
 2.16229E+01  1.46976E-09  7.34879E-11  8.33839E-03 SpitzerIRS 
 2.16409E+01  1.46586E-09  7.32929E-11  8.33606E-03 SpitzerIRS 
 2.16590E+01  1.45802E-09  7.29011E-11  8.33373E-03 SpitzerIRS 
 2.16770E+01  1.45813E-09  7.29064E-11  8.34063E-03 SpitzerIRS 
 2.16951E+01  1.46088E-09  7.30438E-11  8.33368E-03 SpitzerIRS 
 2.17132E+01  1.45052E-09  7.25259E-11  8.33595E-03 SpitzerIRS 
 2.17313E+01  1.45739E-09  7.28696E-11  8.33821E-03 SpitzerIRS 
 2.17494E+01  1.44832E-09  7.24158E-11  8.33587E-03 SpitzerIRS 
 2.17675E+01  1.45945E-09  7.29727E-11  8.33811E-03 SpitzerIRS 
 2.17857E+01  1.44443E-09  7.22215E-11  8.33575E-03 SpitzerIRS 
 2.18038E+01  1.45526E-09  7.27632E-11  8.33798E-03 SpitzerIRS 
 2.18220E+01  1.45316E-09  7.26581E-11  8.33562E-03 SpitzerIRS 
 2.18402E+01  1.44768E-09  7.23839E-11  8.33784E-03 SpitzerIRS 
 2.18584E+01  1.44897E-09  7.24484E-11  8.33546E-03 SpitzerIRS 
 2.18766E+01  1.44639E-09  7.23195E-11  8.33766E-03 SpitzerIRS 
 2.18949E+01  1.44916E-09  7.24578E-11  8.33529E-03 SpitzerIRS 
 2.19131E+01  1.43593E-09  7.17964E-11  8.33747E-03 SpitzerIRS 
 2.19314E+01  1.44761E-09  7.23806E-11  8.33964E-03 SpitzerIRS 
 2.19497E+01  1.43099E-09  7.15496E-11  8.33725E-03 SpitzerIRS 
 2.19680E+01  1.43664E-09  7.18319E-11  8.33486E-03 SpitzerIRS 
 2.19863E+01  1.42667E-09  7.13334E-11  8.33701E-03 SpitzerIRS 
 2.20046E+01  1.43369E-09  7.16844E-11  8.33461E-03 SpitzerIRS 
 2.20230E+01  1.41753E-09  7.08763E-11  8.33675E-03 SpitzerIRS 
 2.20413E+01  1.43688E-09  7.18441E-11  8.33888E-03 SpitzerIRS 
 2.20597E+01  1.40693E-09  7.03463E-11  8.33647E-03 SpitzerIRS 
 2.20781E+01  1.43375E-09  7.16876E-11  8.33858E-03 SpitzerIRS 
 2.20965E+01  1.42147E-09  7.10734E-11  8.33616E-03 SpitzerIRS 
 2.21149E+01  1.42032E-09  7.10160E-11  8.33826E-03 SpitzerIRS 
 2.21334E+01  1.43323E-09  7.16616E-11  8.33583E-03 SpitzerIRS 
 2.21518E+01  1.42619E-09  7.13093E-11  8.33340E-03 SpitzerIRS 
 2.21703E+01  1.42508E-09  7.12540E-11  8.34000E-03 SpitzerIRS 
 2.21888E+01  1.43873E-09  7.19366E-11  8.33755E-03 SpitzerIRS 
 2.22073E+01  1.43416E-09  7.17082E-11  8.33511E-03 SpitzerIRS 
 2.22258E+01  1.44234E-09  7.21171E-11  8.33717E-03 SpitzerIRS 
 2.22443E+01  1.44235E-09  7.21175E-11  8.33472E-03 SpitzerIRS 
 2.22628E+01  1.43307E-09  7.16535E-11  8.33676E-03 SpitzerIRS 
 2.22814E+01  1.46021E-09  7.30105E-11  8.33879E-03 SpitzerIRS 
 2.23000E+01  1.41390E-09  7.06952E-11  8.33633E-03 SpitzerIRS 
 2.23186E+01  1.44849E-09  7.24243E-11  8.33835E-03 SpitzerIRS 
 2.23372E+01  1.44031E-09  7.20157E-11  8.33588E-03 SpitzerIRS 
 2.23558E+01  1.43056E-09  7.15278E-11  8.33788E-03 SpitzerIRS 
 2.23744E+01  1.44774E-09  7.23871E-11  8.33540E-03 SpitzerIRS 
 2.23931E+01  1.43433E-09  7.17166E-11  8.33739E-03 SpitzerIRS 
 2.24118E+01  1.44292E-09  7.21460E-11  8.33491E-03 SpitzerIRS 
 2.24304E+01  1.44119E-09  7.20594E-11  8.33689E-03 SpitzerIRS 
 2.24491E+01  1.43522E-09  7.17609E-11  8.33885E-03 SpitzerIRS 
 2.24679E+01  1.44613E-09  7.23065E-11  8.33635E-03 SpitzerIRS 
 2.24866E+01  1.43595E-09  7.17974E-11  8.33830E-03 SpitzerIRS 
 2.25053E+01  1.43337E-09  7.16686E-11  8.33580E-03 SpitzerIRS 
 2.25241E+01  1.44725E-09  7.23625E-11  8.33774E-03 SpitzerIRS 
 2.25429E+01  1.42330E-09  7.11649E-11  8.33523E-03 SpitzerIRS 
 2.25617E+01  1.44731E-09  8.24864E-11  8.33715E-03 SpitzerIRS 
 2.25805E+01  1.43538E-09  7.17689E-11  8.33463E-03 SpitzerIRS 
 2.25993E+01  1.42176E-09  7.10882E-11  8.33654E-03 SpitzerIRS 
 2.26181E+01  1.44319E-09  7.21596E-11  8.33844E-03 SpitzerIRS 
 2.26370E+01  1.44227E-09  7.21133E-11  8.33591E-03 SpitzerIRS 
 2.26559E+01  1.44255E-09  7.21276E-11  8.33780E-03 SpitzerIRS 
 2.26748E+01  1.44098E-09  7.20490E-11  8.33526E-03 SpitzerIRS 
 2.26937E+01  1.44428E-09  7.22142E-11  8.33713E-03 SpitzerIRS 
 2.27126E+01  1.42307E-09  7.11534E-11  8.33899E-03 SpitzerIRS 
 2.27315E+01  1.44802E-09  7.24012E-11  8.33644E-03 SpitzerIRS 
 2.27505E+01  1.42333E-09  7.11663E-11  8.33829E-03 SpitzerIRS 
 2.27694E+01  1.45955E-09  7.29777E-11  8.33573E-03 SpitzerIRS 
 2.27884E+01  1.43671E-09  7.18353E-11  8.33757E-03 SpitzerIRS 
 2.28074E+01  1.43366E-09  7.16829E-11  8.33501E-03 SpitzerIRS 
 2.28264E+01  1.44297E-09  7.21483E-11  8.33683E-03 SpitzerIRS 
 2.28455E+01  1.43265E-09  7.16324E-11  8.33864E-03 SpitzerIRS 
 2.28645E+01  1.42622E-09  7.13109E-11  8.33606E-03 SpitzerIRS 
 2.28836E+01  1.44690E-09  7.23448E-11  8.33786E-03 SpitzerIRS 
 2.29027E+01  1.42079E-09  7.10395E-11  8.33528E-03 SpitzerIRS 
 2.29217E+01  1.44121E-09  7.20603E-11  8.33706E-03 SpitzerIRS 
 2.29409E+01  1.43478E-09  7.17392E-11  8.33448E-03 SpitzerIRS 
 2.29600E+01  1.42121E-09  7.10605E-11  8.34060E-03 SpitzerIRS 
 2.29791E+01  1.43012E-09  7.15059E-11  8.33365E-03 SpitzerIRS 
 2.29983E+01  1.41907E-09  7.09534E-11  8.33976E-03 SpitzerIRS 
 2.30175E+01  1.40676E-09  7.03382E-11  8.33281E-03 SpitzerIRS 
 2.30366E+01  1.43328E-09  7.16640E-11  8.33889E-03 SpitzerIRS 
 2.30558E+01  1.43594E-09  7.17972E-11  8.33628E-03 SpitzerIRS 
 2.30751E+01  1.43529E-09  7.17644E-11  8.33801E-03 SpitzerIRS 
 2.30943E+01  1.47286E-09  7.36430E-11  8.33539E-03 SpitzerIRS 
 2.31136E+01  1.46796E-09  7.33980E-11  8.33710E-03 SpitzerIRS 
 2.31328E+01  1.45055E-09  7.25275E-11  8.33880E-03 SpitzerIRS 
 2.31521E+01  1.46478E-09  7.32392E-11  8.33617E-03 SpitzerIRS 
 2.31714E+01  1.42204E-09  7.11019E-11  8.33786E-03 SpitzerIRS 
 2.31907E+01  1.42104E-09  7.10521E-11  8.33523E-03 SpitzerIRS 
 2.32101E+01  1.41846E-09  7.09230E-11  8.33690E-03 SpitzerIRS 
 2.32294E+01  1.40207E-09  7.01034E-11  8.33426E-03 SpitzerIRS 
 2.32488E+01  1.42184E-09  7.10922E-11  8.34023E-03 SpitzerIRS 
 2.32682E+01  1.41846E-09  7.09229E-11  8.33328E-03 SpitzerIRS 
 2.32875E+01  1.42069E-09  7.10346E-11  8.33922E-03 SpitzerIRS 
 2.33070E+01  1.41588E-09  7.07939E-11  8.33656E-03 SpitzerIRS 
 2.33264E+01  1.41683E-09  7.08416E-11  8.33819E-03 SpitzerIRS 
 2.33458E+01  1.40972E-09  7.04860E-11  8.33553E-03 SpitzerIRS 
 2.33653E+01  1.40561E-09  7.02807E-11  8.33715E-03 SpitzerIRS 
 2.33848E+01  1.41485E-09  7.07427E-11  8.33448E-03 SpitzerIRS 
 2.34043E+01  1.38992E-09  6.94960E-11  8.34035E-03 SpitzerIRS 
 2.34238E+01  1.41965E-09  7.09824E-11  8.33340E-03 SpitzerIRS 
 2.34433E+01  1.38960E-09  6.94801E-11  8.33926E-03 SpitzerIRS 
 2.34629E+01  1.40725E-09  7.03624E-11  8.33658E-03 SpitzerIRS 
 2.34824E+01  1.39267E-09  6.96337E-11  8.33815E-03 SpitzerIRS 
 2.35020E+01  1.39937E-09  6.99685E-11  8.33546E-03 SpitzerIRS 
 2.35216E+01  1.39043E-09  6.95216E-11  8.33702E-03 SpitzerIRS 
 2.35412E+01  1.39941E-09  6.99706E-11  8.33432E-03 SpitzerIRS 
 2.35608E+01  1.38613E-09  6.93066E-11  8.34011E-03 SpitzerIRS 
 2.35805E+01  1.38512E-09  6.92562E-11  8.33316E-03 SpitzerIRS 
 2.36001E+01  1.39988E-09  6.99938E-11  8.33894E-03 SpitzerIRS 
 2.36198E+01  1.38984E-09  6.94919E-11  8.33622E-03 SpitzerIRS 
 2.36395E+01  1.39020E-09  6.95099E-11  8.33774E-03 SpitzerIRS 
 2.36592E+01  1.37446E-09  6.87228E-11  8.33502E-03 SpitzerIRS 
 2.36789E+01  1.37551E-09  6.87755E-11  8.33653E-03 SpitzerIRS 
 2.36987E+01  1.37699E-09  6.88497E-11  8.33802E-03 SpitzerIRS 
 2.37184E+01  1.36867E-09  6.84334E-11  8.33529E-03 SpitzerIRS 
 2.37382E+01  1.37534E-09  6.87670E-11  8.33677E-03 SpitzerIRS 
 2.37580E+01  1.35527E-09  6.77636E-11  8.33825E-03 SpitzerIRS 
 2.37778E+01  1.34628E-09  6.73142E-11  8.33551E-03 SpitzerIRS 
 2.37976E+01  1.35113E-09  6.75563E-11  8.33697E-03 SpitzerIRS 
 2.38175E+01  1.33296E-09  6.66478E-11  8.33842E-03 SpitzerIRS 
 2.38373E+01  1.34308E-09  6.71542E-11  8.33567E-03 SpitzerIRS 
 2.38572E+01  1.33497E-09  6.67487E-11  8.33711E-03 SpitzerIRS 
 2.38771E+01  1.33827E-09  6.69136E-11  8.33854E-03 SpitzerIRS 
 2.38970E+01  1.33118E-09  6.65591E-11  8.33578E-03 SpitzerIRS 
 2.39169E+01  1.32497E-09  6.62487E-11  8.33720E-03 SpitzerIRS 
 2.39368E+01  1.28750E-09  6.43750E-11  8.33861E-03 SpitzerIRS 
 2.39568E+01  1.30418E-09  6.52088E-11  8.33583E-03 SpitzerIRS 
 2.39768E+01  1.29308E-09  6.46541E-11  8.33723E-03 SpitzerIRS 
 2.39968E+01  1.29878E-09  6.49390E-11  8.33446E-03 SpitzerIRS 
 2.40168E+01  1.28551E-09  6.42755E-11  8.33584E-03 SpitzerIRS 
 2.40368E+01  1.27762E-09  6.38809E-11  8.33722E-03 SpitzerIRS 
 2.40568E+01  1.30561E-09  6.52803E-11  8.33859E-03 SpitzerIRS 
 2.40769E+01  1.27835E-09  6.39177E-11  8.33579E-03 SpitzerIRS 
 2.40970E+01  1.28612E-09  6.43060E-11  8.33715E-03 SpitzerIRS 
 2.41170E+01  1.28090E-09  6.40450E-11  8.33850E-03 SpitzerIRS 
 2.41372E+01  1.27896E-09  6.39479E-11  8.33569E-03 SpitzerIRS 
 2.41573E+01  1.27177E-09  6.35884E-11  1.66823E-02 SpitzerIRS 
 2.41976E+01  1.26711E-09  6.33556E-11  8.33554E-03 SpitzerIRS 
 2.42177E+01  1.26691E-09  6.33456E-11  8.33686E-03 SpitzerIRS 
 2.42379E+01  1.26670E-09  6.33350E-11  8.33404E-03 SpitzerIRS 
 2.42581E+01  1.25412E-09  6.32821E-11  8.33947E-03 SpitzerIRS 
 2.42784E+01  1.26118E-09  6.30589E-11  8.33664E-03 SpitzerIRS 
 2.42986E+01  1.25485E-09  6.27424E-11  8.33793E-03 SpitzerIRS 
 2.43189E+01  1.24943E-09  6.24715E-11  8.33509E-03 SpitzerIRS 
 2.43391E+01  1.25380E-09  6.26902E-11  8.33637E-03 SpitzerIRS 
 2.43594E+01  1.25085E-09  6.25424E-11  8.33763E-03 SpitzerIRS 
 2.43797E+01  1.24358E-09  6.21792E-11  8.33479E-03 SpitzerIRS 
 2.44001E+01  1.25441E-09  6.27204E-11  8.34014E-03 SpitzerIRS 
 2.44204E+01  1.24131E-09  6.20654E-11  8.33319E-03 SpitzerIRS 
 2.44408E+01  1.24749E-09  6.23743E-11  8.33853E-03 SpitzerIRS 
 2.44611E+01  1.24304E-09  6.21521E-11  8.33567E-03 SpitzerIRS 
 2.44815E+01  1.24342E-09  6.21709E-11  8.33690E-03 SpitzerIRS 
 2.45019E+01  1.23601E-09  6.18006E-11  8.33812E-03 SpitzerIRS 
 2.45224E+01  1.23883E-09  8.26115E-11  8.33525E-03 SpitzerIRS 
 2.45428E+01  1.22993E-09  6.14966E-11  8.33645E-03 SpitzerIRS 
 2.45633E+01  1.22983E-09  6.14917E-11  8.33765E-03 SpitzerIRS 
 2.45837E+01  1.22277E-09  6.11387E-11  8.33884E-03 SpitzerIRS 
 2.46043E+01  1.22372E-09  6.11858E-11  8.33596E-03 SpitzerIRS 
 2.46248E+01  1.21650E-09  6.08252E-11  8.33714E-03 SpitzerIRS 
 2.46453E+01  1.21254E-09  6.06269E-11  8.33831E-03 SpitzerIRS 
 2.46658E+01  1.21534E-09  6.07669E-11  8.33541E-03 SpitzerIRS 
 2.46864E+01  1.20259E-09  6.01295E-11  8.33657E-03 SpitzerIRS 
 2.47070E+01  1.20395E-09  6.01976E-11  8.33772E-03 SpitzerIRS 
 2.47276E+01  1.20625E-09  6.03123E-11  8.33482E-03 SpitzerIRS 
 2.47482E+01  1.18800E-09  5.94001E-11  8.33596E-03 SpitzerIRS 
 2.47688E+01  1.20248E-09  6.01238E-11  8.33709E-03 SpitzerIRS 
 2.47895E+01  1.19084E-09  5.95418E-11  8.33822E-03 SpitzerIRS 
 2.48101E+01  1.18083E-09  5.90414E-11  8.33530E-03 SpitzerIRS 
 2.48308E+01  1.19975E-09  6.53644E-11  8.33641E-03 SpitzerIRS 
 2.48515E+01  1.16929E-09  5.84643E-11  8.33752E-03 SpitzerIRS 
 2.48722E+01  1.18951E-09  5.94753E-11  8.33861E-03 SpitzerIRS 
 2.48930E+01  1.17867E-09  5.89337E-11  8.33568E-03 SpitzerIRS 
 2.49137E+01  1.17695E-09  5.88473E-11  8.33677E-03 SpitzerIRS 
 2.49345E+01  1.17598E-09  5.87992E-11  8.33785E-03 SpitzerIRS 
 2.49553E+01  1.18333E-09  5.91663E-11  8.33491E-03 SpitzerIRS 
 2.49761E+01  1.16597E-09  5.82984E-11  8.33998E-03 SpitzerIRS 
 2.49969E+01  1.18312E-09  5.91558E-11  8.33303E-03 SpitzerIRS 
 2.50177E+01  1.16634E-09  5.83169E-11  8.33808E-03 SpitzerIRS 
 2.50386E+01  1.17709E-09  5.88543E-11  8.33912E-03 SpitzerIRS 
 2.50595E+01  1.16424E-09  5.82121E-11  8.33616E-03 SpitzerIRS 
 2.50804E+01  1.17442E-09  5.87211E-11  8.33719E-03 SpitzerIRS 
 2.51013E+01  1.15928E-09  7.57229E-11  8.33423E-03 SpitzerIRS 
 2.51222E+01  1.16178E-09  5.80890E-11  8.33923E-03 SpitzerIRS 
 2.51432E+01  1.15776E-09  5.78878E-11  8.33626E-03 SpitzerIRS 
 2.51641E+01  1.15137E-09  5.75683E-11  8.33727E-03 SpitzerIRS 
 2.51851E+01  1.14140E-09  5.70698E-11  8.33429E-03 SpitzerIRS 
 2.52061E+01  1.14783E-09  5.73914E-11  8.33925E-03 SpitzerIRS 
 2.52271E+01  1.13734E-09  5.68669E-11  8.33627E-03 SpitzerIRS 
 2.52481E+01  1.12767E-09  6.57228E-11  8.33725E-03 SpitzerIRS 
 2.52692E+01  1.14250E-09  5.71252E-11  8.33426E-03 SpitzerIRS 
 2.52903E+01  1.13003E-09  5.65013E-11  8.33918E-03 SpitzerIRS 
 2.53113E+01  1.13112E-09  5.65559E-11  8.33618E-03 SpitzerIRS 
 2.53324E+01  1.13368E-09  5.66841E-11  8.33714E-03 SpitzerIRS 
 2.53536E+01  1.12009E-09  5.60044E-11  8.33808E-03 SpitzerIRS 
 2.53747E+01  1.11700E-09  5.58501E-11  8.33507E-03 SpitzerIRS 
 2.53958E+01  1.12093E-09  5.60467E-11  8.33601E-03 SpitzerIRS 
 2.54170E+01  1.10700E-09  5.53499E-11  8.33693E-03 SpitzerIRS 
 2.54382E+01  1.11328E-09  5.56639E-11  8.33785E-03 SpitzerIRS 
 2.54594E+01  1.11439E-09  5.57197E-11  8.33483E-03 SpitzerIRS 
 2.54806E+01  1.10484E-09  5.52422E-11  8.33966E-03 SpitzerIRS 
 2.55019E+01  1.10311E-09  5.51557E-11  8.33664E-03 SpitzerIRS 
 2.55232E+01  1.09863E-09  5.49317E-11  8.33753E-03 SpitzerIRS 
 2.55444E+01  1.09707E-09  5.48536E-11  8.33450E-03 SpitzerIRS 
 2.55657E+01  1.08796E-09  5.43982E-11  8.33538E-03 SpitzerIRS 
 2.55870E+01  1.10372E-09  5.51862E-11  8.34016E-03 SpitzerIRS 
 2.56084E+01  1.08589E-09  5.42943E-11  8.33712E-03 SpitzerIRS 
 2.56297E+01  1.08013E-09  5.40067E-11  8.33407E-03 SpitzerIRS 
 2.56511E+01  1.08603E-09  5.43017E-11  8.33883E-03 SpitzerIRS 
 2.56725E+01  1.08843E-09  6.00232E-11  8.33578E-03 SpitzerIRS 
 2.56939E+01  1.08117E-09  5.40585E-11  8.33662E-03 SpitzerIRS 
 2.57153E+01  1.08187E-09  6.00696E-11  8.33745E-03 SpitzerIRS 
 2.57367E+01  1.09101E-09  5.45507E-11  8.33439E-03 SpitzerIRS 
 2.57582E+01  1.07662E-09  5.38311E-11  8.33910E-03 SpitzerIRS 
 2.57797E+01  1.08098E-09  5.40489E-11  8.33603E-03 SpitzerIRS 
 2.58011E+01  1.08600E-09  5.43001E-11  8.33684E-03 SpitzerIRS 
 2.58227E+01  1.07430E-09  5.37152E-11  8.33764E-03 SpitzerIRS 
 2.58442E+01  1.07338E-09  5.36692E-11  8.33456E-03 SpitzerIRS 
 2.58657E+01  1.08461E-09  5.42303E-11  8.33922E-03 SpitzerIRS 
 2.58873E+01  1.07050E-09  5.35250E-11  8.33613E-03 SpitzerIRS 
 2.59089E+01  1.08399E-09  5.41994E-11  8.33691E-03 SpitzerIRS 
 2.59305E+01  1.09815E-09  5.49075E-11  8.33768E-03 SpitzerIRS 
 2.59521E+01  1.08538E-09  6.88387E-11  8.33459E-03 SpitzerIRS 
 2.59737E+01  1.08903E-09  6.02234E-11  8.33920E-03 SpitzerIRS 
 2.59954E+01  1.09486E-09  5.47431E-11  8.33609E-03 SpitzerIRS 
 2.60171E+01  1.07141E-09  5.35706E-11  8.33684E-03 SpitzerIRS 
 2.60388E+01  1.07306E-09  5.36530E-11  8.33757E-03 SpitzerIRS 
 2.60605E+01  1.06652E-09  5.33261E-11  8.33447E-03 SpitzerIRS 
 2.60822E+01  1.05649E-09  5.28244E-11  8.33903E-03 SpitzerIRS 
 2.61039E+01  1.06111E-09  5.30555E-11  8.33591E-03 SpitzerIRS 
 2.61257E+01  1.05381E-09  5.26905E-11  8.33662E-03 SpitzerIRS 
 2.61475E+01  1.05549E-09  5.27746E-11  8.33733E-03 SpitzerIRS 
 2.61693E+01  1.05415E-09  5.27074E-11  8.33802E-03 SpitzerIRS 
 2.61911E+01  1.04681E-09  5.23405E-11  8.33490E-03 SpitzerIRS 
 2.62129E+01  1.05605E-09  5.28023E-11  8.33558E-03 SpitzerIRS 
 2.62348E+01  1.04048E-09  5.20242E-11  8.34008E-03 SpitzerIRS 
 2.62567E+01  1.04011E-09  5.20057E-11  8.33313E-03 SpitzerIRS 
 2.62785E+01  1.04596E-09  5.22981E-11  8.33760E-03 SpitzerIRS 
 2.63004E+01  1.03633E-09  5.18165E-11  8.33826E-03 SpitzerIRS 
 2.63224E+01  1.03633E-09  5.18167E-11  8.33512E-03 SpitzerIRS 
 2.63443E+01  1.03833E-09  5.19165E-11  8.33956E-03 SpitzerIRS 
 2.63663E+01  1.03644E-09  5.18218E-11  8.33641E-03 SpitzerIRS 
 2.63883E+01  1.03308E-09  5.16539E-11  8.33704E-03 SpitzerIRS 
 2.64103E+01  1.03582E-09  5.17910E-11  8.33388E-03 SpitzerIRS 
 2.64323E+01  1.03479E-09  5.17393E-11  8.33829E-03 SpitzerIRS 
 2.64543E+01  1.02986E-09  5.14929E-11  8.33513E-03 SpitzerIRS 
 2.64764E+01  1.03590E-09  5.17950E-11  8.33951E-03 SpitzerIRS 
 2.64984E+01  1.03515E-09  5.17576E-11  8.33634E-03 SpitzerIRS 
 2.65205E+01  1.03121E-09  5.15603E-11  8.33694E-03 SpitzerIRS 
 2.65426E+01  1.03643E-09  5.18213E-11  8.33753E-03 SpitzerIRS 
 2.65648E+01  1.04006E-09  5.20028E-11  8.33435E-03 SpitzerIRS 
 2.65869E+01  1.03415E-09  5.17073E-11  8.33869E-03 SpitzerIRS 
 2.66091E+01  1.03749E-09  5.18747E-11  8.33550E-03 SpitzerIRS 
 2.66313E+01  1.04081E-09  5.20406E-11  8.33607E-03 SpitzerIRS 
 2.66535E+01  1.04137E-09  5.20683E-11  8.33663E-03 SpitzerIRS 
 2.66757E+01  1.04209E-09  5.21044E-11  8.33718E-03 SpitzerIRS 
 2.66979E+01  1.03866E-09  5.19332E-11  8.33773E-03 SpitzerIRS 
 2.67202E+01  1.05392E-09  5.26959E-11  8.33827E-03 SpitzerIRS 
 2.67425E+01  1.04114E-09  5.20572E-11  8.33506E-03 SpitzerIRS 
 2.67647E+01  1.04394E-09  5.21969E-11  8.33559E-03 SpitzerIRS 
 2.67871E+01  1.05613E-09  5.28064E-11  8.33985E-03 SpitzerIRS 
 2.68094E+01  1.02550E-09  5.12750E-11  8.33663E-03 SpitzerIRS 
 2.68317E+01  1.05694E-09  5.28472E-11  8.33714E-03 SpitzerIRS 
 2.68541E+01  1.02755E-09  5.13776E-11  8.33392E-03 SpitzerIRS 
 2.68765E+01  1.03929E-09  5.19643E-11  8.33814E-03 SpitzerIRS 
 2.68989E+01  1.04123E-09  5.20615E-11  8.33863E-03 SpitzerIRS 
 2.69213E+01  1.02922E-09  5.14610E-11  8.33539E-03 SpitzerIRS 
 2.69438E+01  1.04603E-09  5.23017E-11  8.33588E-03 SpitzerIRS 
 2.69662E+01  1.04019E-09  5.41786E-11  8.33635E-03 SpitzerIRS 
 2.69887E+01  1.04987E-09  5.24936E-11  8.33682E-03 SpitzerIRS 
 2.70112E+01  1.03856E-09  5.19280E-11  8.33728E-03 SpitzerIRS 
 2.70337E+01  1.02657E-09  5.13286E-11  8.33773E-03 SpitzerIRS 
 2.70563E+01  1.04042E-09  5.20212E-11  8.33818E-03 SpitzerIRS 
 2.70788E+01  1.03924E-09  5.19619E-11  8.33492E-03 SpitzerIRS 
 2.71014E+01  1.03405E-09  5.17026E-11  8.33536E-03 SpitzerIRS 
 2.71240E+01  1.04483E-09  5.22417E-11  8.33948E-03 SpitzerIRS 
 2.71466E+01  1.03620E-09  5.18098E-11  8.33621E-03 SpitzerIRS 
 2.71693E+01  1.04284E-09  5.21420E-11  8.33663E-03 SpitzerIRS 
 2.71919E+01  1.03889E-09  5.19444E-11  8.33704E-03 SpitzerIRS 
 2.72146E+01  1.04235E-09  5.21176E-11  8.33745E-03 SpitzerIRS 
 2.72373E+01  1.03640E-09  5.18199E-11  8.33417E-03 SpitzerIRS 
 2.72600E+01  1.03496E-09  5.17478E-11  8.33824E-03 SpitzerIRS 
 2.72827E+01  1.04269E-09  5.21343E-11  8.33862E-03 SpitzerIRS 
 2.73054E+01  1.02713E-09  5.41953E-11  1.66780E-02 SpitzerIRS 
 2.73510E+01  1.02873E-09  5.14363E-11  1.66831E-02 SpitzerIRS 
 2.73966E+01  1.08030E-09  5.40148E-11  8.33680E-03 SpitzerIRS 
 2.74195E+01  1.06967E-09  5.34834E-11  8.33350E-03 SpitzerIRS 
 2.74423E+01  1.06166E-09  5.30828E-11  8.33749E-03 SpitzerIRS 
 2.74652E+01  1.02892E-09  5.14462E-11  8.33783E-03 SpitzerIRS 
 2.74881E+01  1.02826E-09  5.14128E-11  8.33816E-03 SpitzerIRS 
 2.75110E+01  1.03875E-09  5.19377E-11  8.33485E-03 SpitzerIRS 
 2.75339E+01  1.02563E-09  5.12813E-11  8.33880E-03 SpitzerIRS 
 2.75569E+01  1.04338E-09  5.21692E-11  8.33548E-03 SpitzerIRS 
 2.75799E+01  1.02770E-09  5.13849E-11  8.33579E-03 SpitzerIRS 
 2.76029E+01  1.03549E-09  5.30337E-11  8.33610E-03 SpitzerIRS 
 2.76259E+01  1.02905E-09  5.14527E-11  8.34001E-03 SpitzerIRS 
 2.76489E+01  1.03767E-09  5.50255E-11  8.33668E-03 SpitzerIRS 
 2.76719E+01  1.01719E-09  5.08597E-11  8.33696E-03 SpitzerIRS 
 2.76950E+01  1.02654E-09  5.13269E-11  8.33363E-03 SpitzerIRS 
 2.77181E+01  1.03379E-09  5.16894E-11  8.33751E-03 SpitzerIRS 
 2.77412E+01  1.01506E-09  5.34498E-11  8.33778E-03 SpitzerIRS 
 2.77643E+01  1.02817E-09  5.14085E-11  8.33803E-03 SpitzerIRS 
 2.77875E+01  1.01389E-09  5.06946E-11  8.33469E-03 SpitzerIRS 
 2.78106E+01  1.02063E-09  5.10317E-11  8.33853E-03 SpitzerIRS 
 2.78338E+01  1.01896E-09  5.09479E-11  1.66811E-02 SpitzerIRS 
 2.78803E+01  9.87741E-10  4.93871E-11  1.66785E-02 SpitzerIRS 
 2.79268E+01  9.95862E-10  4.97931E-11  8.33609E-03 SpitzerIRS 
 2.79501E+01  1.04770E-09  5.23849E-11  8.33630E-03 SpitzerIRS 
 2.79733E+01  1.01995E-09  5.09975E-11  8.34008E-03 SpitzerIRS 
 2.79967E+01  1.00979E-09  5.04897E-11  8.33670E-03 SpitzerIRS 
 2.80200E+01  1.01064E-09  5.05318E-11  8.33690E-03 SpitzerIRS 
 2.80434E+01  1.01278E-09  5.06392E-11  8.33352E-03 SpitzerIRS 
 2.80667E+01  1.00410E-09  5.02048E-11  8.33727E-03 SpitzerIRS 
 2.80902E+01  1.00418E-09  5.02089E-11  8.33744E-03 SpitzerIRS 
 2.81136E+01  1.01599E-09  5.07993E-11  8.33761E-03 SpitzerIRS 
 2.81370E+01  9.86914E-10  4.93457E-11  8.33777E-03 SpitzerIRS 
 2.81605E+01  1.01381E-09  5.06903E-11  8.33438E-03 SpitzerIRS 
 2.81839E+01  9.89702E-10  4.94851E-11  8.33808E-03 SpitzerIRS 
 2.82074E+01  9.94002E-10  4.97001E-11  8.33823E-03 SpitzerIRS 
 2.82310E+01  9.97088E-10  4.98544E-11  8.33482E-03 SpitzerIRS 
 2.82545E+01  9.77407E-10  4.88704E-11  8.33850E-03 SpitzerIRS 
 2.82781E+01  9.83814E-10  4.91907E-11  8.33509E-03 SpitzerIRS 
 2.83016E+01  9.84882E-10  4.92441E-11  8.33875E-03 SpitzerIRS 
 2.83252E+01  9.60694E-10  4.80347E-11  8.33533E-03 SpitzerIRS 
 2.83488E+01  9.81291E-10  4.90646E-11  8.33544E-03 SpitzerIRS 
 2.83725E+01  9.70212E-10  4.85106E-11  8.33907E-03 SpitzerIRS 
 2.83961E+01  9.51068E-10  4.75534E-11  8.33565E-03 SpitzerIRS 
 2.84198E+01  9.80434E-10  4.90217E-11  8.33574E-03 SpitzerIRS 
 2.84435E+01  9.49762E-10  4.74881E-11  8.33935E-03 SpitzerIRS 
 2.84672E+01  9.52334E-10  4.76167E-11  8.33591E-03 SpitzerIRS 
 2.84909E+01  9.65822E-10  4.82911E-11  8.33599E-03 SpitzerIRS 
 2.85147E+01  9.49634E-10  4.74817E-11  8.33606E-03 SpitzerIRS 
 2.85385E+01  9.36516E-10  4.68258E-11  8.33963E-03 SpitzerIRS 
 2.85622E+01  9.74641E-10  4.87320E-11  8.33618E-03 SpitzerIRS 
 2.85861E+01  9.25503E-10  5.22192E-11  8.33623E-03 SpitzerIRS 
 2.86099E+01  9.56255E-10  4.78128E-11  8.33628E-03 SpitzerIRS 
 2.86337E+01  9.50538E-10  4.75269E-11  8.33632E-03 SpitzerIRS 
 2.86576E+01  9.34742E-10  4.67371E-11  8.33635E-03 SpitzerIRS 
 2.86815E+01  9.39203E-10  4.69601E-11  8.33638E-03 SpitzerIRS 
 2.87054E+01  9.49972E-10  4.74986E-11  8.33989E-03 SpitzerIRS 
 2.87294E+01  9.33928E-10  4.66964E-11  8.33642E-03 SpitzerIRS 
 2.87533E+01  9.24140E-10  4.62070E-11  8.33643E-03 SpitzerIRS 
 2.87773E+01  9.49314E-10  4.74657E-11  8.33644E-03 SpitzerIRS 
 2.88013E+01  9.25634E-10  5.19212E-11  8.33644E-03 SpitzerIRS 
 2.88253E+01  9.33546E-10  4.66773E-11  8.33644E-03 SpitzerIRS 
 2.88493E+01  9.26613E-10  4.63306E-11  8.33642E-03 SpitzerIRS 
 2.88733E+01  9.41408E-10  4.70704E-11  8.33641E-03 SpitzerIRS 
 2.88974E+01  9.19568E-10  4.59784E-11  8.33638E-03 SpitzerIRS 
 2.89215E+01  9.22779E-10  4.61389E-11  8.33981E-03 SpitzerIRS 
 2.89456E+01  9.48903E-10  4.74452E-11  8.33632E-03 SpitzerIRS 
 2.89698E+01  8.83196E-10  4.41598E-11  8.33628E-03 SpitzerIRS 
 2.89939E+01  9.58898E-10  4.79449E-11  8.33623E-03 SpitzerIRS 
 2.90181E+01  9.53353E-10  4.76677E-11  2.50327E-02 SpitzerIRS 
 2.90907E+01  9.39992E-10  4.69996E-11  8.33599E-03 SpitzerIRS 
 2.91150E+01  9.21912E-10  4.60956E-11  8.33592E-03 SpitzerIRS 
 2.91392E+01  9.67549E-10  4.83774E-11  8.33584E-03 SpitzerIRS 
 2.91635E+01  9.57895E-10  4.78947E-11  8.33918E-03 SpitzerIRS 
 2.91879E+01  9.26888E-10  4.63444E-11  8.33566E-03 SpitzerIRS 
 2.92122E+01  9.33443E-10  4.66721E-11  1.66814E-02 SpitzerIRS 
 2.92609E+01  8.74547E-10  4.37274E-11  8.33535E-03 SpitzerIRS 
 2.92853E+01  9.23817E-10  4.61908E-11  8.33865E-03 SpitzerIRS 
 2.93097E+01  9.06121E-10  4.53061E-11  8.33512E-03 SpitzerIRS 
 2.93342E+01  8.93713E-10  4.46856E-11  8.33840E-03 SpitzerIRS 
 2.93586E+01  8.98499E-10  4.49250E-11  8.33486E-03 SpitzerIRS 
 2.93831E+01  9.13458E-10  4.56729E-11  8.33813E-03 SpitzerIRS 
 2.94076E+01  8.31757E-10  4.15879E-11  8.33799E-03 SpitzerIRS 
 2.94321E+01  8.99603E-10  4.49801E-11  8.33444E-03 SpitzerIRS 
 2.94566E+01  9.00573E-10  4.50286E-11  8.33768E-03 SpitzerIRS 
 2.94812E+01  8.79225E-10  4.39613E-11  8.33752E-03 SpitzerIRS 
 2.95058E+01  8.89108E-10  4.44554E-11  8.33735E-03 SpitzerIRS 
 2.95304E+01  9.00503E-10  4.50251E-11  8.33718E-03 SpitzerIRS 
 2.95550E+01  8.84314E-10  4.42157E-11  8.33362E-03 SpitzerIRS 
 2.95796E+01  8.90064E-10  4.45032E-11  8.33682E-03 SpitzerIRS 
 2.96043E+01  8.86933E-10  4.43466E-11  8.34001E-03 SpitzerIRS 
 2.96290E+01  8.75439E-10  4.46545E-11  8.33644E-03 SpitzerIRS 
 2.96537E+01  8.95628E-10  4.47814E-11  8.33624E-03 SpitzerIRS 
 2.96784E+01  8.64295E-10  4.32148E-11  8.33603E-03 SpitzerIRS 
 2.97031E+01  8.85957E-10  4.42978E-11  8.33582E-03 SpitzerIRS 
 2.97279E+01  8.67195E-10  4.64003E-11  8.33897E-03 SpitzerIRS 
 2.97527E+01  8.83206E-10  4.41603E-11  8.33538E-03 SpitzerIRS 
 2.97775E+01  8.65674E-10  4.32837E-11  8.33852E-03 SpitzerIRS 
 2.98023E+01  8.68923E-10  4.34462E-11  8.33492E-03 SpitzerIRS 
 2.98271E+01  8.68983E-10  4.34492E-11  8.33804E-03 SpitzerIRS 
 2.98520E+01  8.70653E-10  4.35327E-11  8.33779E-03 SpitzerIRS 
 2.98769E+01  8.59632E-10  4.29816E-11  8.33420E-03 SpitzerIRS 
 2.99018E+01  8.58334E-10  4.77463E-11  8.33729E-03 SpitzerIRS 
 2.99267E+01  8.68620E-10  4.34965E-11  8.33703E-03 SpitzerIRS 
 2.99517E+01  8.51480E-10  4.25740E-11  8.33676E-03 SpitzerIRS 
 2.99767E+01  8.57781E-10  4.28891E-11  8.33649E-03 SpitzerIRS 
 3.00017E+01  8.47497E-10  4.23748E-11  8.33621E-03 SpitzerIRS 
 3.00267E+01  8.59811E-10  4.29906E-11  8.33926E-03 SpitzerIRS 
 3.00517E+01  8.42605E-10  4.21303E-11  8.33563E-03 SpitzerIRS 
 3.00768E+01  8.48372E-10  4.24186E-11  8.33534E-03 SpitzerIRS 
 3.01018E+01  8.38224E-10  4.19112E-11  8.33837E-03 SpitzerIRS 
 3.01269E+01  8.57763E-10  4.28882E-11  8.33806E-03 SpitzerIRS 
 3.01520E+01  8.31235E-10  4.15618E-11  8.33111E-03 SpitzerIRS 
 3.01772E+01  8.40479E-10  4.20240E-11  8.34075E-03 SpitzerIRS 
 3.02023E+01  8.51794E-10  4.25897E-11  8.33711E-03 SpitzerIRS 
 3.02275E+01  8.38146E-10  4.19073E-11  8.33678E-03 SpitzerIRS 
 3.02527E+01  8.34391E-10  4.17196E-11  8.33644E-03 SpitzerIRS 
 3.02779E+01  8.52979E-10  4.61625E-11  8.33610E-03 SpitzerIRS 
 3.03032E+01  8.44945E-10  4.22473E-11  8.33906E-03 SpitzerIRS 
 3.03284E+01  8.29170E-10  4.14585E-11  8.33541E-03 SpitzerIRS 
 3.03537E+01  8.61823E-10  4.30911E-11  8.33835E-03 SpitzerIRS 
 3.03790E+01  8.40792E-10  4.52261E-11  8.33470E-03 SpitzerIRS 
 3.04044E+01  8.39506E-10  4.19753E-11  8.33762E-03 SpitzerIRS 
 3.04297E+01  8.52855E-10  4.26428E-11  8.33725E-03 SpitzerIRS 
 3.04551E+01  8.51279E-10  4.48650E-11  8.33687E-03 SpitzerIRS 
 3.04805E+01  8.37690E-10  4.18845E-11  8.33649E-03 SpitzerIRS 
 3.05059E+01  8.44645E-10  4.22323E-11  8.33610E-03 SpitzerIRS 
 3.05313E+01  8.56351E-10  4.85806E-11  8.33898E-03 SpitzerIRS 
 3.05568E+01  8.28321E-10  4.76950E-11  8.33531E-03 SpitzerIRS 
 3.05822E+01  8.47431E-10  4.23715E-11  8.33818E-03 SpitzerIRS 
 3.06077E+01  8.42876E-10  4.21438E-11  8.33450E-03 SpitzerIRS 
 3.06332E+01  8.27714E-10  4.13857E-11  8.33735E-03 SpitzerIRS 
 3.06588E+01  8.45926E-10  4.22963E-11  8.33693E-03 SpitzerIRS 
 3.06843E+01  8.27816E-10  4.13908E-11  8.33650E-03 SpitzerIRS 
 3.07099E+01  8.37616E-10  4.18808E-11  8.33607E-03 SpitzerIRS 
 3.07355E+01  8.34650E-10  4.17325E-11  8.33889E-03 SpitzerIRS 
 3.07612E+01  8.10960E-10  4.05480E-11  8.33519E-03 SpitzerIRS 
 3.07868E+01  8.54647E-10  4.27323E-11  8.33799E-03 SpitzerIRS 
 3.08125E+01  8.13260E-10  4.06630E-11  8.33754E-03 SpitzerIRS 
 3.08381E+01  8.25238E-10  4.12619E-11  8.33708E-03 SpitzerIRS 
 3.08639E+01  8.32610E-10  4.16305E-11  8.33661E-03 SpitzerIRS 
 3.08896E+01  8.25050E-10  4.12525E-11  8.33614E-03 SpitzerIRS 
 3.09153E+01  8.34279E-10  4.17140E-11  8.33567E-03 SpitzerIRS 
 3.09411E+01  8.20441E-10  4.10221E-11  8.33842E-03 SpitzerIRS 
 3.09669E+01  8.32527E-10  4.16264E-11  8.33470E-03 SpitzerIRS 
 3.09927E+01  8.37541E-10  4.18770E-11  8.33744E-03 SpitzerIRS 
 3.10186E+01  8.25890E-10  4.12945E-11  8.33694E-03 SpitzerIRS 
 3.10444E+01  8.21518E-10  4.10759E-11  8.33644E-03 SpitzerIRS 
 3.10703E+01  8.39456E-10  4.19728E-11  8.33593E-03 SpitzerIRS 
 3.10962E+01  8.32345E-10  5.20885E-11  8.33864E-03 SpitzerIRS 
 3.11221E+01  8.05647E-10  4.02823E-11  8.33812E-03 SpitzerIRS 
 3.11481E+01  8.32721E-10  4.16360E-11  8.33438E-03 SpitzerIRS 
 3.11740E+01  8.33501E-10  4.16751E-11  8.33707E-03 SpitzerIRS 
 3.12000E+01  7.95502E-10  3.97751E-11  8.33653E-03 SpitzerIRS 
 3.12260E+01  8.24823E-10  4.20352E-11  8.33919E-03 SpitzerIRS 
 3.12521E+01  7.99292E-10  4.57894E-11  8.33545E-03 SpitzerIRS 
 3.12781E+01  8.01543E-10  4.00771E-11  8.33809E-03 SpitzerIRS 
 3.13042E+01  8.06906E-10  4.03453E-11  8.33434E-03 SpitzerIRS 
 3.13303E+01  7.87236E-10  3.93618E-11  8.33698E-03 SpitzerIRS 
 3.13564E+01  8.03592E-10  4.01796E-11  8.33641E-03 SpitzerIRS 
 3.13826E+01  7.87982E-10  3.93991E-11  1.66812E-02 SpitzerIRS 
 3.14349E+01  8.16921E-10  4.89524E-11  8.33786E-03 SpitzerIRS 
 3.14611E+01  7.76572E-10  3.88286E-11  8.33727E-03 SpitzerIRS 
 3.14873E+01  7.76780E-10  3.88390E-11  8.33668E-03 SpitzerIRS 
 3.15136E+01  7.97193E-10  4.36210E-11  8.33608E-03 SpitzerIRS 
 3.15399E+01  7.81245E-10  3.90623E-11  8.32914E-03 SpitzerIRS 
 2.39235E+00  6.12771E-09  5.24948E-10  1.00000E-01 ISOspec 
 2.41627E+00  6.38399E-09  4.57883E-10  1.00000E-01 ISOspec 
 2.44044E+00  6.27788E-09  3.41799E-10  9.99997E-02 ISOspec 
 2.46484E+00  6.37876E-09  3.19819E-10  1.00000E-01 ISOspec 
 2.48949E+00  6.43558E-09  3.21779E-10  9.99996E-02 ISOspec 
 2.51438E+00  6.61528E-09  4.89119E-10  1.00000E-01 ISOspec 
 2.53953E+00  6.35579E-09  3.31120E-10  1.00000E-01 ISOspec 
 2.56492E+00  6.29498E-09  3.57716E-10  9.99999E-02 ISOspec 
 2.59057E+00  6.39256E-09  4.18600E-10  9.99999E-02 ISOspec 
 2.61648E+00  6.42827E-09  7.07179E-10  1.00000E-01 ISOspec 
 2.64264E+00  5.93362E-09  3.07070E-10  9.99999E-02 ISOspec 
 2.66907E+00  6.02742E-09  4.40456E-10  1.00000E-01 ISOspec 
 2.69576E+00  6.13339E-09  3.06669E-10  1.00000E-01 ISOspec 
 2.72272E+00  6.11522E-09  3.05761E-10  1.00000E-01 ISOspec 
 2.74994E+00  6.10275E-09  3.05137E-10  1.00000E-01 ISOspec 
 2.77744E+00  5.95743E-09  3.15581E-10  9.99998E-02 ISOspec 
 2.80522E+00  5.89355E-09  3.29704E-10  1.00000E-01 ISOspec 
 2.83327E+00  5.83808E-09  2.91904E-10  1.00000E-01 ISOspec 
 2.86160E+00  6.12512E-09  3.06256E-10  9.99999E-02 ISOspec 
 2.89022E+00  5.97124E-09  2.98562E-10  1.00000E-01 ISOspec 
 2.91912E+00  5.83114E-09  2.91557E-10  1.00000E-01 ISOspec 
 2.94831E+00  6.00462E-09  3.00231E-10  9.99999E-02 ISOspec 
 2.97780E+00  6.09120E-09  3.04560E-10  9.99998E-02 ISOspec 
 3.00757E+00  5.83712E-09  2.91856E-10  1.00000E-01 ISOspec 
 3.03765E+00  5.63126E-09  2.81563E-10  1.00000E-01 ISOspec 
 3.06803E+00  5.56719E-09  2.78359E-10  1.00000E-01 ISOspec 
 3.09871E+00  5.53552E-09  2.76776E-10  9.99998E-02 ISOspec 
 3.12969E+00  5.55407E-09  2.77704E-10  1.00000E-01 ISOspec 
 3.16099E+00  5.39563E-09  2.69781E-10  1.00000E-01 ISOspec 
 3.19260E+00  5.27710E-09  2.63855E-10  1.00000E-01 ISOspec 
 3.22453E+00  5.28106E-09  2.64053E-10  9.99998E-02 ISOspec 
 3.25677E+00  5.35815E-09  2.67907E-10  1.00000E-01 ISOspec 
 3.28934E+00  5.41897E-09  2.70949E-10  1.00000E-01 ISOspec 
 3.32223E+00  5.20814E-09  2.60407E-10  9.99999E-02 ISOspec 
 3.35546E+00  5.21600E-09  2.60800E-10  9.99998E-02 ISOspec 
 3.38901E+00  5.19862E-09  2.59931E-10  1.00000E-01 ISOspec 
 3.42290E+00  5.14102E-09  2.57051E-10  1.00000E-01 ISOspec 
 3.45713E+00  5.00215E-09  2.55895E-10  1.00000E-01 ISOspec 
 3.49170E+00  5.01897E-09  2.58566E-10  1.00000E-01 ISOspec 
 3.52662E+00  4.91262E-09  3.36933E-10  1.00000E-01 ISOspec 
 3.56188E+00  4.97874E-09  3.24906E-10  9.99999E-02 ISOspec 
 3.59750E+00  4.90155E-09  2.45077E-10  1.00000E-01 ISOspec 
 3.63348E+00  4.76035E-09  2.38017E-10  9.99998E-02 ISOspec 
 3.66981E+00  4.75073E-09  2.37536E-10  1.00000E-01 ISOspec 
 3.70651E+00  4.89814E-09  2.44907E-10  1.00000E-01 ISOspec 
 3.74358E+00  4.72706E-09  2.36353E-10  9.99999E-02 ISOspec 
 3.78101E+00  4.55792E-09  2.27896E-10  1.00000E-01 ISOspec 
 3.81882E+00  4.54407E-09  2.27204E-10  1.00000E-01 ISOspec 
 3.85701E+00  4.58368E-09  2.29184E-10  1.00000E-01 ISOspec 
 3.89558E+00  4.51114E-09  2.25557E-10  1.00000E-01 ISOspec 
 3.93454E+00  4.39737E-09  2.19869E-10  1.00000E-01 ISOspec 
 3.97388E+00  4.31796E-09  2.15898E-10  1.00000E-01 ISOspec 
 4.01362E+00  4.39684E-09  2.19842E-10  1.00000E-01 ISOspec 
 4.05376E+00  4.59666E-09  4.81635E-10  9.99999E-02 ISOspec 
 4.09429E+00  3.87076E-09  9.42860E-10  1.00000E-01 ISOspec 
 4.13524E+00  3.82348E-09  1.00312E-09  9.99999E-02 ISOspec 
 4.17659E+00  3.30396E-09  8.44834E-10  1.00000E-01 ISOspec 
 4.21835E+00  4.44570E-09  9.27324E-10  1.00000E-01 ISOspec 
 4.26054E+00  3.91897E-09  8.74489E-10  9.99998E-02 ISOspec 
 4.30314E+00  3.85791E-09  1.00777E-09  1.00000E-01 ISOspec 
 4.34617E+00  3.84483E-09  1.17123E-09  9.99999E-02 ISOspec 
 4.38964E+00  4.09352E-09  8.26063E-10  1.00000E-01 ISOspec 
 4.43353E+00  3.74055E-09  8.03951E-10  9.99999E-02 ISOspec 
 4.47787E+00  3.79383E-09  6.14508E-10  1.00000E-01 ISOspec 
 4.52265E+00  4.15008E-09  8.00852E-10  1.00000E-01 ISOspec 
 4.56787E+00  3.99278E-09  7.24438E-10  9.99999E-02 ISOspec 
 4.61355E+00  3.85588E-09  7.02747E-10  1.00000E-01 ISOspec 
 4.65969E+00  4.33437E-09  9.34718E-10  1.00000E-01 ISOspec 
 4.70628E+00  3.45087E-09  8.37258E-10  1.00000E-01 ISOspec 
 4.75335E+00  3.69393E-09  8.13735E-10  9.99998E-02 ISOspec 
 4.80088E+00  3.61771E-09  7.27955E-10  1.00000E-01 ISOspec 
 4.84889E+00  3.84722E-09  6.79671E-10  1.00000E-01 ISOspec 
 4.89738E+00  3.30771E-09  6.38609E-10  1.00000E-01 ISOspec 
 4.94635E+00  3.81020E-09  6.22779E-10  1.00000E-01 ISOspec 
 4.99582E+00  3.84437E-09  6.32716E-10  1.00000E-01 ISOspec 
 5.04577E+00  3.71392E-09  7.43771E-10  9.99999E-02 ISOspec 
 5.09623E+00  3.27989E-09  6.17676E-10  1.00000E-01 ISOspec 
 5.14719E+00  3.28109E-09  6.22149E-10  9.99999E-02 ISOspec 
 5.19867E+00  3.19198E-09  6.50370E-10  1.00000E-01 ISOspec 
 5.25065E+00  3.01894E-09  6.04846E-10  9.99999E-02 ISOspec 
 5.30316E+00  3.49222E-09  8.06251E-10  9.90099E-02 ISOspec 
 9.14797E-02  8.72547E-13  1.68341E-13  1.11894E-01 <UV> 
 9.25033E-02  2.47571E-12  2.95168E-13  4.99982E-02 <UV> 
 9.29658E-02  1.90963E-12  2.84833E-13  4.99969E-02 <UV> 
 9.34306E-02  2.38753E-12  2.90858E-13  5.00050E-02 <UV> 
 9.38978E-02  3.08492E-12  3.21639E-13  5.00012E-02 <UV> 
 9.43673E-02  2.06128E-12  3.15774E-13  4.99961E-02 <UV> 
 9.48391E-02  6.44542E-12  3.89503E-13  5.00005E-02 <UV> 
 9.53133E-02  2.63664E-12  3.58003E-13  5.00035E-02 <UV> 
 9.57899E-02  3.06371E-12  3.69250E-13  4.99948E-02 <UV> 
 9.62688E-02  3.26757E-12  3.87039E-13  5.00058E-02 <UV> 
 9.67502E-02  3.40125E-12  3.99145E-13  4.99947E-02 <UV> 
 9.72339E-02  2.13405E-11  1.06703E-12  5.00031E-02 <UV> 
 9.77201E-02  2.18146E-11  1.09073E-12  4.99999E-02 <UV> 
 9.82087E-02  5.88617E-12  5.86209E-13  4.99956E-02 <UV> 
 9.86997E-02  9.33962E-12  6.42791E-13  5.00002E-02 <UV> 
 9.91932E-02  9.86043E-12  6.77972E-13  5.00034E-02 <UV> 
 9.96892E-02  5.32233E-12  5.41112E-13  4.99954E-02 <UV> 
 1.00188E-01  4.29736E-12  3.74130E-13  5.00062E-02 <UV> 
 1.00689E-01  3.83712E-12  3.17894E-13  4.99957E-02 <UV> 
 1.01192E-01  3.46540E-12  2.79669E-13  5.00040E-02 <UV> 
 1.01698E-01  5.98447E-12  2.99223E-13  5.00010E-02 <UV> 
 1.02207E-01  3.86024E-12  2.41893E-13  4.99968E-02 <UV> 
 1.02718E-01  1.06939E-10  5.34696E-12  5.00012E-02 <UV> 
 1.03231E-01  3.52296E-11  1.76148E-12  5.00043E-02 <UV> 
 1.03747E-01  8.92083E-12  4.46041E-13  4.99965E-02 <UV> 
 1.04266E-01  4.33614E-12  2.16807E-13  4.99971E-02 <UV> 
 1.04787E-01  3.83725E-12  2.03284E-13  5.00061E-02 <UV> 
 1.05311E-01  3.77167E-12  2.16585E-13  4.99946E-02 <UV> 
 1.05838E-01  7.30968E-12  3.65484E-13  5.00010E-02 <UV> 
 1.06367E-01  5.87062E-12  2.93531E-13  4.99967E-02 <UV> 
 1.06899E-01  4.80984E-12  2.69180E-13  5.00006E-02 <UV> 
 1.07433E-01  6.41876E-12  4.12519E-13  5.00031E-02 <UV> 
 1.07970E-01  4.60551E-12  4.76325E-13  5.00044E-02 <UV> 
 1.08510E-01  7.38854E-12  5.67827E-13  4.99952E-02 <UV> 
 1.09053E-01  3.19774E-12  3.85329E-13  5.00033E-02 <UV> 
 1.09598E-01  3.01020E-12  1.88797E-13  5.00008E-02 <UV> 
 1.10146E-01  4.08449E-12  2.04224E-13  4.99972E-02 <UV> 
 1.10697E-01  5.95451E-12  2.97725E-13  5.00014E-02 <UV> 
 1.11250E-01  1.14143E-11  5.70715E-13  4.99953E-02 <UV> 
 1.11807E-01  1.09836E-11  5.49179E-13  5.00060E-02 <UV> 
 1.12366E-01  8.11868E-12  4.05934E-13  4.99975E-02 <UV> 
 1.12928E-01  1.22747E-11  6.13733E-13  4.99967E-02 <UV> 
 1.13492E-01  1.27000E-11  6.35000E-13  5.00035E-02 <UV> 
 1.14060E-01  1.28741E-11  6.43707E-13  5.00002E-02 <UV> 
 1.14630E-01  5.95084E-12  2.97542E-13  4.99957E-02 <UV> 
 1.15203E-01  4.70963E-12  2.35481E-13  4.99987E-02 <UV> 
 1.15779E-01  8.78713E-12  4.39356E-13  5.00004E-02 <UV> 
 1.16358E-01  1.05157E-11  5.25785E-13  5.00009E-02 <UV> 
 1.16940E-01  1.34457E-11  6.72286E-13  5.00001E-02 <UV> 
 1.17524E-01  2.58329E-11  1.29165E-12  5.00066E-02 <UV> 
 1.18112E-01  1.14837E-11  5.74187E-13  4.99949E-02 <UV> 
 1.18703E-01  1.34415E-11  6.72076E-13  1.25414E-01 <UV> 
 1.20191E-01  6.83660E-11  4.52420E-12  7.51469E-02 <UV> 
 1.21094E-01  1.01925E-10  7.10891E-12  5.00023E-02 <UV> 
 1.21700E-01  2.07587E-10  1.03794E-11  5.00000E-02 <UV> 
 1.22309E-01  3.17315E-11  4.57581E-12  4.99965E-02 <UV> 
 1.22920E-01  1.98668E-11  2.52588E-12  5.00000E-02 <UV> 
 1.23535E-01  2.03455E-11  2.51636E-12  5.00022E-02 <UV> 
 1.24152E-01  2.08323E-11  2.38809E-12  5.00031E-02 <UV> 
 1.24773E-01  2.18952E-11  2.25597E-12  4.99948E-02 <UV> 
 1.25397E-01  2.65043E-11  2.37420E-12  5.00012E-02 <UV> 
 1.26024E-01  2.22411E-11  2.16475E-12  5.00064E-02 <UV> 
 1.26654E-01  2.64498E-11  2.14641E-12  4.99944E-02 <UV> 
 1.27287E-01  3.20609E-11  2.22596E-12  5.00050E-02 <UV> 
 1.27924E-01  3.80819E-11  2.34464E-12  4.99985E-02 <UV> 
 1.28563E-01  4.29681E-11  2.42330E-12  4.99987E-02 <UV> 
 1.29206E-01  5.95383E-11  2.97692E-12  4.99976E-02 <UV> 
 1.29852E-01  7.56541E-11  3.78270E-12  5.00030E-02 <UV> 
 1.30502E-01  1.28878E-10  6.44392E-12  4.99994E-02 <UV> 
 1.31154E-01  7.08903E-11  3.54452E-12  5.00023E-02 <UV> 
 1.31810E-01  4.19063E-11  2.36538E-12  4.99963E-02 <UV> 
 1.32469E-01  3.55928E-11  3.61295E-12  5.00042E-02 <UV> 
 1.33131E-01  5.50294E-11  4.05124E-12  4.99958E-02 <UV> 
 1.33797E-01  6.61893E-11  3.30946E-12  5.00012E-02 <UV> 
 1.34466E-01  4.72491E-11  2.48143E-12  4.99978E-02 <UV> 
 1.35138E-01  5.73018E-11  2.86509E-12  5.00007E-02 <UV> 
 1.35814E-01  6.78947E-11  3.39473E-12  5.00023E-02 <UV> 
 1.36493E-01  5.90006E-11  2.95003E-12  5.00026E-02 <UV> 
 1.37175E-01  6.14950E-11  3.07475E-12  4.99944E-02 <UV> 
 1.37861E-01  5.92227E-11  2.96113E-12  4.99996E-02 <UV> 
 1.38551E-01  6.65645E-11  3.32823E-12  5.00034E-02 <UV> 
 1.39243E-01  1.42114E-10  7.10572E-12  4.99988E-02 <UV> 
 1.39939E-01  1.51662E-10  7.58311E-12  5.00002E-02 <UV> 
 1.40639E-01  1.29585E-10  6.47926E-12  5.00003E-02 <UV> 
 1.41342E-01  7.78740E-11  3.89370E-12  4.99992E-02 <UV> 
 1.42049E-01  7.58529E-11  3.79265E-12  5.00038E-02 <UV> 
 1.42759E-01  7.49485E-11  3.74743E-12  5.00002E-02 <UV> 
 1.43473E-01  7.99860E-11  3.99930E-12  4.99954E-02 <UV> 
 1.44190E-01  9.52919E-11  4.76459E-12  5.00033E-02 <UV> 
 1.44911E-01  9.48694E-11  4.74347E-12  4.99960E-02 <UV> 
 1.45636E-01  1.16200E-10  5.81000E-12  5.00014E-02 <UV> 
 1.46364E-01  1.13757E-10  5.68787E-12  4.99986E-02 <UV> 
 1.47096E-01  1.19200E-10  5.95998E-12  5.00014E-02 <UV> 
 1.47832E-01  1.19240E-10  5.96198E-12  5.00029E-02 <UV> 
 1.48571E-01  1.32440E-10  6.62200E-12  4.99964E-02 <UV> 
 1.49314E-01  1.34974E-10  6.74871E-12  5.00022E-02 <UV> 
 1.50060E-01  1.32349E-10  6.61744E-12  5.00000E-02 <UV> 
 1.50810E-01  1.45233E-10  7.26167E-12  4.99966E-02 <UV> 
 1.51564E-01  1.30396E-10  6.51982E-12  5.00051E-02 <UV> 
 1.52322E-01  1.21768E-10  6.08840E-12  4.99992E-02 <UV> 
 1.53084E-01  1.52474E-10  7.62370E-12  4.99987E-02 <UV> 
 1.53849E-01  2.18300E-10  1.09150E-11  4.99970E-02 <UV> 
 1.54618E-01  2.57964E-10  1.28982E-11  5.00005E-02 <UV> 
 1.55392E-01  2.33378E-10  1.16689E-11  5.00027E-02 <UV> 
 1.56169E-01  1.89815E-10  9.49076E-12  4.99972E-02 <UV> 
 1.56949E-01  2.25094E-10  1.12547E-11  5.00034E-02 <UV> 
 1.57734E-01  4.20444E-10  2.10222E-11  4.99955E-02 <UV> 
 1.58523E-01  5.28653E-10  2.64326E-11  5.00054E-02 <UV> 
 1.59315E-01  5.92142E-10  2.96071E-11  4.99951E-02 <UV> 
 1.60112E-01  6.65933E-10  3.32967E-11  5.00025E-02 <UV> 
 1.60913E-01  4.43868E-10  2.21934E-11  5.00023E-02 <UV> 
 1.61717E-01  4.91109E-10  2.45555E-11  4.99947E-02 <UV> 
 1.62526E-01  3.30657E-10  1.65328E-11  5.00044E-02 <UV> 
 1.63338E-01  2.30666E-10  1.15333E-11  5.00005E-02 <UV> 
 1.64155E-01  4.10775E-10  2.05388E-11  4.99954E-02 <UV> 
 1.64976E-01  5.71971E-10  2.85986E-11  5.00013E-02 <UV> 
 1.65801E-01  4.09138E-10  2.04569E-11  4.99998E-02 <UV> 
 1.66630E-01  7.01954E-10  3.50977E-11  5.00031E-02 <UV> 
 1.67463E-01  4.99632E-10  2.49816E-11  4.99991E-02 <UV> 
 1.68300E-01  6.49235E-10  3.24617E-11  4.99999E-02 <UV> 
 1.69142E-01  6.03758E-10  3.01879E-11  4.99995E-02 <UV> 
 1.69987E-01  5.76582E-10  2.88291E-11  4.99978E-02 <UV> 
 1.70837E-01  5.92266E-10  2.96133E-11  5.00008E-02 <UV> 
 1.71691E-01  5.96156E-10  2.98078E-11  5.00025E-02 <UV> 
 1.72550E-01  8.66258E-10  4.33129E-11  4.99971E-02 <UV> 
 1.73413E-01  1.29782E-09  6.48912E-11  5.00021E-02 <UV> 
 1.74280E-01  1.10834E-09  5.54172E-11  5.00001E-02 <UV> 
 1.75151E-01  1.27986E-09  6.39931E-11  5.00025E-02 <UV> 
 1.76027E-01  1.48080E-09  7.40400E-11  4.99980E-02 <UV> 
 1.76907E-01  1.79692E-09  8.98458E-11  4.99980E-02 <UV> 
 1.77792E-01  2.44744E-09  1.22372E-10  5.00024E-02 <UV> 
 1.78681E-01  1.22894E-09  6.14471E-11  4.99998E-02 <UV> 
 1.79574E-01  2.62875E-09  1.31437E-10  5.00017E-02 <UV> 
 1.80472E-01  2.50183E-09  1.25091E-10  4.99967E-02 <UV> 
 1.81374E-01  2.23491E-09  1.11746E-10  5.00016E-02 <UV> 
 1.82281E-01  2.19641E-09  1.09821E-10  4.99997E-02 <UV> 
 1.83193E-01  2.10765E-09  1.05382E-10  5.00020E-02 <UV> 
 1.84109E-01  1.86215E-09  9.31074E-11  4.99977E-02 <UV> 
 1.85029E-01  1.67203E-09  8.36016E-11  4.99976E-02 <UV> 
 1.85954E-01  1.54151E-09  7.70754E-11  5.00016E-02 <UV> 
 1.86884E-01  2.44212E-09  1.22106E-10  4.99990E-02 <UV> 
 1.87818E-01  2.36681E-09  1.18341E-10  5.00005E-02 <UV> 
 1.88757E-01  3.05360E-09  1.52680E-10  5.00007E-02 <UV> 
 1.89701E-01  2.49009E-09  1.24505E-10  4.99997E-02 <UV> 
 1.90650E-01  2.68355E-09  1.34177E-10  5.00027E-02 <UV> 
 1.91603E-01  2.15168E-09  1.07584E-10  4.99992E-02 <UV> 
 1.92561E-01  2.40871E-09  1.20435E-10  4.99997E-02 <UV> 
 1.93524E-01  2.55660E-09  1.27830E-10  4.99990E-02 <UV> 
 1.94491E-01  3.21158E-09  1.60579E-10  5.00022E-02 <UV> 
 1.95464E-01  3.19650E-09  1.59825E-10  4.99990E-02 <UV> 
 1.96441E-01  3.08872E-09  1.54436E-10  4.99997E-02 <UV> 
 1.97423E-01  3.39823E-09  1.69911E-10  4.99991E-02 <UV> 
 1.98411E-01  3.13737E-09  1.56868E-10  5.00024E-02 <UV> 
 1.99403E-01  2.83562E-09  1.41781E-10  4.99993E-02 <UV> 
 2.00400E-01  2.54970E-09  1.27485E-10  5.00001E-02 <UV> 
 2.01402E-01  1.97157E-09  9.85787E-11  4.99996E-02 <UV> 
 2.02409E-01  2.01416E-09  1.00708E-10  4.99979E-02 <UV> 
 2.03421E-01  2.52122E-09  1.26061E-10  4.99999E-02 <UV> 
 2.04438E-01  2.48054E-09  1.24027E-10  5.00006E-02 <UV> 
 2.05460E-01  1.98481E-09  1.50505E-10  5.00000E-02 <UV> 
 2.06487E-01  1.84896E-09  9.24481E-11  4.99983E-02 <UV> 
 2.07520E-01  2.90390E-09  1.45195E-10  5.00001E-02 <UV> 
 2.08557E-01  2.95943E-09  1.47971E-10  5.00007E-02 <UV> 
 2.09600E-01  2.82700E-09  1.41350E-10  5.00000E-02 <UV> 
 2.10648E-01  2.82856E-09  1.41428E-10  5.00028E-02 <UV> 
 2.11701E-01  2.84289E-09  1.42145E-10  4.99997E-02 <UV> 
 2.12760E-01  2.44410E-09  1.22205E-10  5.00000E-02 <UV> 
 2.13824E-01  1.68005E-09  8.40024E-11  4.99992E-02 <UV> 
 2.14893E-01  2.48405E-09  1.24203E-10  5.00017E-02 <UV> 
 2.15967E-01  2.46511E-09  1.23256E-10  4.99983E-02 <UV> 
 2.17047E-01  1.70836E-09  8.54179E-11  4.99984E-02 <UV> 
 2.18132E-01  2.05125E-09  1.02563E-10  5.00018E-02 <UV> 
 2.19223E-01  2.67024E-09  1.63986E-10  4.99993E-02 <UV> 
 2.20319E-01  2.76637E-09  1.38318E-10  5.00002E-02 <UV> 
 2.21421E-01  1.79402E-09  8.97009E-11  4.99999E-02 <UV> 
 2.22528E-01  1.52066E-09  7.60328E-11  4.99983E-02 <UV> 
 2.23640E-01  2.51036E-09  1.25518E-10  4.99999E-02 <UV> 
 2.24759E-01  1.88520E-09  9.42599E-11  5.00003E-02 <UV> 
 2.25882E-01  1.61649E-09  8.08245E-11  4.99995E-02 <UV> 
 2.27012E-01  1.79897E-09  8.99483E-11  5.00018E-02 <UV> 
 2.28147E-01  2.43421E-09  1.21711E-10  4.99985E-02 <UV> 
 2.29288E-01  2.43684E-09  1.21842E-10  5.00027E-02 <UV> 
 2.30434E-01  2.12368E-09  1.06184E-10  4.99970E-02 <UV> 
 2.31586E-01  2.35176E-09  1.17588E-10  5.00030E-02 <UV> 
 2.32744E-01  2.04569E-09  1.02285E-10  4.99991E-02 <UV> 
 2.33908E-01  1.52345E-09  7.61724E-11  4.99983E-02 <UV> 
 2.35077E-01  1.72224E-09  8.61119E-11  5.00006E-02 <UV> 
 2.36253E-01  1.20076E-09  6.00382E-11  5.00015E-02 <UV> 
 2.37434E-01  1.28166E-09  6.40830E-11  4.99971E-02 <UV> 
 2.38621E-01  1.10381E-09  5.51903E-11  5.00040E-02 <UV> 
 2.39814E-01  1.36302E-09  6.81511E-11  4.99970E-02 <UV> 
 2.41013E-01  1.13596E-09  5.67980E-11  5.00014E-02 <UV> 
 2.42218E-01  2.11874E-09  1.05937E-10  5.00003E-02 <UV> 
 2.43430E-01  1.87612E-09  9.38059E-11  4.99980E-02 <UV> 
 2.44647E-01  2.17010E-09  1.08505E-10  5.00027E-02 <UV> 
 2.45870E-01  2.00290E-09  1.00145E-10  4.99980E-02 <UV> 
 2.47099E-01  2.02859E-09  1.01430E-10  5.00002E-02 <UV> 
 2.48335E-01  1.80241E-09  9.01204E-11  5.00011E-02 <UV> 
 2.49576E-01  2.14874E-09  1.07437E-10  5.00007E-02 <UV> 
 2.50824E-01  2.08807E-09  1.04403E-10  4.99991E-02 <UV> 
 2.52078E-01  2.26794E-09  1.13397E-10  5.00003E-02 <UV> 
 2.53339E-01  1.40991E-09  7.04954E-11  5.00002E-02 <UV> 
 2.54605E-01  1.67800E-09  8.39002E-11  4.99989E-02 <UV> 
 2.55879E-01  2.41794E-09  1.20897E-10  5.00003E-02 <UV> 
 2.57158E-01  1.84470E-09  9.22348E-11  5.00004E-02 <UV> 
 2.58444E-01  1.77934E-09  8.90540E-11  4.99993E-02 <UV> 
 2.59736E-01  1.90711E-09  9.53553E-11  5.00008E-02 <UV> 
 2.61035E-01  1.62378E-09  8.11888E-11  5.00010E-02 <UV> 
 2.62340E-01  1.23365E-09  6.16825E-11  5.00000E-02 <UV> 
 2.63651E-01  3.30709E-09  1.65354E-10  4.99978E-02 <UV> 
 2.64970E-01  4.51172E-09  2.25586E-10  5.00019E-02 <UV> 
 2.66295E-01  3.14616E-09  1.57308E-10  4.99973E-02 <UV> 
 2.67626E-01  3.40161E-09  1.70080E-10  5.00026E-02 <UV> 
 2.68964E-01  3.31541E-09  1.65771E-10  4.99992E-02 <UV> 
 2.70309E-01  3.51721E-09  1.75860E-10  4.99983E-02 <UV> 
 2.71661E-01  3.21839E-09  1.60919E-10  4.99999E-02 <UV> 
 2.73019E-01  3.10441E-09  1.55221E-10  5.00002E-02 <UV> 
 2.74384E-01  1.39451E-09  6.97253E-11  4.99993E-02 <UV> 
 2.75756E-01  2.49684E-09  1.24842E-10  5.00008E-02 <UV> 
 2.77135E-01  3.82365E-09  1.91183E-10  5.00010E-02 <UV> 
 2.78520E-01  4.29629E-09  2.14814E-10  4.99999E-02 <UV> 
 2.79913E-01  7.38528E-09  3.69264E-10  5.00013E-02 <UV> 
 2.81313E-01  5.66876E-09  2.83438E-10  4.99978E-02 <UV> 
 2.82719E-01  4.58508E-09  2.29254E-10  5.00002E-02 <UV> 
 2.84133E-01  3.77601E-09  1.88800E-10  5.00013E-02 <UV> 
 2.85553E-01  2.95462E-09  1.47731E-10  4.99977E-02 <UV> 
 2.86981E-01  3.52740E-09  1.76370E-10  5.00033E-02 <UV> 
 2.88416E-01  4.36059E-09  2.18030E-10  4.99972E-02 <UV> 
 2.89858E-01  4.95457E-09  2.47729E-10  5.00003E-02 <UV> 
 2.91307E-01  5.54151E-09  2.77075E-10  5.00022E-02 <UV> 
 2.92764E-01  4.31279E-09  2.15640E-10  4.99993E-02 <UV> 
 2.94228E-01  3.53544E-09  1.76772E-10  4.99987E-02 <UV> 
 2.95699E-01  4.90771E-09  2.45386E-10  5.00002E-02 <UV> 
 2.97177E-01  5.20667E-09  2.60333E-10  5.00005E-02 <UV> 
 2.98663E-01  4.80537E-09  2.40269E-10  4.99995E-02 <UV> 
 3.00156E-01  5.47521E-09  2.73761E-10  5.00006E-02 <UV> 
 3.01657E-01  5.98446E-09  2.99223E-10  5.00004E-02 <UV> 
 3.03166E-01  5.72677E-09  2.86338E-10  4.99991E-02 <UV> 
 3.04681E-01  5.76893E-09  2.88446E-10  4.99998E-02 <UV> 
 3.06205E-01  5.89940E-09  2.94970E-10  4.99992E-02 <UV> 
 3.07736E-01  5.68970E-09  2.84485E-10  5.00007E-02 <UV> 
 3.09275E-01  5.50029E-09  2.75015E-10  5.00009E-02 <UV> 
 3.10821E-01  5.78923E-09  2.89461E-10  4.99999E-02 <UV> 
 3.12375E-01  5.19564E-09  2.59782E-10  5.00008E-02 <UV> 
 3.13937E-01  5.88748E-09  2.94374E-10  5.00005E-02 <UV> 
 3.15507E-01  5.69187E-09  2.84593E-10  4.97517E-02 <UV> 
