 3.41800E-01  6.93856E-10  1.44520E-10  1.00000E+00 GENEVA.U 
 3.99500E-01  5.72412E-10  1.19227E-10  1.00000E+00 GENEVA.B1 
 4.19200E-01  5.79754E-10  1.18336E-10  1.00000E+00 GENEVA.B 
 4.19600E-01  5.39012E-10  4.36871E-11  1.00000E+00 TYCHO2.BT 
 4.19600E-01  5.64411E-10  7.38192E-11  1.00000E+00 TYCHO2.BT 
 4.43400E-01  5.41269E-10  5.03515E-11  1.00000E+00 JOHNSON.B 
 4.47500E-01  6.26067E-10  1.30401E-10  1.00000E+00 GENEVA.B2 
 5.18900E-01  7.36222E-10  6.29974E-11  1.00000E+00 HIPPARCOS.HP 
 5.30700E-01  5.02761E-10  5.51043E-11  1.00000E+00 TYCHO2.VT 
 5.30700E-01  5.64109E-10  8.31307E-11  1.00000E+00 TYCHO2.VT 
 5.39200E-01  7.80895E-10  1.62640E-10  1.00000E+00 GENEVA.V1 
 5.47500E-01  7.94902E-10  1.58871E-10  1.00000E+00 GENEVA.V 
 5.49300E-01  5.10575E-10  6.25455E-11  1.00000E+00 JOHNSON.V 
 5.76200E-01  8.82728E-10  1.83856E-10  1.00000E+00 GENEVA.G 
 1.23930E+00  1.21567E-09  6.07834E-11  1.00000E+00 2MASS.J 
 1.24310E+00  1.27147E-09  6.35736E-11  1.00000E+00 JOHNSON.J 
 1.64420E+00  1.43478E-09  7.17390E-11  1.00000E+00 JOHNSON.H 
 1.64950E+00  1.40113E-09  7.00564E-11  1.00000E+00 2MASS.H 
 2.16390E+00  1.29222E-09  6.46108E-11  1.00000E+00 2MASS.KS 
 2.18790E+00  1.29343E-09  6.46714E-11  1.00000E+00 JOHNSON.K 
 3.36820E+00  1.11508E-09  5.57538E-11  1.00000E+00 WISE.W1 
 4.61790E+00  1.12246E-09  5.61230E-11  1.00000E+00 WISE.W2 
 4.70000E+00  1.09711E-09  5.48556E-11  1.00000E+00 IRAC4.5 
 8.00000E+00  4.12215E-10  2.06107E-11  1.00000E+00 IRAC8.0 
 9.09950E+00  6.46401E-10  9.45551E-11  1.00000E+00 AKARI.S9W 
 1.14099E+01  6.43732E-10  9.65598E-11  1.00000E+00 IRAS.F12 
 1.20730E+01  5.91738E-10  2.95869E-11  1.00000E+00 WISE.W3 
 1.95050E+01  5.08748E-10  2.54374E-11  1.00000E+00 AKARI.L18W 
 2.21943E+01  6.15124E-10  3.07562E-11  1.00000E+00 WISE.W4 
 2.36108E+01  5.77725E-10  3.46635E-11  1.00000E+00 IRAS.F25 
 6.04093E+01  2.47142E-10  2.71856E-11  1.00000E+00 IRAS.F60 
 6.62934E+01  1.76050E-10  4.83876E-11  1.00000E+00 AKARI.N60 
 8.78971E+01  1.64260E-10  8.21302E-12  1.00000E+00 AKARI.WIDES 
 1.00000E+02  1.70882E-10  1.49896E-11  1.00000E+00 generic 
 1.48761E+02  1.42902E-10  3.86930E-11  1.00000E+00 AKARI.WIDEL 
 1.30000E+03  4.54301E-13  4.54301E-14  1.00000E+00 generic 
 1.40000E+03  3.16923E-13  2.14137E-14  1.00000E+00 generic 
 1.40000E+03  3.40479E-13  2.14137E-14  1.00000E+00 generic 
 3.30000E+03  1.15375E-14  9.08462E-16  1.00000E+00 generic 
 3.30000E+03  1.41720E-14  1.41720E-15  1.00000E+00 generic 
 7.00000E+03  7.83743E-16  1.07069E-16  1.00000E+00 generic 
 7.30000E+03  6.24225E-16  9.85619E-17  1.00000E+00 generic 
 5.42894E+00  5.99072E-10  2.99536E-11  5.57017E-02 SpitzerIRS 
 5.45918E+00  5.92585E-10  2.96293E-11  5.53929E-02 SpitzerIRS 
 5.48942E+00  5.86902E-10  2.93451E-11  5.51062E-02 SpitzerIRS 
 5.51967E+00  5.83625E-10  2.91813E-11  5.47861E-02 SpitzerIRS 
 5.54991E+00  5.77474E-10  2.88737E-11  5.44874E-02 SpitzerIRS 
 5.58015E+00  5.73969E-10  2.86984E-11  5.41923E-02 SpitzerIRS 
 5.61039E+00  5.59242E-10  2.79621E-11  5.38993E-02 SpitzerIRS 
 5.64063E+00  5.56244E-10  2.78122E-11  5.36288E-02 SpitzerIRS 
 5.67088E+00  5.54916E-10  2.77458E-11  5.33252E-02 SpitzerIRS 
 5.70112E+00  5.53077E-10  2.76538E-11  5.30424E-02 SpitzerIRS 
 5.73136E+00  5.50159E-10  2.75079E-11  5.27623E-02 SpitzerIRS 
 5.76160E+00  5.46527E-10  2.73264E-11  5.24856E-02 SpitzerIRS 
 5.79184E+00  5.40806E-10  2.70403E-11  5.22287E-02 SpitzerIRS 
 5.82209E+00  5.36431E-10  2.68215E-11  5.19403E-02 SpitzerIRS 
 5.85233E+00  5.35216E-10  2.67608E-11  5.16710E-02 SpitzerIRS 
 5.88257E+00  5.30916E-10  2.65458E-11  5.14061E-02 SpitzerIRS 
 5.91281E+00  5.21639E-10  2.60820E-11  5.11434E-02 SpitzerIRS 
 5.94305E+00  5.15373E-10  2.57687E-11  5.09000E-02 SpitzerIRS 
 5.97330E+00  5.09526E-10  2.54763E-11  5.06253E-02 SpitzerIRS 
 6.00354E+00  5.02376E-10  2.51188E-11  5.03704E-02 SpitzerIRS 
 6.03378E+00  4.97259E-10  2.48630E-11  5.01180E-02 SpitzerIRS 
 6.06402E+00  4.94780E-10  2.47390E-11  4.98679E-02 SpitzerIRS 
 6.09426E+00  4.81994E-10  2.40997E-11  4.96362E-02 SpitzerIRS 
 6.12451E+00  4.74713E-10  2.37357E-11  4.93755E-02 SpitzerIRS 
 6.15475E+00  4.71792E-10  2.35896E-11  4.91328E-02 SpitzerIRS 
 6.18499E+00  4.65413E-10  2.32707E-11  4.88927E-02 SpitzerIRS 
 6.21523E+00  4.58779E-10  2.29389E-11  4.86547E-02 SpitzerIRS 
 6.24547E+00  4.56557E-10  2.28279E-11  4.84353E-02 SpitzerIRS 
 6.27572E+00  4.54357E-10  2.27178E-11  4.81859E-02 SpitzerIRS 
 6.30596E+00  4.52915E-10  2.26457E-11  4.79546E-02 SpitzerIRS 
 6.33620E+00  4.50753E-10  2.25377E-11  4.77251E-02 SpitzerIRS 
 6.36644E+00  4.52106E-10  2.26053E-11  4.74992E-02 SpitzerIRS 
 6.39668E+00  4.54014E-10  2.27007E-11  4.72903E-02 SpitzerIRS 
 6.42693E+00  4.64961E-10  2.32480E-11  4.70520E-02 SpitzerIRS 
 6.45717E+00  4.70978E-10  2.35489E-11  4.68318E-02 SpitzerIRS 
 6.48741E+00  4.72729E-10  2.36365E-11  4.66134E-02 SpitzerIRS 
 6.51765E+00  4.73250E-10  2.36625E-11  4.63972E-02 SpitzerIRS 
 6.54789E+00  4.71064E-10  2.35532E-11  4.61975E-02 SpitzerIRS 
 6.57814E+00  4.85587E-10  2.42793E-11  4.59704E-02 SpitzerIRS 
 6.60838E+00  4.90814E-10  2.45407E-11  4.57602E-02 SpitzerIRS 
 6.63862E+00  4.88578E-10  2.44289E-11  4.55518E-02 SpitzerIRS 
 6.66886E+00  4.54292E-10  2.27146E-11  4.53451E-02 SpitzerIRS 
 6.69910E+00  4.46156E-10  2.23078E-11  4.51555E-02 SpitzerIRS 
 6.72935E+00  4.42720E-10  2.21360E-11  4.49375E-02 SpitzerIRS 
 6.75959E+00  4.40739E-10  2.20370E-11  4.47366E-02 SpitzerIRS 
 6.78983E+00  4.38776E-10  2.19388E-11  4.45366E-02 SpitzerIRS 
 6.82007E+00  4.34717E-10  2.17358E-11  4.43397E-02 SpitzerIRS 
 6.85031E+00  4.31126E-10  2.15563E-11  4.41587E-02 SpitzerIRS 
 6.88056E+00  4.21610E-10  2.10805E-11  4.39501E-02 SpitzerIRS 
 6.91080E+00  4.12243E-10  2.06121E-11  4.37576E-02 SpitzerIRS 
 6.94104E+00  4.10447E-10  2.05223E-11  4.35671E-02 SpitzerIRS 
 6.97128E+00  4.11130E-10  2.05565E-11  4.33781E-02 SpitzerIRS 
 7.00152E+00  4.10828E-10  2.05414E-11  4.32049E-02 SpitzerIRS 
 7.03177E+00  4.09107E-10  2.04554E-11  4.30042E-02 SpitzerIRS 
 7.06201E+00  4.07355E-10  2.03678E-11  4.28208E-02 SpitzerIRS 
 7.09225E+00  4.02021E-10  2.01011E-11  4.26381E-02 SpitzerIRS 
 7.12249E+00  4.00315E-10  2.00157E-11  4.24572E-02 SpitzerIRS 
 7.15273E+00  3.98366E-10  1.99183E-11  4.22917E-02 SpitzerIRS 
 7.18298E+00  3.97565E-10  1.98783E-11  4.20995E-02 SpitzerIRS 
 7.21322E+00  3.94028E-10  1.97014E-11  4.19232E-02 SpitzerIRS 
 7.24346E+00  3.93724E-10  1.96862E-11  4.17480E-02 SpitzerIRS 
 7.27370E+00  3.89313E-10  1.94657E-11  4.15739E-02 SpitzerIRS 
 7.30394E+00  3.89902E-10  1.94951E-11  4.14161E-02 SpitzerIRS 
 7.33419E+00  3.84631E-10  1.92316E-11  4.12317E-02 SpitzerIRS 
 7.36443E+00  3.82323E-10  1.91161E-11  4.10622E-02 SpitzerIRS 
 7.39467E+00  3.78627E-10  1.89314E-11  4.08945E-02 SpitzerIRS 
 7.42491E+00  3.77085E-10  1.88542E-11  4.07278E-02 SpitzerIRS 
 7.45515E+00  3.91395E-10  1.95698E-11  4.05761E-02 SpitzerIRS 
 7.48540E+00  3.89813E-10  1.94907E-11  4.03981E-02 SpitzerIRS 
 7.51564E+00  3.78879E-10  1.89440E-11  8.04723E-02 SpitzerIRS 
 7.57612E+00  3.93946E-10  1.96973E-11  7.98299E-02 SpitzerIRS 
 7.63660E+00  3.87705E-10  1.93853E-11  7.92108E-02 SpitzerIRS 
 7.69709E+00  3.84658E-10  1.92329E-11  7.85748E-02 SpitzerIRS 
 7.75757E+00  3.85029E-10  1.92515E-11  7.79627E-02 SpitzerIRS 
 7.81805E+00  3.82438E-10  1.91219E-11  7.73724E-02 SpitzerIRS 
 7.87854E+00  3.84342E-10  1.92171E-11  7.67657E-02 SpitzerIRS 
 7.93902E+00  3.87044E-10  1.93522E-11  7.61928E-02 SpitzerIRS 
 7.99951E+00  3.90189E-10  1.95094E-11  7.56048E-02 SpitzerIRS 
 8.05999E+00  3.96735E-10  1.98367E-11  7.50374E-02 SpitzerIRS 
 8.12047E+00  4.01156E-10  2.00578E-11  7.44904E-02 SpitzerIRS 
 8.18096E+00  4.07648E-10  2.03824E-11  7.39279E-02 SpitzerIRS 
 8.24144E+00  4.15577E-10  2.07788E-11  7.33854E-02 SpitzerIRS 
 8.30192E+00  4.21548E-10  2.10774E-11  7.28623E-02 SpitzerIRS 
 8.36241E+00  4.28637E-10  2.14319E-11  7.23238E-02 SpitzerIRS 
 8.42289E+00  4.33212E-10  2.16606E-11  7.18045E-02 SpitzerIRS 
 8.48337E+00  4.38746E-10  2.19373E-11  7.13049E-02 SpitzerIRS 
 8.54386E+00  4.47538E-10  2.23769E-11  7.07867E-02 SpitzerIRS 
 8.60434E+00  4.52416E-10  2.26208E-11  7.03024E-02 SpitzerIRS 
 8.66483E+00  4.60018E-10  2.30009E-11  6.97995E-02 SpitzerIRS 
 8.72531E+00  4.69058E-10  2.34529E-11  6.93157E-02 SpitzerIRS 
 8.78579E+00  4.75489E-10  2.37745E-11  6.88495E-02 SpitzerIRS 
 8.84628E+00  4.81063E-10  2.40531E-11  6.83678E-02 SpitzerIRS 
 8.90676E+00  4.90219E-10  2.45110E-11  6.79036E-02 SpitzerIRS 
 8.96724E+00  4.98865E-10  2.49433E-11  6.74563E-02 SpitzerIRS 
 9.02773E+00  5.12641E-10  2.56321E-11  6.69937E-02 SpitzerIRS 
 9.08821E+00  5.19004E-10  2.59502E-11  6.65479E-02 SpitzerIRS 
 9.14869E+00  5.25885E-10  2.62943E-11  6.61184E-02 SpitzerIRS 
 9.20918E+00  5.26780E-10  2.63390E-11  6.56737E-02 SpitzerIRS 
 9.26966E+00  5.34203E-10  2.67102E-11  6.52556E-02 SpitzerIRS 
 9.33015E+00  5.37198E-10  2.68599E-11  6.48222E-02 SpitzerIRS 
 9.39063E+00  5.39664E-10  2.69832E-11  6.44047E-02 SpitzerIRS 
 9.45111E+00  5.39950E-10  2.69975E-11  6.40026E-02 SpitzerIRS 
 9.51160E+00  5.39968E-10  2.69984E-11  6.35857E-02 SpitzerIRS 
 9.57208E+00  5.38187E-10  2.69094E-11  6.31839E-02 SpitzerIRS 
 9.63256E+00  5.42888E-10  2.71444E-11  6.27981E-02 SpitzerIRS 
 9.69305E+00  5.46703E-10  2.73352E-11  6.23943E-02 SpitzerIRS 
 9.75353E+00  5.50306E-10  2.75153E-11  6.20085E-02 SpitzerIRS 
 9.81401E+00  5.55648E-10  2.77824E-11  6.16370E-02 SpitzerIRS 
 9.87450E+00  5.61273E-10  2.80637E-11  6.12488E-02 SpitzerIRS 
 9.93498E+00  5.63729E-10  2.81864E-11  6.08855E-02 SpitzerIRS 
 9.99547E+00  5.61085E-10  2.80542E-11  6.05076E-02 SpitzerIRS 
 1.00560E+01  5.58831E-10  2.79416E-11  6.01436E-02 SpitzerIRS 
 1.01164E+01  5.55490E-10  2.77745E-11  5.97934E-02 SpitzerIRS 
 1.01769E+01  5.49914E-10  2.74957E-11  5.94288E-02 SpitzerIRS 
 1.02374E+01  5.43333E-10  2.71667E-11  5.90776E-02 SpitzerIRS 
 1.02979E+01  5.40142E-10  2.70071E-11  5.87399E-02 SpitzerIRS 
 1.03584E+01  5.40655E-10  2.70327E-11  5.83877E-02 SpitzerIRS 
 1.04188E+01  5.44215E-10  2.72108E-11  5.80488E-02 SpitzerIRS 
 1.04793E+01  5.42525E-10  2.71262E-11  5.77228E-02 SpitzerIRS 
 1.05398E+01  5.40136E-10  2.70068E-11  5.73825E-02 SpitzerIRS 
 1.06003E+01  5.37055E-10  2.68527E-11  5.70650E-02 SpitzerIRS 
 1.06608E+01  5.37050E-10  2.68525E-11  5.67305E-02 SpitzerIRS 
 1.07213E+01  5.39258E-10  2.69629E-11  5.64113E-02 SpitzerIRS 
 1.07817E+01  5.41747E-10  2.70873E-11  5.61046E-02 SpitzerIRS 
 1.08422E+01  5.42670E-10  2.71335E-11  5.57820E-02 SpitzerIRS 
 1.09027E+01  5.47020E-10  2.73510E-11  5.54716E-02 SpitzerIRS 
 1.09632E+01  5.46376E-10  2.73188E-11  5.51760E-02 SpitzerIRS 
 1.10237E+01  5.47090E-10  2.73545E-11  5.48638E-02 SpitzerIRS 
 1.10842E+01  5.44105E-10  2.72053E-11  5.45645E-02 SpitzerIRS 
 1.11447E+01  5.36189E-10  2.68095E-11  5.42768E-02 SpitzerIRS 
 1.12051E+01  5.30825E-10  2.65413E-11  5.39753E-02 SpitzerIRS 
 1.12656E+01  5.21538E-10  2.60769E-11  5.36941E-02 SpitzerIRS 
 1.13261E+01  5.13523E-10  2.56761E-11  5.33988E-02 SpitzerIRS 
 1.13866E+01  4.97178E-10  2.48589E-11  5.31152E-02 SpitzerIRS 
 1.14471E+01  4.82907E-10  2.41454E-11  5.28430E-02 SpitzerIRS 
 1.15076E+01  4.73048E-10  2.36524E-11  5.25568E-02 SpitzerIRS 
 1.15680E+01  4.59535E-10  2.29768E-11  5.22821E-02 SpitzerIRS 
 1.16285E+01  4.51125E-10  2.25563E-11  5.20184E-02 SpitzerIRS 
 1.16890E+01  4.45354E-10  2.22677E-11  5.17410E-02 SpitzerIRS 
 1.17495E+01  4.36619E-10  2.18309E-11  5.14747E-02 SpitzerIRS 
 1.18100E+01  4.25732E-10  2.12866E-11  5.12192E-02 SpitzerIRS 
 1.18705E+01  4.17741E-10  2.08870E-11  5.09501E-02 SpitzerIRS 
 1.19309E+01  4.14500E-10  2.07250E-11  5.07006E-02 SpitzerIRS 
 1.19914E+01  4.08382E-10  2.04191E-11  5.04361E-02 SpitzerIRS 
 1.20519E+01  4.05103E-10  2.02552E-11  5.01823E-02 SpitzerIRS 
 1.21124E+01  4.00304E-10  2.00152E-11  4.99411E-02 SpitzerIRS 
 1.21729E+01  3.92377E-10  1.96188E-11  4.96843E-02 SpitzerIRS 
 1.22334E+01  3.90437E-10  1.95218E-11  4.94387E-02 SpitzerIRS 
 1.22938E+01  3.90877E-10  1.95438E-11  4.92033E-02 SpitzerIRS 
 1.23543E+01  3.94646E-10  1.97323E-11  4.89546E-02 SpitzerIRS 
 1.24148E+01  3.95389E-10  1.97695E-11  4.87161E-02 SpitzerIRS 
 1.24753E+01  3.93472E-10  1.96736E-11  4.84876E-02 SpitzerIRS 
 1.25358E+01  3.89225E-10  1.94613E-11  4.82460E-02 SpitzerIRS 
 1.25963E+01  3.87187E-10  1.93594E-11  4.80219E-02 SpitzerIRS 
 1.26567E+01  3.79768E-10  1.89884E-11  4.77849E-02 SpitzerIRS 
 1.27172E+01  3.75263E-10  1.87632E-11  4.75577E-02 SpitzerIRS 
 1.27777E+01  3.70749E-10  1.85374E-11  4.73399E-02 SpitzerIRS 
 1.28382E+01  3.68605E-10  1.84302E-11  4.71095E-02 SpitzerIRS 
 1.28987E+01  3.61020E-10  1.80510E-11  4.68887E-02 SpitzerIRS 
 1.29592E+01  3.57003E-10  1.78501E-11  4.66779E-02 SpitzerIRS 
 1.30197E+01  3.55344E-10  1.77672E-11  4.64522E-02 SpitzerIRS 
 1.30801E+01  3.53701E-10  1.76851E-11  4.62382E-02 SpitzerIRS 
 1.31406E+01  3.51430E-10  1.75715E-11  4.60333E-02 SpitzerIRS 
 1.32011E+01  3.49820E-10  1.74910E-11  4.58145E-02 SpitzerIRS 
 1.32616E+01  3.48073E-10  1.74036E-11  4.56047E-02 SpitzerIRS 
 1.33221E+01  3.46621E-10  1.73310E-11  4.54063E-02 SpitzerIRS 
 1.33826E+01  3.45054E-10  1.72527E-11  4.51933E-02 SpitzerIRS 
 1.34430E+01  3.53421E-10  1.76711E-11  4.49970E-02 SpitzerIRS 
 1.35035E+01  3.51838E-10  1.75919E-11  4.47884E-02 SpitzerIRS 
 1.35640E+01  3.49973E-10  1.74986E-11  4.45887E-02 SpitzerIRS 
 1.36245E+01  3.48419E-10  1.74210E-11  4.43978E-02 SpitzerIRS 
 1.36850E+01  3.49217E-10  1.74608E-11  4.41945E-02 SpitzerIRS 
 1.37454E+01  3.49669E-10  1.74835E-11  4.40851E-03 SpitzerIRS 
 1.37515E+01  3.49121E-10  1.74560E-11  7.69370E-03 SpitzerIRS 
 1.37621E+01  3.43990E-10  1.71995E-11  7.69549E-03 SpitzerIRS 
 1.37727E+01  3.43726E-10  1.71863E-11  7.69647E-03 SpitzerIRS 
 1.37833E+01  3.43842E-10  1.71921E-11  7.69744E-03 SpitzerIRS 
 1.37939E+01  3.43627E-10  1.71814E-11  7.69152E-03 SpitzerIRS 
 1.38045E+01  3.43313E-10  1.71657E-11  7.70082E-03 SpitzerIRS 
 1.38151E+01  3.40847E-10  1.70423E-11  7.69425E-03 SpitzerIRS 
 1.38258E+01  3.40585E-10  1.70292E-11  7.69585E-03 SpitzerIRS 
 1.38364E+01  3.49633E-10  1.74816E-11  7.69687E-03 SpitzerIRS 
 1.38470E+01  3.50280E-10  1.75140E-11  7.69160E-03 SpitzerIRS 
 1.38577E+01  3.52261E-10  1.76130E-11  7.69197E-03 SpitzerIRS 
 1.38684E+01  3.51990E-10  1.75995E-11  7.70113E-03 SpitzerIRS 
 1.38790E+01  3.45362E-10  1.72681E-11  7.69520E-03 SpitzerIRS 
 1.38897E+01  3.45062E-10  1.72531E-11  7.69612E-03 SpitzerIRS 
 1.39004E+01  3.44796E-10  1.72398E-11  7.69092E-03 SpitzerIRS 
 1.39111E+01  3.47835E-10  1.73918E-11  7.69874E-03 SpitzerIRS 
 1.39218E+01  3.49727E-10  1.74864E-11  7.69275E-03 SpitzerIRS 
 1.39325E+01  3.50080E-10  1.75040E-11  7.69444E-03 SpitzerIRS 
 1.39432E+01  3.53333E-10  1.76667E-11  7.69534E-03 SpitzerIRS 
 1.39540E+01  3.53061E-10  1.76531E-11  7.69688E-03 SpitzerIRS 
 1.39647E+01  3.52790E-10  1.76395E-11  7.69790E-03 SpitzerIRS 
 1.39755E+01  3.52667E-10  1.76333E-11  7.69191E-03 SpitzerIRS 
 1.39862E+01  3.58230E-10  1.79115E-11  7.69351E-03 SpitzerIRS 
 1.39970E+01  3.62791E-10  1.81395E-11  7.69438E-03 SpitzerIRS 
 1.40077E+01  3.62512E-10  1.81256E-11  7.69603E-03 SpitzerIRS 
 1.40185E+01  3.58936E-10  1.79468E-11  7.69682E-03 SpitzerIRS 
 1.40293E+01  3.54642E-10  1.77321E-11  7.69774E-03 SpitzerIRS 
 1.40401E+01  3.46981E-10  1.73491E-11  7.69253E-03 SpitzerIRS 
 1.40509E+01  3.43903E-10  1.71951E-11  7.69338E-03 SpitzerIRS 
 1.40617E+01  3.40824E-10  1.70412E-11  7.69493E-03 SpitzerIRS 
 1.40725E+01  3.40562E-10  1.70281E-11  7.69577E-03 SpitzerIRS 
 1.40834E+01  3.43057E-10  1.71528E-11  7.69667E-03 SpitzerIRS 
 1.40942E+01  3.38564E-10  1.69282E-11  7.69813E-03 SpitzerIRS 
 1.41051E+01  3.37466E-10  1.68733E-11  7.69228E-03 SpitzerIRS 
 1.41159E+01  3.39586E-10  1.69793E-11  7.69373E-03 SpitzerIRS 
 1.41268E+01  3.44827E-10  1.72414E-11  7.69461E-03 SpitzerIRS 
 1.41376E+01  3.43759E-10  1.71879E-11  7.69612E-03 SpitzerIRS 
 1.41485E+01  3.43494E-10  1.71747E-11  7.69692E-03 SpitzerIRS 
 1.41594E+01  3.51250E-10  1.75625E-11  7.69771E-03 SpitzerIRS 
 1.41703E+01  3.50980E-10  1.75490E-11  7.69186E-03 SpitzerIRS 
 1.41812E+01  3.51040E-10  1.75520E-11  7.70068E-03 SpitzerIRS 
 1.41921E+01  3.57299E-10  1.78650E-11  7.69412E-03 SpitzerIRS 
 1.42030E+01  3.57025E-10  1.78512E-11  7.69553E-03 SpitzerIRS 
 1.42140E+01  3.56731E-10  1.78366E-11  7.68968E-03 SpitzerIRS 
 1.42249E+01  3.54004E-10  1.77002E-11  7.69783E-03 SpitzerIRS 
 1.42359E+01  3.47812E-10  1.73906E-11  7.69922E-03 SpitzerIRS 
 1.42468E+01  3.47016E-10  1.73508E-11  7.69273E-03 SpitzerIRS 
 1.42578E+01  3.38730E-10  1.69365E-11  7.69412E-03 SpitzerIRS 
 1.42688E+01  3.37406E-10  1.68703E-11  7.69486E-03 SpitzerIRS 
 1.42797E+01  3.38352E-10  1.69176E-11  7.69636E-03 SpitzerIRS 
 1.42907E+01  3.42772E-10  1.71386E-11  7.69709E-03 SpitzerIRS 
 1.43017E+01  3.42508E-10  1.71254E-11  7.69180E-03 SpitzerIRS 
 1.43127E+01  3.42589E-10  1.71294E-11  7.69924E-03 SpitzerIRS 
 1.43237E+01  3.55586E-10  1.77793E-11  7.69331E-03 SpitzerIRS 
 1.43348E+01  3.59460E-10  1.79730E-11  7.69472E-03 SpitzerIRS 
 1.43458E+01  3.54170E-10  1.77085E-11  7.69543E-03 SpitzerIRS 
 1.43568E+01  3.51254E-10  1.75627E-11  7.69689E-03 SpitzerIRS 
 1.43679E+01  3.51450E-10  1.75725E-11  7.69091E-03 SpitzerIRS 
 1.43789E+01  3.49476E-10  1.74738E-11  7.69890E-03 SpitzerIRS 
 1.43900E+01  3.49713E-10  1.74857E-11  7.69236E-03 SpitzerIRS 
 1.44011E+01  3.49923E-10  1.74962E-11  7.69443E-03 SpitzerIRS 
 1.44122E+01  3.57469E-10  1.78735E-11  7.69441E-03 SpitzerIRS 
 1.44232E+01  3.57195E-10  1.78597E-11  7.69577E-03 SpitzerIRS 
 1.44343E+01  3.44724E-10  1.72362E-11  7.69713E-03 SpitzerIRS 
 1.44454E+01  3.44459E-10  1.72230E-11  7.69786E-03 SpitzerIRS 
 1.44566E+01  3.49741E-10  1.74871E-11  7.69256E-03 SpitzerIRS 
 1.44677E+01  3.50007E-10  1.75004E-11  7.69978E-03 SpitzerIRS 
 1.44788E+01  3.49887E-10  1.74943E-11  7.69392E-03 SpitzerIRS 
 1.44900E+01  3.54298E-10  1.77149E-11  7.69456E-03 SpitzerIRS 
 1.45011E+01  3.64042E-10  1.82021E-11  7.69658E-03 SpitzerIRS 
 1.45123E+01  3.63762E-10  1.81881E-11  7.68997E-03 SpitzerIRS 
 1.45234E+01  3.55046E-10  1.77523E-11  7.69783E-03 SpitzerIRS 
 1.45346E+01  3.54344E-10  1.77172E-11  7.69191E-03 SpitzerIRS 
 1.45458E+01  3.52353E-10  1.76176E-11  7.69982E-03 SpitzerIRS 
 1.45570E+01  3.39727E-10  1.69864E-11  7.69382E-03 SpitzerIRS 
 1.45682E+01  3.39466E-10  1.69733E-11  7.69450E-03 SpitzerIRS 
 1.45794E+01  3.46145E-10  1.73072E-11  7.69578E-03 SpitzerIRS 
 1.45906E+01  3.45879E-10  1.72939E-11  7.69699E-03 SpitzerIRS 
 1.46019E+01  3.46506E-10  1.73253E-11  7.69053E-03 SpitzerIRS 
 1.46131E+01  3.51871E-10  1.75935E-11  7.69892E-03 SpitzerIRS 
 1.46243E+01  3.51600E-10  1.75800E-11  7.69231E-03 SpitzerIRS 
 1.46356E+01  3.54609E-10  1.77305E-11  7.70075E-03 SpitzerIRS 
 1.46469E+01  3.54427E-10  1.77213E-11  7.69421E-03 SpitzerIRS 
 1.46581E+01  3.54154E-10  1.77077E-11  7.69546E-03 SpitzerIRS 
 1.46694E+01  3.54319E-10  1.77160E-11  7.69663E-03 SpitzerIRS 
 1.46807E+01  3.54047E-10  1.77023E-11  7.69010E-03 SpitzerIRS 
 1.46920E+01  3.53775E-10  1.76887E-11  7.69848E-03 SpitzerIRS 
 1.47033E+01  3.46405E-10  1.73202E-11  7.69188E-03 SpitzerIRS 
 1.47146E+01  3.42736E-10  1.71368E-11  7.69963E-03 SpitzerIRS 
 1.47259E+01  3.42094E-10  1.71047E-11  7.69431E-03 SpitzerIRS 
 1.47373E+01  3.40134E-10  1.70067E-11  7.69417E-03 SpitzerIRS 
 1.47486E+01  3.39873E-10  1.69936E-11  7.69612E-03 SpitzerIRS 
 1.47600E+01  3.43952E-10  1.71976E-11  7.69657E-03 SpitzerIRS 
 1.47713E+01  3.46791E-10  1.73395E-11  7.69010E-03 SpitzerIRS 
 1.47827E+01  3.48994E-10  1.74497E-11  7.69833E-03 SpitzerIRS 
 1.47941E+01  3.48726E-10  1.74363E-11  7.69234E-03 SpitzerIRS 
 1.48054E+01  3.48879E-10  1.74439E-11  7.70008E-03 SpitzerIRS 
 1.48168E+01  3.48610E-10  1.74305E-11  7.69408E-03 SpitzerIRS 
 1.48282E+01  3.48342E-10  1.74171E-11  7.69464E-03 SpitzerIRS 
 1.48397E+01  3.47153E-10  1.73577E-11  7.69573E-03 SpitzerIRS 
 1.48511E+01  3.46886E-10  1.73443E-11  7.69628E-03 SpitzerIRS 
 1.48625E+01  3.51541E-10  1.75771E-11  7.69036E-03 SpitzerIRS 
 1.48739E+01  3.61186E-10  1.80593E-11  7.69790E-03 SpitzerIRS 
 1.48854E+01  3.72221E-10  1.86110E-11  7.69903E-03 SpitzerIRS 
 1.48968E+01  3.71934E-10  1.85967E-11  7.69311E-03 SpitzerIRS 
 1.49083E+01  3.65113E-10  1.82556E-11  7.69357E-03 SpitzerIRS 
 1.49198E+01  3.64832E-10  1.82416E-11  7.69409E-03 SpitzerIRS 
 1.49312E+01  3.64552E-10  1.82276E-11  7.69581E-03 SpitzerIRS 
 1.49427E+01  3.60774E-10  1.80387E-11  7.69564E-03 SpitzerIRS 
 1.49542E+01  3.59234E-10  1.79617E-11  7.69675E-03 SpitzerIRS 
 1.49657E+01  3.58958E-10  1.79479E-11  7.69784E-03 SpitzerIRS 
 1.49773E+01  3.58616E-10  1.79308E-11  7.69132E-03 SpitzerIRS 
 1.49888E+01  3.58340E-10  1.79170E-11  7.69295E-03 SpitzerIRS 
 1.50003E+01  3.51637E-10  1.75819E-11  7.69984E-03 SpitzerIRS 
 1.50119E+01  3.50604E-10  1.75302E-11  7.69384E-03 SpitzerIRS 
 1.50234E+01  3.49209E-10  1.74604E-11  7.69432E-03 SpitzerIRS 
 1.50350E+01  3.50065E-10  1.75032E-11  7.69539E-03 SpitzerIRS 
 1.50465E+01  3.52438E-10  1.76219E-11  7.69645E-03 SpitzerIRS 
 1.50581E+01  3.52166E-10  1.76083E-11  7.69684E-03 SpitzerIRS 
 1.50697E+01  3.50262E-10  1.75131E-11  7.69092E-03 SpitzerIRS 
 1.50813E+01  3.49993E-10  1.74997E-11  7.69827E-03 SpitzerIRS 
 1.50929E+01  3.49724E-10  1.74862E-11  7.69235E-03 SpitzerIRS 
 1.51045E+01  3.45404E-10  1.72702E-11  7.69974E-03 SpitzerIRS 
 1.51162E+01  3.45138E-10  1.72569E-11  7.69382E-03 SpitzerIRS 
 1.51278E+01  3.50317E-10  1.75158E-11  7.69412E-03 SpitzerIRS 
 1.51394E+01  3.57907E-10  1.78954E-11  7.69520E-03 SpitzerIRS 
 1.51511E+01  3.60362E-10  1.80181E-11  7.69562E-03 SpitzerIRS 
 1.51627E+01  3.64028E-10  1.82014E-11  7.69656E-03 SpitzerIRS 
 1.51744E+01  3.67351E-10  1.83676E-11  7.69756E-03 SpitzerIRS 
 1.51861E+01  3.60533E-10  1.80266E-11  7.69099E-03 SpitzerIRS 
 1.51978E+01  3.57841E-10  1.78921E-11  7.69830E-03 SpitzerIRS 
 1.52095E+01  3.56062E-10  1.78031E-11  7.69297E-03 SpitzerIRS 
 1.52212E+01  3.53649E-10  1.76825E-11  7.69271E-03 SpitzerIRS 
 1.52329E+01  3.52106E-10  1.76053E-11  7.70058E-03 SpitzerIRS 
 1.52446E+01  3.52303E-10  1.76152E-11  7.69465E-03 SpitzerIRS 
 1.52563E+01  3.52341E-10  1.76170E-11  7.69503E-03 SpitzerIRS 
 1.52681E+01  3.57316E-10  1.78658E-11  7.69593E-03 SpitzerIRS 
 1.52798E+01  3.57042E-10  1.78521E-11  7.69001E-03 SpitzerIRS 
 1.52916E+01  3.62862E-10  1.81431E-11  7.69718E-03 SpitzerIRS 
 1.53034E+01  3.65857E-10  1.82928E-11  7.69753E-03 SpitzerIRS 
 1.53151E+01  3.66848E-10  1.83424E-11  7.69161E-03 SpitzerIRS 
 1.53269E+01  3.68207E-10  1.84103E-11  7.69875E-03 SpitzerIRS 
 1.53387E+01  3.66780E-10  1.83390E-11  7.69282E-03 SpitzerIRS 
 1.53505E+01  3.60612E-10  1.80306E-11  7.69375E-03 SpitzerIRS 
 1.53623E+01  3.59025E-10  1.79513E-11  7.70092E-03 SpitzerIRS 
 1.53742E+01  3.58749E-10  1.79375E-11  7.69434E-03 SpitzerIRS 
 1.53860E+01  3.60529E-10  1.80264E-11  7.69584E-03 SpitzerIRS 
 1.53978E+01  3.60252E-10  1.80126E-11  7.69550E-03 SpitzerIRS 
 1.54097E+01  3.57385E-10  1.78693E-11  7.69017E-03 SpitzerIRS 
 1.54215E+01  3.67740E-10  1.83870E-11  7.69671E-03 SpitzerIRS 
 1.54334E+01  3.69011E-10  1.84506E-11  7.69753E-03 SpitzerIRS 
 1.54453E+01  3.68728E-10  1.84364E-11  7.69226E-03 SpitzerIRS 
 1.54572E+01  3.68681E-10  1.84340E-11  7.69864E-03 SpitzerIRS 
 1.54691E+01  3.68397E-10  1.84199E-11  7.69278E-03 SpitzerIRS 
 1.54810E+01  3.63095E-10  1.81547E-11  7.69294E-03 SpitzerIRS 
 1.54929E+01  3.62815E-10  1.81408E-11  7.70064E-03 SpitzerIRS 
 1.55048E+01  3.66985E-10  1.83493E-11  7.69407E-03 SpitzerIRS 
 1.55167E+01  3.72698E-10  1.86349E-11  7.69493E-03 SpitzerIRS 
 1.55287E+01  3.74348E-10  1.87174E-11  7.69577E-03 SpitzerIRS 
 1.55406E+01  3.78983E-10  1.89492E-11  7.69597E-03 SpitzerIRS 
 1.55526E+01  3.82235E-10  1.91117E-11  7.69622E-03 SpitzerIRS 
 1.55645E+01  3.82476E-10  1.91238E-11  7.69088E-03 SpitzerIRS 
 1.55765E+01  3.81647E-10  1.90824E-11  7.69723E-03 SpitzerIRS 
 1.55885E+01  3.79146E-10  1.89573E-11  7.69131E-03 SpitzerIRS 
 1.56005E+01  3.78855E-10  1.89427E-11  7.69886E-03 SpitzerIRS 
 1.56125E+01  3.78778E-10  1.89389E-11  7.69230E-03 SpitzerIRS 
 1.56245E+01  3.78487E-10  1.89244E-11  7.69983E-03 SpitzerIRS 
 1.56365E+01  3.75270E-10  1.87635E-11  7.69333E-03 SpitzerIRS 
 1.56486E+01  3.70957E-10  1.85478E-11  7.69406E-03 SpitzerIRS 
 1.56606E+01  3.70671E-10  1.85336E-11  7.69427E-03 SpitzerIRS 
 1.56727E+01  3.72779E-10  1.86390E-11  7.69499E-03 SpitzerIRS 
 1.56847E+01  3.72900E-10  1.86450E-11  7.69520E-03 SpitzerIRS 
 1.56968E+01  3.72680E-10  1.86340E-11  7.69597E-03 SpitzerIRS 
 1.57089E+01  3.74378E-10  1.87189E-11  7.69616E-03 SpitzerIRS 
 1.57210E+01  3.82233E-10  1.91117E-11  7.69686E-03 SpitzerIRS 
 1.57331E+01  3.86562E-10  1.93281E-11  7.69698E-03 SpitzerIRS 
 1.57452E+01  3.90636E-10  1.95318E-11  7.69169E-03 SpitzerIRS 
 1.57573E+01  3.90336E-10  1.95168E-11  7.69790E-03 SpitzerIRS 
 1.57694E+01  3.88800E-10  1.94400E-11  7.69198E-03 SpitzerIRS 
 1.57815E+01  3.88501E-10  1.94251E-11  7.69874E-03 SpitzerIRS 
 1.57937E+01  3.88202E-10  1.94101E-11  7.69282E-03 SpitzerIRS 
 1.58058E+01  3.82788E-10  1.91394E-11  7.69355E-03 SpitzerIRS 
 1.58180E+01  3.82494E-10  1.91247E-11  7.70034E-03 SpitzerIRS 
 1.58302E+01  3.83007E-10  1.91503E-11  7.69372E-03 SpitzerIRS 
 1.58424E+01  3.82712E-10  1.91356E-11  7.69513E-03 SpitzerIRS 
 1.58546E+01  3.82408E-10  1.91204E-11  7.69457E-03 SpitzerIRS 
 1.58667E+01  3.82114E-10  1.91057E-11  7.69527E-03 SpitzerIRS 
 1.58790E+01  3.86123E-10  1.93062E-11  7.69591E-03 SpitzerIRS 
 1.58912E+01  3.85826E-10  1.92913E-11  7.69609E-03 SpitzerIRS 
 1.59034E+01  3.85635E-10  1.92818E-11  7.69671E-03 SpitzerIRS 
 1.59157E+01  3.86653E-10  1.93327E-11  7.69017E-03 SpitzerIRS 
 1.59279E+01  3.89046E-10  1.94523E-11  7.69750E-03 SpitzerIRS 
 1.59402E+01  3.91000E-10  1.95500E-11  7.69748E-03 SpitzerIRS 
 1.59524E+01  4.00911E-10  2.00456E-11  7.69162E-03 SpitzerIRS 
 1.59647E+01  4.07662E-10  2.03831E-11  7.69824E-03 SpitzerIRS 
 1.59770E+01  4.11272E-10  2.05636E-11  7.69232E-03 SpitzerIRS 
 1.59893E+01  4.16680E-10  2.08340E-11  7.69835E-03 SpitzerIRS 
 1.60016E+01  4.17957E-10  2.08979E-11  7.69299E-03 SpitzerIRS 
 1.60139E+01  4.17636E-10  2.08818E-11  7.69426E-03 SpitzerIRS 
 1.60262E+01  4.12599E-10  2.06300E-11  7.69901E-03 SpitzerIRS 
 1.60385E+01  4.10215E-10  2.05107E-11  7.69434E-03 SpitzerIRS 
 1.60509E+01  4.09753E-10  2.04877E-11  7.69434E-03 SpitzerIRS 
 1.60632E+01  4.01350E-10  2.00675E-11  7.69434E-03 SpitzerIRS 
 1.60756E+01  3.98770E-10  1.99385E-11  7.69551E-03 SpitzerIRS 
 1.60880E+01  3.98463E-10  1.99232E-11  7.69438E-03 SpitzerIRS 
 1.61003E+01  4.20144E-10  2.10072E-11  7.69561E-03 SpitzerIRS 
 1.61127E+01  4.25772E-10  2.12886E-11  7.69553E-03 SpitzerIRS 
 1.61251E+01  4.25445E-10  2.12723E-11  7.69680E-03 SpitzerIRS 
 1.61376E+01  3.95357E-10  1.97678E-11  7.69553E-03 SpitzerIRS 
 1.61500E+01  3.94169E-10  1.97085E-11  7.69673E-03 SpitzerIRS 
 1.61624E+01  3.94749E-10  1.97375E-11  7.69081E-03 SpitzerIRS 
 1.61748E+01  4.00583E-10  2.00291E-11  7.69789E-03 SpitzerIRS 
 1.61873E+01  4.03486E-10  2.01743E-11  7.69666E-03 SpitzerIRS 
 1.61997E+01  4.03690E-10  2.01845E-11  7.69191E-03 SpitzerIRS 
 1.62122E+01  4.07028E-10  2.03514E-11  7.69772E-03 SpitzerIRS 
 1.62247E+01  4.10255E-10  2.05128E-11  7.69186E-03 SpitzerIRS 
 1.62372E+01  4.09940E-10  2.04970E-11  7.69888E-03 SpitzerIRS 
 1.62497E+01  4.01930E-10  2.00965E-11  7.69173E-03 SpitzerIRS 
 1.62622E+01  4.01621E-10  2.00810E-11  7.69879E-03 SpitzerIRS 
 1.62747E+01  4.03251E-10  2.01626E-11  7.69398E-03 SpitzerIRS 
 1.62872E+01  4.02941E-10  2.01471E-11  7.69279E-03 SpitzerIRS 
 1.62997E+01  4.01429E-10  2.00714E-11  7.69976E-03 SpitzerIRS 
 1.63123E+01  4.01120E-10  2.00560E-11  7.69261E-03 SpitzerIRS 
 1.63248E+01  4.00812E-10  2.00406E-11  7.69490E-03 SpitzerIRS 
 1.63374E+01  4.00676E-10  2.00338E-11  7.69364E-03 SpitzerIRS 
 1.63500E+01  4.00480E-10  2.00240E-11  7.70057E-03 SpitzerIRS 
 1.63626E+01  4.00172E-10  2.00086E-11  7.69348E-03 SpitzerIRS 
 1.63751E+01  3.98961E-10  1.99481E-11  7.69459E-03 SpitzerIRS 
 1.63877E+01  3.97094E-10  1.98547E-11  7.69563E-03 SpitzerIRS 
 1.64004E+01  3.98304E-10  1.99152E-11  7.69435E-03 SpitzerIRS 
 1.64130E+01  3.98277E-10  1.99139E-11  7.69544E-03 SpitzerIRS 
 1.64256E+01  3.95993E-10  1.97996E-11  7.69530E-03 SpitzerIRS 
 1.64382E+01  3.98998E-10  1.99499E-11  7.69517E-03 SpitzerIRS 
 1.64509E+01  4.01055E-10  2.00528E-11  7.69624E-03 SpitzerIRS 
 1.64636E+01  4.00523E-10  2.00261E-11  7.69494E-03 SpitzerIRS 
 1.64762E+01  4.02415E-10  2.01207E-11  7.69594E-03 SpitzerIRS 
 1.64889E+01  4.03661E-10  2.01831E-11  7.69700E-03 SpitzerIRS 
 1.65016E+01  4.02909E-10  2.01455E-11  7.68993E-03 SpitzerIRS 
 1.65143E+01  3.98408E-10  1.99204E-11  7.69673E-03 SpitzerIRS 
 1.65270E+01  3.94438E-10  1.97219E-11  7.69541E-03 SpitzerIRS 
 1.65397E+01  3.94132E-10  1.97066E-11  7.69754E-03 SpitzerIRS 
 1.65524E+01  3.92739E-10  1.96370E-11  7.69627E-03 SpitzerIRS 
 1.65652E+01  3.92546E-10  1.96273E-11  7.69150E-03 SpitzerIRS 
 1.65779E+01  3.92021E-10  1.96011E-11  7.69596E-03 SpitzerIRS 
 1.65907E+01  3.91165E-10  1.95583E-11  7.69806E-03 SpitzerIRS 
 1.66035E+01  4.02222E-10  2.01111E-11  7.69099E-03 SpitzerIRS 
 1.66162E+01  4.01913E-10  2.00956E-11  7.69652E-03 SpitzerIRS 
 1.66290E+01  4.00808E-10  2.00404E-11  7.69757E-03 SpitzerIRS 
 1.66418E+01  4.00500E-10  2.00250E-11  7.69159E-03 SpitzerIRS 
 1.66546E+01  4.00192E-10  2.00096E-11  7.69829E-03 SpitzerIRS 
 1.66674E+01  3.98631E-10  1.99315E-11  7.69693E-03 SpitzerIRS 
 1.66803E+01  3.91800E-10  1.95900E-11  7.69215E-03 SpitzerIRS 
 1.66931E+01  3.91499E-10  1.95749E-11  7.69768E-03 SpitzerIRS 
 1.67059E+01  3.91987E-10  1.95994E-11  7.69181E-03 SpitzerIRS 
 1.67188E+01  3.91686E-10  1.95843E-11  7.69834E-03 SpitzerIRS 
 1.67317E+01  3.84424E-10  1.92212E-11  7.69135E-03 SpitzerIRS 
 1.67445E+01  3.84128E-10  1.92064E-11  7.69798E-03 SpitzerIRS 
 1.67574E+01  3.85044E-10  1.92522E-11  7.69200E-03 SpitzerIRS 
 1.67703E+01  3.85687E-10  1.92843E-11  7.69867E-03 SpitzerIRS 
 1.67832E+01  3.87524E-10  1.93762E-11  7.69155E-03 SpitzerIRS 
 1.67961E+01  3.90361E-10  1.95180E-11  7.69814E-03 SpitzerIRS 
 1.68091E+01  3.91639E-10  1.95819E-11  7.69228E-03 SpitzerIRS 
 1.68220E+01  3.95813E-10  1.97906E-11  7.69879E-03 SpitzerIRS 
 1.68349E+01  3.99074E-10  1.99537E-11  7.69287E-03 SpitzerIRS 
 1.68479E+01  3.98767E-10  1.99383E-11  7.69823E-03 SpitzerIRS 
 1.68609E+01  3.98099E-10  1.99050E-11  7.69237E-03 SpitzerIRS 
 1.68738E+01  3.97793E-10  1.98897E-11  7.69772E-03 SpitzerIRS 
 1.68868E+01  3.97487E-10  1.98744E-11  7.69298E-03 SpitzerIRS 
 1.68998E+01  3.93346E-10  1.96673E-11  7.69831E-03 SpitzerIRS 
 1.69128E+01  3.93044E-10  1.96522E-11  7.69239E-03 SpitzerIRS 
 1.69258E+01  3.92977E-10  1.96489E-11  7.69776E-03 SpitzerIRS 
 1.69389E+01  3.92675E-10  1.96337E-11  7.69296E-03 SpitzerIRS 
 1.69519E+01  3.90776E-10  1.95388E-11  7.69719E-03 SpitzerIRS 
 1.69649E+01  3.90476E-10  1.95238E-11  7.69239E-03 SpitzerIRS 
 1.69780E+01  3.91157E-10  1.95579E-11  7.69885E-03 SpitzerIRS 
 1.69911E+01  3.90856E-10  1.95428E-11  7.69175E-03 SpitzerIRS 
 1.70041E+01  3.88825E-10  1.94412E-11  7.69819E-03 SpitzerIRS 
 1.70172E+01  3.88525E-10  1.94263E-11  7.69233E-03 SpitzerIRS 
 1.70303E+01  3.90008E-10  1.95004E-11  7.69869E-03 SpitzerIRS 
 1.70434E+01  3.93911E-10  1.96955E-11  7.69165E-03 SpitzerIRS 
 1.70565E+01  3.95125E-10  1.97562E-11  7.69805E-03 SpitzerIRS 
 1.70697E+01  3.96343E-10  1.98172E-11  7.69769E-03 SpitzerIRS 
 1.70828E+01  4.01079E-10  2.00539E-11  7.69177E-03 SpitzerIRS 
 1.70959E+01  4.03015E-10  2.01507E-11  7.69814E-03 SpitzerIRS 
 1.71091E+01  4.02705E-10  2.01352E-11  7.69111E-03 SpitzerIRS 
 1.71223E+01  3.99802E-10  1.99901E-11  7.69858E-03 SpitzerIRS 
 1.71354E+01  3.98296E-10  1.99148E-11  7.69709E-03 SpitzerIRS 
 1.71486E+01  3.96016E-10  1.98008E-11  7.69123E-03 SpitzerIRS 
 1.71618E+01  3.95712E-10  1.97856E-11  7.69749E-03 SpitzerIRS 
 1.71750E+01  3.98705E-10  1.99352E-11  7.69157E-03 SpitzerIRS 
 1.71882E+01  3.98399E-10  1.99199E-11  7.69672E-03 SpitzerIRS 
 1.72015E+01  3.98092E-10  1.99046E-11  7.69748E-03 SpitzerIRS 
 1.72147E+01  4.07575E-10  2.03787E-11  7.69714E-03 SpitzerIRS 
 1.72280E+01  4.07261E-10  2.03631E-11  7.69116E-03 SpitzerIRS 
 1.72412E+01  4.00983E-10  2.00491E-11  7.69639E-03 SpitzerIRS 
 1.72545E+01  4.00674E-10  2.00337E-11  7.69591E-03 SpitzerIRS 
 1.72678E+01  3.99809E-10  1.99904E-11  7.69666E-03 SpitzerIRS 
 1.72810E+01  3.99501E-10  1.99751E-11  7.69074E-03 SpitzerIRS 
 1.72943E+01  3.99194E-10  1.99597E-11  7.69587E-03 SpitzerIRS 
 1.73076E+01  4.00077E-10  2.00039E-11  7.69654E-03 SpitzerIRS 
 1.73210E+01  4.02807E-10  2.01404E-11  7.69507E-03 SpitzerIRS 
 1.73343E+01  4.05977E-10  2.02989E-11  7.69573E-03 SpitzerIRS 
 1.73476E+01  4.16167E-10  2.08083E-11  7.69638E-03 SpitzerIRS 
 1.73610E+01  4.15847E-10  2.07923E-11  7.69490E-03 SpitzerIRS 
 1.73743E+01  4.15632E-10  2.07816E-11  7.69554E-03 SpitzerIRS 
 1.73877E+01  4.15313E-10  2.07656E-11  7.69514E-03 SpitzerIRS 
 1.74011E+01  4.14993E-10  2.07497E-11  7.69463E-03 SpitzerIRS 
 1.74145E+01  4.08981E-10  2.04491E-11  7.69537E-03 SpitzerIRS 
 1.74279E+01  4.05240E-10  2.02620E-11  7.69376E-03 SpitzerIRS 
 1.74413E+01  4.02711E-10  2.01356E-11  7.69444E-03 SpitzerIRS 
 1.74547E+01  3.99022E-10  1.99511E-11  7.70055E-03 SpitzerIRS 
 1.74682E+01  3.98714E-10  1.99357E-11  7.69354E-03 SpitzerIRS 
 1.74816E+01  4.07161E-10  2.03580E-11  7.69415E-03 SpitzerIRS 
 1.74951E+01  4.24268E-10  2.12134E-11  7.69372E-03 SpitzerIRS 
 1.75085E+01  4.23942E-10  2.11971E-11  7.69866E-03 SpitzerIRS 
 1.75220E+01  4.15073E-10  2.07537E-11  7.69279E-03 SpitzerIRS 
 1.75355E+01  4.10690E-10  2.05345E-11  7.69332E-03 SpitzerIRS 
 1.75490E+01  4.06922E-10  2.03461E-11  7.69835E-03 SpitzerIRS 
 1.75625E+01  4.06609E-10  2.03304E-11  7.69237E-03 SpitzerIRS 
 1.75760E+01  4.07571E-10  2.03785E-11  7.69846E-03 SpitzerIRS 
 1.75895E+01  4.09486E-10  2.04743E-11  7.69248E-03 SpitzerIRS 
 1.76030E+01  4.12881E-10  2.06440E-11  7.69742E-03 SpitzerIRS 
 1.76166E+01  4.13324E-10  2.06662E-11  7.69689E-03 SpitzerIRS 
 1.76301E+01  4.13833E-10  2.06916E-11  7.69103E-03 SpitzerIRS 
 1.76437E+01  4.15737E-10  2.07868E-11  7.69696E-03 SpitzerIRS 
 1.76573E+01  4.17315E-10  2.08658E-11  7.69648E-03 SpitzerIRS 
 1.76709E+01  4.16994E-10  2.08497E-11  7.69701E-03 SpitzerIRS 
 1.76845E+01  4.16662E-10  2.08331E-11  7.69539E-03 SpitzerIRS 
 1.76981E+01  4.16341E-10  2.08171E-11  7.69055E-03 SpitzerIRS 
 1.77117E+01  4.22801E-10  2.11400E-11  7.69548E-03 SpitzerIRS 
 1.77253E+01  4.24639E-10  2.12319E-11  7.69486E-03 SpitzerIRS 
 1.77390E+01  4.24456E-10  2.12228E-11  7.70079E-03 SpitzerIRS 
 1.77526E+01  4.25527E-10  2.12764E-11  7.69492E-03 SpitzerIRS 
 1.77663E+01  4.27794E-10  2.13897E-11  7.69429E-03 SpitzerIRS 
 1.77800E+01  4.27465E-10  2.13732E-11  7.69377E-03 SpitzerIRS 
 1.77936E+01  4.27054E-10  2.13527E-11  7.69325E-03 SpitzerIRS 
 1.78073E+01  4.24880E-10  2.12440E-11  7.69908E-03 SpitzerIRS 
 1.78210E+01  4.22666E-10  2.11333E-11  7.69315E-03 SpitzerIRS 
 1.78347E+01  4.22442E-10  2.11221E-11  7.69369E-03 SpitzerIRS 
 1.78485E+01  4.22117E-10  2.11059E-11  7.69735E-03 SpitzerIRS 
 1.78622E+01  4.24631E-10  2.12315E-11  7.69255E-03 SpitzerIRS 
 1.78759E+01  4.25032E-10  2.12516E-11  7.69727E-03 SpitzerIRS 
 1.78897E+01  4.28202E-10  2.14101E-11  7.69772E-03 SpitzerIRS 
 1.79035E+01  4.33620E-10  2.16810E-11  7.69080E-03 SpitzerIRS 
 1.79172E+01  4.34363E-10  2.17181E-11  7.69655E-03 SpitzerIRS 
 1.79310E+01  4.37242E-10  2.18621E-11  7.69598E-03 SpitzerIRS 
 1.79448E+01  4.37312E-10  2.18656E-11  7.69642E-03 SpitzerIRS 
 1.79587E+01  4.36975E-10  2.18488E-11  7.69473E-03 SpitzerIRS 
 1.79725E+01  4.36923E-10  2.18461E-11  7.69521E-03 SpitzerIRS 
 1.79863E+01  4.36587E-10  2.18293E-11  7.69458E-03 SpitzerIRS 
 1.80001E+01  4.34064E-10  2.17032E-11  7.69505E-03 SpitzerIRS 
 1.80140E+01  4.33731E-10  2.16865E-11  7.69335E-03 SpitzerIRS 
 1.80278E+01  4.32696E-10  2.16348E-11  7.70014E-03 SpitzerIRS 
 1.80417E+01  4.32650E-10  2.16325E-11  7.69316E-03 SpitzerIRS 
 1.80556E+01  4.32317E-10  2.16159E-11  7.69777E-03 SpitzerIRS 
 1.80695E+01  4.33027E-10  2.16513E-11  7.69296E-03 SpitzerIRS 
 1.80834E+01  4.35421E-10  2.17711E-11  7.69755E-03 SpitzerIRS 
 1.80973E+01  4.35134E-10  2.17567E-11  7.69163E-03 SpitzerIRS 
 1.81112E+01  4.38986E-10  2.19493E-11  7.69732E-03 SpitzerIRS 
 1.81252E+01  4.41187E-10  2.20594E-11  7.69564E-03 SpitzerIRS 
 1.81391E+01  4.41970E-10  2.20985E-11  7.69601E-03 SpitzerIRS 
 1.81531E+01  4.43361E-10  2.21681E-11  7.69114E-03 SpitzerIRS 
 1.81671E+01  4.48418E-10  2.24209E-11  7.69464E-03 SpitzerIRS 
 1.81810E+01  4.48073E-10  2.24037E-11  7.70027E-03 SpitzerIRS 
 1.81950E+01  4.47360E-10  2.23680E-11  7.69440E-03 SpitzerIRS 
 1.82090E+01  4.47016E-10  2.23508E-11  7.69371E-03 SpitzerIRS 
 1.82230E+01  4.46672E-10  2.23336E-11  7.69405E-03 SpitzerIRS 
 1.82371E+01  4.47052E-10  2.23526E-11  7.69861E-03 SpitzerIRS 
 1.82511E+01  4.45770E-10  2.22885E-11  7.69268E-03 SpitzerIRS 
 1.82652E+01  4.43584E-10  2.21792E-11  7.69717E-03 SpitzerIRS 
 1.82792E+01  4.43243E-10  2.21621E-11  7.69235E-03 SpitzerIRS 
 1.82933E+01  4.45243E-10  2.22621E-11  7.69687E-03 SpitzerIRS 
 1.83074E+01  4.48668E-10  2.24334E-11  7.69609E-03 SpitzerIRS 
 1.83214E+01  4.48323E-10  2.24162E-11  7.69650E-03 SpitzerIRS 
 1.83355E+01  4.48000E-10  2.24000E-11  7.69467E-03 SpitzerIRS 
 1.83496E+01  4.49263E-10  2.24631E-11  7.69502E-03 SpitzerIRS 
 1.83638E+01  4.50919E-10  2.25459E-11  7.69434E-03 SpitzerIRS 
 1.83779E+01  4.50572E-10  2.25286E-11  7.69462E-03 SpitzerIRS 
 1.83920E+01  4.47515E-10  2.23757E-11  7.69387E-03 SpitzerIRS 
 1.84062E+01  4.47171E-10  2.23585E-11  7.69833E-03 SpitzerIRS 
 1.84204E+01  4.47522E-10  2.23761E-11  7.69241E-03 SpitzerIRS 
 1.84345E+01  4.49471E-10  2.24735E-11  7.69784E-03 SpitzerIRS 
 1.84487E+01  4.49125E-10  2.24563E-11  7.69609E-03 SpitzerIRS 
 1.84629E+01  4.52039E-10  2.26019E-11  7.69120E-03 SpitzerIRS 
 1.84771E+01  4.55678E-10  2.27839E-11  7.69665E-03 SpitzerIRS 
 1.84913E+01  4.56720E-10  2.28360E-11  7.69490E-03 SpitzerIRS 
 1.85056E+01  4.58718E-10  2.29359E-11  7.69509E-03 SpitzerIRS 
 1.85198E+01  4.65433E-10  2.32716E-11  7.69436E-03 SpitzerIRS 
 1.85341E+01  4.65298E-10  2.32649E-11  7.69977E-03 SpitzerIRS 
 1.85483E+01  4.64940E-10  2.32470E-11  7.69282E-03 SpitzerIRS 
 1.85626E+01  4.64583E-10  2.32291E-11  7.69305E-03 SpitzerIRS 
 1.85769E+01  4.64292E-10  2.32146E-11  7.69844E-03 SpitzerIRS 
 1.85912E+01  4.64799E-10  2.32399E-11  7.69661E-03 SpitzerIRS 
 1.86055E+01  4.63578E-10  2.31789E-11  7.69176E-03 SpitzerIRS 
 1.86198E+01  4.63403E-10  2.31702E-11  7.69605E-03 SpitzerIRS 
 1.86341E+01  4.60915E-10  2.30458E-11  7.69523E-03 SpitzerIRS 
 1.86485E+01  4.62691E-10  2.31345E-11  7.69548E-03 SpitzerIRS 
 1.86628E+01  4.60287E-10  2.30143E-11  7.69364E-03 SpitzerIRS 
 1.86772E+01  4.62875E-10  2.31438E-11  7.69998E-03 SpitzerIRS 
 1.86916E+01  4.62519E-10  2.31260E-11  7.69304E-03 SpitzerIRS 
 1.87059E+01  4.66633E-10  2.33317E-11  7.69226E-03 SpitzerIRS 
 1.87203E+01  4.66851E-10  2.33426E-11  7.69751E-03 SpitzerIRS 
 1.87347E+01  4.66492E-10  2.33246E-11  7.69773E-03 SpitzerIRS 
 1.87492E+01  4.66133E-10  2.33067E-11  7.69586E-03 SpitzerIRS 
 1.87636E+01  4.71175E-10  2.35588E-11  7.69096E-03 SpitzerIRS 
 1.87780E+01  4.70813E-10  2.35407E-11  7.69517E-03 SpitzerIRS 
 1.87925E+01  4.68243E-10  2.34122E-11  7.69947E-03 SpitzerIRS 
 1.88069E+01  4.67883E-10  2.33942E-11  7.69349E-03 SpitzerIRS 
 1.88214E+01  4.69076E-10  2.34538E-11  7.69369E-03 SpitzerIRS 
 1.88359E+01  4.68814E-10  2.34407E-11  7.69791E-03 SpitzerIRS 
 1.88504E+01  4.68511E-10  2.34256E-11  7.69194E-03 SpitzerIRS 
 1.88649E+01  4.68615E-10  2.34308E-11  7.69721E-03 SpitzerIRS 
 1.88794E+01  4.68255E-10  2.34127E-11  7.69632E-03 SpitzerIRS 
 1.88939E+01  4.68978E-10  2.34489E-11  7.69543E-03 SpitzerIRS 
 1.89085E+01  4.69410E-10  2.34705E-11  7.69559E-03 SpitzerIRS 
 1.89230E+01  4.70854E-10  2.35427E-11  7.69364E-03 SpitzerIRS 
 1.89376E+01  4.70747E-10  2.35373E-11  7.69385E-03 SpitzerIRS 
 1.89522E+01  4.71865E-10  2.35933E-11  7.69796E-03 SpitzerIRS 
 1.89667E+01  4.72222E-10  2.36111E-11  7.69304E-03 SpitzerIRS 
 1.89813E+01  4.73910E-10  2.36955E-11  7.69719E-03 SpitzerIRS 
 1.89960E+01  4.73707E-10  2.36853E-11  7.69627E-03 SpitzerIRS 
 1.90106E+01  4.74350E-10  2.37175E-11  7.69540E-03 SpitzerIRS 
 1.90252E+01  4.72978E-10  2.36489E-11  7.69548E-03 SpitzerIRS 
 1.90398E+01  4.73621E-10  2.36810E-11  7.69355E-03 SpitzerIRS 
 1.90545E+01  4.72163E-10  2.36082E-11  7.69467E-03 SpitzerIRS 
 1.90692E+01  4.71777E-10  2.35888E-11  7.69274E-03 SpitzerIRS 
 1.90838E+01  4.70883E-10  2.35442E-11  7.69783E-03 SpitzerIRS 
 1.90985E+01  4.71051E-10  2.35526E-11  7.69694E-03 SpitzerIRS 
 1.91132E+01  4.69883E-10  2.34942E-11  7.69599E-03 SpitzerIRS 
 1.91279E+01  4.69714E-10  2.34857E-11  7.69002E-03 SpitzerIRS 
 1.91426E+01  4.69161E-10  2.34580E-11  7.70009E-03 SpitzerIRS 
 1.91574E+01  4.68992E-10  2.34496E-11  7.69417E-03 SpitzerIRS 
 1.91721E+01  4.69303E-10  2.34651E-11  7.69321E-03 SpitzerIRS 
 1.91869E+01  4.73862E-10  2.36931E-11  7.69824E-03 SpitzerIRS 
 1.92016E+01  4.74308E-10  2.37154E-11  7.69232E-03 SpitzerIRS 
 1.92164E+01  4.74808E-10  2.37404E-11  7.69634E-03 SpitzerIRS 
 1.92312E+01  4.75311E-10  2.37655E-11  7.69640E-03 SpitzerIRS 
 1.92460E+01  4.81569E-10  2.40784E-11  7.69438E-03 SpitzerIRS 
 1.92608E+01  4.81229E-10  2.40615E-11  7.69444E-03 SpitzerIRS 
 1.92756E+01  4.80859E-10  2.40430E-11  7.69345E-03 SpitzerIRS 
 1.92904E+01  4.80490E-10  2.40245E-11  7.69847E-03 SpitzerIRS 
 1.93053E+01  4.80999E-10  2.40500E-11  7.69250E-03 SpitzerIRS 
 1.93202E+01  4.81373E-10  2.40686E-11  7.69647E-03 SpitzerIRS 
 1.93350E+01  4.81002E-10  2.40501E-11  7.69547E-03 SpitzerIRS 
 1.93499E+01  4.85310E-10  2.42655E-11  7.69549E-03 SpitzerIRS 
 1.93648E+01  4.84958E-10  2.42479E-11  7.69448E-03 SpitzerIRS 
 1.93797E+01  4.84586E-10  2.42293E-11  7.69842E-03 SpitzerIRS 
 1.93946E+01  4.84213E-10  2.42106E-11  7.69343E-03 SpitzerIRS 
 1.94095E+01  4.85798E-10  2.42899E-11  7.69740E-03 SpitzerIRS 
 1.94245E+01  4.90128E-10  2.45064E-11  7.69051E-03 SpitzerIRS 
 1.94394E+01  4.89751E-10  2.44876E-11  7.69632E-03 SpitzerIRS 
 1.94544E+01  4.85727E-10  2.42864E-11  7.69436E-03 SpitzerIRS 
 1.94693E+01  4.83132E-10  2.41566E-11  7.69918E-03 SpitzerIRS 
 1.94843E+01  4.81868E-10  2.40934E-11  8.08876E-03 SpitzerIRS 
 1.95001E+01  4.52903E-10  2.26451E-11  8.33853E-03 SpitzerIRS 
 1.95163E+01  4.54825E-10  2.27413E-11  8.33645E-03 SpitzerIRS 
 1.95326E+01  4.65064E-10  2.32532E-11  8.33534E-03 SpitzerIRS 
 1.95489E+01  4.75912E-10  2.37956E-11  8.33817E-03 SpitzerIRS 
 1.95652E+01  5.05054E-10  2.52527E-11  8.33608E-03 SpitzerIRS 
 1.95815E+01  5.04634E-10  2.52317E-11  8.33404E-03 SpitzerIRS 
 1.95978E+01  5.04213E-10  2.52107E-11  8.33781E-03 SpitzerIRS 
 1.96142E+01  4.78209E-10  2.39104E-11  8.34055E-03 SpitzerIRS 
 1.96305E+01  4.77810E-10  2.38905E-11  8.33457E-03 SpitzerIRS 
 1.96469E+01  4.77412E-10  2.38706E-11  8.33740E-03 SpitzerIRS 
 1.96633E+01  4.99523E-10  2.49761E-11  8.33524E-03 SpitzerIRS 
 1.96797E+01  5.03610E-10  2.51805E-11  8.33800E-03 SpitzerIRS 
 1.96961E+01  5.03190E-10  2.51595E-11  8.33689E-03 SpitzerIRS 
 1.97125E+01  5.02771E-10  2.51386E-11  8.33477E-03 SpitzerIRS 
 1.97289E+01  4.81457E-10  2.40728E-11  8.33847E-03 SpitzerIRS 
 1.97454E+01  4.74565E-10  2.37283E-11  8.33537E-03 SpitzerIRS 
 1.97618E+01  4.74170E-10  2.37085E-11  8.34002E-03 SpitzerIRS 
 1.97783E+01  4.73775E-10  2.36887E-11  8.33691E-03 SpitzerIRS 
 1.97948E+01  4.75313E-10  2.37656E-11  8.33578E-03 SpitzerIRS 
 1.98113E+01  4.74917E-10  2.37458E-11  8.33842E-03 SpitzerIRS 
 1.98278E+01  4.86330E-10  2.43165E-11  8.33728E-03 SpitzerIRS 
 1.98444E+01  4.85924E-10  2.42962E-11  8.33416E-03 SpitzerIRS 
 1.98609E+01  4.65687E-10  2.32843E-11  8.33875E-03 SpitzerIRS 
 1.98775E+01  4.78009E-10  2.39004E-11  8.33568E-03 SpitzerIRS 
 1.98940E+01  4.77610E-10  2.38805E-11  8.33446E-03 SpitzerIRS 
 1.99106E+01  4.90347E-10  2.45173E-11  8.33707E-03 SpitzerIRS 
 1.99272E+01  4.72395E-10  2.36198E-11  8.34071E-03 SpitzerIRS 
 1.99438E+01  4.72002E-10  2.41584E-11  8.33276E-03 SpitzerIRS 
 1.99604E+01  4.71609E-10  2.82827E-11  8.33634E-03 SpitzerIRS 
 1.99771E+01  4.51591E-10  3.04639E-11  8.33991E-03 SpitzerIRS 
 1.99937E+01  4.23658E-10  3.08542E-11  1.49582E-03 SpitzerIRS 
 1.99967E+01  5.31003E-10  3.17261E-11  8.46934E-02 SpitzerIRS 
 2.01661E+01  5.35103E-10  3.08311E-11  8.39775E-02 SpitzerIRS 
 2.03354E+01  5.19118E-10  3.04857E-11  8.32837E-02 SpitzerIRS 
 2.05048E+01  4.78513E-10  2.39257E-11  8.25903E-02 SpitzerIRS 
 2.06742E+01  4.57184E-10  2.28592E-11  8.19137E-02 SpitzerIRS 
 2.08435E+01  4.44156E-10  2.22078E-11  8.12528E-02 SpitzerIRS 
 2.10129E+01  4.40576E-10  2.20288E-11  8.05943E-02 SpitzerIRS 
 2.11822E+01  4.45658E-10  2.22829E-11  7.99490E-02 SpitzerIRS 
 2.13516E+01  4.33588E-10  2.16794E-11  7.93194E-02 SpitzerIRS 
 2.15209E+01  4.38644E-10  2.19322E-11  7.86907E-02 SpitzerIRS 
 2.16903E+01  4.37674E-10  2.18837E-11  7.80816E-02 SpitzerIRS 
 2.18596E+01  4.34283E-10  2.17141E-11  7.74714E-02 SpitzerIRS 
 2.20290E+01  4.41665E-10  2.20833E-11  7.68758E-02 SpitzerIRS 
 2.21983E+01  4.39098E-10  2.19549E-11  7.62937E-02 SpitzerIRS 
 2.23677E+01  4.39184E-10  2.19592E-11  7.57126E-02 SpitzerIRS 
 2.25370E+01  4.39343E-10  2.19671E-11  7.51428E-02 SpitzerIRS 
 2.27064E+01  4.38214E-10  2.19107E-11  7.45866E-02 SpitzerIRS 
 2.28757E+01  4.38935E-10  2.19468E-11  7.40302E-02 SpitzerIRS 
 2.30451E+01  4.36961E-10  2.18481E-11  7.34912E-02 SpitzerIRS 
 2.32145E+01  4.36501E-10  2.18250E-11  7.29500E-02 SpitzerIRS 
 2.33838E+01  4.35905E-10  2.17953E-11  7.24218E-02 SpitzerIRS 
 2.35532E+01  4.39586E-10  2.19793E-11  7.19059E-02 SpitzerIRS 
 2.37225E+01  4.36447E-10  2.18224E-11  7.13877E-02 SpitzerIRS 
 2.38919E+01  4.33354E-10  2.16677E-11  7.08817E-02 SpitzerIRS 
 2.40612E+01  4.24713E-10  2.12357E-11  7.03868E-02 SpitzerIRS 
 2.42306E+01  4.07204E-10  2.03602E-11  6.98909E-02 SpitzerIRS 
 2.43999E+01  3.99416E-10  1.99708E-11  6.94105E-02 SpitzerIRS 
 2.45693E+01  3.96195E-10  1.98098E-11  6.89273E-02 SpitzerIRS 
 2.47386E+01  3.93483E-10  1.96741E-11  6.84555E-02 SpitzerIRS 
 2.49080E+01  3.89137E-10  1.94568E-11  6.79947E-02 SpitzerIRS 
 2.50774E+01  3.86509E-10  1.93254E-11  6.75309E-02 SpitzerIRS 
 2.52467E+01  3.83916E-10  1.91958E-11  6.70780E-02 SpitzerIRS 
 2.54160E+01  3.80650E-10  1.90325E-11  6.66347E-02 SpitzerIRS 
 2.55854E+01  3.74844E-10  1.87422E-11  6.61907E-02 SpitzerIRS 
 2.57548E+01  3.70524E-10  1.85262E-11  6.57584E-02 SpitzerIRS 
 2.59241E+01  3.64393E-10  1.82197E-11  6.53251E-02 SpitzerIRS 
 2.60935E+01  3.62029E-10  1.81014E-11  6.49012E-02 SpitzerIRS 
 2.62628E+01  3.61936E-10  1.80968E-11  6.44870E-02 SpitzerIRS 
 2.64322E+01  3.59617E-10  1.79808E-11  6.40695E-02 SpitzerIRS 
 2.66015E+01  3.59952E-10  1.79976E-11  6.36616E-02 SpitzerIRS 
 2.67709E+01  3.63700E-10  1.81850E-11  6.32632E-02 SpitzerIRS 
 2.69402E+01  3.66431E-10  1.83216E-11  6.28612E-02 SpitzerIRS 
 2.71096E+01  3.64142E-10  1.82071E-11  6.24721E-02 SpitzerIRS 
 2.72789E+01  3.63105E-10  1.81552E-11  6.20807E-02 SpitzerIRS 
 2.74483E+01  3.61734E-10  1.80867E-11  6.16977E-02 SpitzerIRS 
 2.76176E+01  3.61982E-10  1.80991E-11  6.13235E-02 SpitzerIRS 
 2.77870E+01  3.57324E-10  1.78662E-11  6.09456E-02 SpitzerIRS 
 2.79564E+01  3.54306E-10  1.77153E-11  6.05764E-02 SpitzerIRS 
 2.81257E+01  3.49346E-10  1.74673E-11  6.02158E-02 SpitzerIRS 
 2.82951E+01  3.43175E-10  1.71587E-11  5.98513E-02 SpitzerIRS 
 2.84644E+01  3.38894E-10  1.69447E-11  5.94986E-02 SpitzerIRS 
 2.86338E+01  3.34465E-10  1.67232E-11  5.91433E-02 SpitzerIRS 
 2.88031E+01  3.32339E-10  1.66169E-11  5.87963E-02 SpitzerIRS 
 2.89725E+01  3.21241E-10  1.60620E-11  5.84552E-02 SpitzerIRS 
 2.91418E+01  3.18587E-10  1.59294E-11  5.81122E-02 SpitzerIRS 
 2.93112E+01  3.15318E-10  1.57659E-11  5.77764E-02 SpitzerIRS 
 2.94805E+01  3.08828E-10  1.54414E-11  5.74484E-02 SpitzerIRS 
 2.96499E+01  3.07064E-10  1.53532E-11  5.71164E-02 SpitzerIRS 
 2.98193E+01  3.05320E-10  1.52660E-11  5.67953E-02 SpitzerIRS 
 2.99886E+01  3.03596E-10  1.51798E-11  5.64720E-02 SpitzerIRS 
 3.01580E+01  3.02590E-10  1.51295E-11  5.61542E-02 SpitzerIRS 
 3.03273E+01  3.00900E-10  1.50450E-11  5.58438E-02 SpitzerIRS 
 3.04967E+01  2.98326E-10  1.49163E-11  5.55305E-02 SpitzerIRS 
 3.06660E+01  2.95844E-10  1.47922E-11  5.52239E-02 SpitzerIRS 
 3.08354E+01  2.94219E-10  1.47109E-11  5.49243E-02 SpitzerIRS 
 3.10047E+01  2.92542E-10  1.46271E-11  5.46206E-02 SpitzerIRS 
 3.11741E+01  2.90953E-10  1.45476E-11  5.43269E-02 SpitzerIRS 
 3.13434E+01  2.89450E-10  1.44725E-11  5.40310E-02 SpitzerIRS 
 3.15128E+01  2.88557E-10  1.44279E-11  5.37400E-02 SpitzerIRS 
 3.16821E+01  2.86287E-10  1.43144E-11  5.34557E-02 SpitzerIRS 
 3.18515E+01  2.86840E-10  1.43420E-11  5.31691E-02 SpitzerIRS 
 3.20209E+01  2.90498E-10  1.45249E-11  5.28873E-02 SpitzerIRS 
 3.21902E+01  2.93408E-10  1.46704E-11  5.26114E-02 SpitzerIRS 
 3.23596E+01  3.14868E-10  1.57434E-11  5.23349E-02 SpitzerIRS 
 3.25289E+01  3.16527E-10  1.58264E-11  5.20636E-02 SpitzerIRS 
 3.26983E+01  3.21684E-10  1.60842E-11  5.17916E-02 SpitzerIRS 
 3.28676E+01  3.20499E-10  1.60250E-11  5.15248E-02 SpitzerIRS 
 3.30370E+01  3.18856E-10  1.59428E-11  5.12641E-02 SpitzerIRS 
 3.32063E+01  3.19331E-10  1.59665E-11  5.09992E-02 SpitzerIRS 
 3.33757E+01  3.17711E-10  1.58855E-11  5.07405E-02 SpitzerIRS 
 3.35450E+01  3.14027E-10  1.57014E-11  5.04877E-02 SpitzerIRS 
 3.37144E+01  3.18596E-10  1.59298E-11  5.02307E-02 SpitzerIRS 
 3.38837E+01  3.19061E-10  1.59530E-11  4.99830E-02 SpitzerIRS 
 3.40531E+01  3.15427E-10  1.57713E-11  4.97311E-02 SpitzerIRS 
 3.42225E+01  3.13866E-10  1.56933E-11  4.94849E-02 SpitzerIRS 
 3.43918E+01  3.21435E-10  1.60717E-11  4.92446E-02 SpitzerIRS 
 3.45612E+01  3.23058E-10  1.61529E-11  4.90000E-02 SpitzerIRS 
 3.47305E+01  3.18300E-10  1.59150E-11  4.87611E-02 SpitzerIRS 
 3.48999E+01  3.16756E-10  1.58378E-11  4.85277E-02 SpitzerIRS 
 3.50692E+01  3.18378E-10  1.59189E-11  4.82901E-02 SpitzerIRS 
 3.52386E+01  3.11001E-10  1.55500E-11  4.80602E-02 SpitzerIRS 
 3.54079E+01  3.09513E-10  1.54756E-11  4.78282E-02 SpitzerIRS 
 3.55773E+01  3.18351E-10  1.59176E-11  4.76016E-02 SpitzerIRS 
 3.57466E+01  3.16843E-10  1.58421E-11  4.73771E-02 SpitzerIRS 
 3.59160E+01  3.12887E-10  1.56444E-11  4.71516E-02 SpitzerIRS 
 3.60853E+01  3.13869E-10  1.56934E-11  4.69303E-02 SpitzerIRS 
 3.62547E+01  3.44123E-10  1.72062E-11  4.67143E-02 SpitzerIRS 
 3.64240E+01  3.08523E-10  1.54262E-11  4.64939E-02 SpitzerIRS 
 3.65934E+01  3.40938E-10  1.70469E-11  4.62787E-02 SpitzerIRS 
 9.06496E-02  1.12771E-12  3.56907E-13  8.22287E-02 <UV> 
 9.13950E-02  8.32632E-13  2.21242E-13  9.65042E-02 <UV> 
 9.22770E-02  6.96133E-13  1.54765E-13  7.46448E-02 <UV> 
 9.29658E-02  1.09265E-12  2.24517E-13  4.99969E-02 <UV> 
 9.34306E-02  1.44483E-12  2.32023E-13  5.00050E-02 <UV> 
 9.38978E-02  2.10603E-12  2.54818E-13  5.00012E-02 <UV> 
 9.43673E-02  1.19838E-12  2.48770E-13  4.99961E-02 <UV> 
 9.48391E-02  5.73277E-12  3.36334E-13  5.00005E-02 <UV> 
 9.53133E-02  2.06894E-12  2.84938E-13  5.00035E-02 <UV> 
 9.57899E-02  1.60758E-12  2.76380E-13  4.99948E-02 <UV> 
 9.62688E-02  2.42280E-12  2.99827E-13  5.00058E-02 <UV> 
 9.67502E-02  2.49629E-12  3.04632E-13  4.99947E-02 <UV> 
 9.72339E-02  1.95549E-11  9.77745E-13  5.00031E-02 <UV> 
 9.77201E-02  9.02336E-12  4.51168E-13  4.99999E-02 <UV> 
 9.82087E-02  4.24629E-12  5.47399E-13  4.99956E-02 <UV> 
 9.86997E-02  5.32426E-12  5.40123E-13  5.00002E-02 <UV> 
 9.91932E-02  8.21888E-12  6.34218E-13  5.00034E-02 <UV> 
 9.96892E-02  3.69312E-12  4.82084E-13  4.99954E-02 <UV> 
 1.00188E-01  3.14713E-12  3.14076E-13  5.00062E-02 <UV> 
 1.00689E-01  2.85536E-12  2.71622E-13  4.99957E-02 <UV> 
 1.01192E-01  2.24591E-12  2.45766E-13  5.00040E-02 <UV> 
 1.01698E-01  2.09551E-12  2.47050E-13  5.00010E-02 <UV> 
 1.02207E-01  1.91517E-12  2.19228E-13  4.99968E-02 <UV> 
 1.02718E-01  1.64395E-10  8.21976E-12  5.00012E-02 <UV> 
 1.03231E-01  7.29030E-12  3.64515E-13  5.00043E-02 <UV> 
 1.03747E-01  2.99209E-12  1.94912E-13  4.99965E-02 <UV> 
 1.04266E-01  2.59536E-12  1.84491E-13  4.99971E-02 <UV> 
 1.04787E-01  3.00661E-12  1.96990E-13  5.00061E-02 <UV> 
 1.05311E-01  2.89261E-12  2.03583E-13  4.99946E-02 <UV> 
 1.05838E-01  3.25611E-12  2.20948E-13  5.00010E-02 <UV> 
 1.06367E-01  3.00361E-12  2.29602E-13  4.99967E-02 <UV> 
 1.06899E-01  2.53065E-12  2.42086E-13  5.00006E-02 <UV> 
 1.07433E-01  2.22651E-12  3.12560E-13  5.00031E-02 <UV> 
 1.07970E-01  1.11258E-12  3.52824E-13  5.00044E-02 <UV> 
 1.08510E-01  1.86538E-12  4.44435E-13  8.95675E-02 <UV> 
 1.09482E-01  2.00048E-12  1.39615E-13  6.06399E-02 <UV> 
 1.10146E-01  2.55099E-12  1.62250E-13  4.99972E-02 <UV> 
 1.10697E-01  2.36565E-12  1.18759E-13  5.00014E-02 <UV> 
 1.11250E-01  2.48108E-12  1.24054E-13  4.99953E-02 <UV> 
 1.11807E-01  2.38423E-12  1.19212E-13  5.00060E-02 <UV> 
 1.12366E-01  1.88659E-12  1.16808E-13  4.99975E-02 <UV> 
 1.12928E-01  3.15901E-12  1.57951E-13  4.99967E-02 <UV> 
 1.13492E-01  3.94226E-12  1.97113E-13  5.00035E-02 <UV> 
 1.14060E-01  2.17677E-12  1.26519E-13  5.00002E-02 <UV> 
 1.14630E-01  2.14643E-12  1.32489E-13  4.99957E-02 <UV> 
 1.15203E-01  1.90235E-12  1.33550E-13  4.99987E-02 <UV> 
 1.15779E-01  2.09412E-12  1.39406E-13  5.00004E-02 <UV> 
 1.16358E-01  3.28224E-12  1.64112E-13  5.00009E-02 <UV> 
 1.16940E-01  3.19630E-12  1.60280E-13  5.00001E-02 <UV> 
 1.17524E-01  6.33998E-12  3.16999E-13  5.00066E-02 <UV> 
 1.18112E-01  2.81319E-12  1.91275E-13  4.99949E-02 <UV> 
 1.18703E-01  2.61116E-12  2.29026E-13  4.99989E-02 <UV> 
 1.19296E-01  1.43650E-12  2.58057E-13  5.00016E-02 <UV> 
 1.19893E-01  3.13351E-12  2.75612E-13  5.00031E-02 <UV> 
 1.20492E-01  4.19722E-11  2.09861E-12  4.99950E-02 <UV> 
 1.21094E-01  3.67808E-12  2.85295E-13  5.00023E-02 <UV> 
 1.21700E-01  1.79041E-11  8.95207E-13  5.00000E-02 <UV> 
 1.22309E-01  5.45717E-12  2.72859E-13  4.99965E-02 <UV> 
 1.22920E-01  4.48742E-12  2.24371E-13  5.00000E-02 <UV> 
 1.23535E-01  7.78515E-12  3.89258E-13  5.00022E-02 <UV> 
 1.24152E-01  1.08952E-11  5.44758E-13  5.00031E-02 <UV> 
 1.24773E-01  5.62669E-12  2.81335E-13  4.99948E-02 <UV> 
 1.25397E-01  5.59759E-12  2.79880E-13  5.00012E-02 <UV> 
 1.26024E-01  4.84416E-12  2.42208E-13  5.00064E-02 <UV> 
 1.26654E-01  5.29898E-12  2.64949E-13  4.99944E-02 <UV> 
 1.27287E-01  7.78980E-12  3.89490E-13  5.00050E-02 <UV> 
 1.27924E-01  5.81879E-12  2.90940E-13  4.99985E-02 <UV> 
 1.28563E-01  6.56791E-12  3.28395E-13  4.99987E-02 <UV> 
 1.29206E-01  1.09048E-11  5.45242E-13  4.99976E-02 <UV> 
 1.29852E-01  2.21941E-11  1.10970E-12  5.00030E-02 <UV> 
 1.30502E-01  3.70537E-11  1.85268E-12  4.99994E-02 <UV> 
 1.31154E-01  1.63953E-11  8.19765E-13  5.00023E-02 <UV> 
 1.31810E-01  5.59468E-12  2.79734E-13  4.99963E-02 <UV> 
 1.32469E-01  6.34128E-12  3.17064E-13  5.00042E-02 <UV> 
 1.33131E-01  7.53258E-12  3.76629E-13  4.99958E-02 <UV> 
 1.33797E-01  2.27356E-11  1.13678E-12  5.00012E-02 <UV> 
 1.34466E-01  7.80114E-12  3.90057E-13  4.99978E-02 <UV> 
 1.35138E-01  1.26831E-11  6.34154E-13  5.00007E-02 <UV> 
 1.35814E-01  1.58644E-11  7.93220E-13  5.00023E-02 <UV> 
 1.36493E-01  9.67582E-12  4.83791E-13  5.00026E-02 <UV> 
 1.37175E-01  8.34526E-12  4.17263E-13  4.99944E-02 <UV> 
 1.37861E-01  8.40389E-12  4.20195E-13  4.99996E-02 <UV> 
 1.38551E-01  8.68414E-12  4.34207E-13  5.00034E-02 <UV> 
 1.39243E-01  5.67490E-11  2.83745E-12  4.99988E-02 <UV> 
 1.39939E-01  5.61875E-11  2.80938E-12  5.00002E-02 <UV> 
 1.40639E-01  2.58003E-11  1.29001E-12  5.00003E-02 <UV> 
 1.41342E-01  9.25841E-12  4.62920E-13  4.99992E-02 <UV> 
 1.42049E-01  9.09191E-12  4.54595E-13  5.00038E-02 <UV> 
 1.42759E-01  9.07764E-12  4.53882E-13  5.00002E-02 <UV> 
 1.43473E-01  1.07565E-11  5.37826E-13  4.99954E-02 <UV> 
 1.44190E-01  1.41347E-11  7.06735E-13  5.00033E-02 <UV> 
 1.44911E-01  1.14815E-11  5.74075E-13  4.99960E-02 <UV> 
 1.45636E-01  1.23471E-11  6.17356E-13  5.00014E-02 <UV> 
 1.46364E-01  1.46594E-11  7.32970E-13  4.99986E-02 <UV> 
 1.47096E-01  1.67582E-11  8.37910E-13  5.00014E-02 <UV> 
 1.47832E-01  1.07755E-11  5.38774E-13  5.00029E-02 <UV> 
 1.48571E-01  1.64298E-11  8.21492E-13  4.99964E-02 <UV> 
 1.49314E-01  1.18832E-11  5.94161E-13  5.00022E-02 <UV> 
 1.50060E-01  1.48141E-11  7.40703E-13  5.00000E-02 <UV> 
 1.50810E-01  1.84007E-11  9.20034E-13  4.99966E-02 <UV> 
 1.51564E-01  1.35444E-11  6.77221E-13  5.00051E-02 <UV> 
 1.52322E-01  1.55870E-11  7.79349E-13  4.99992E-02 <UV> 
 1.53084E-01  1.61226E-11  8.06132E-13  4.99987E-02 <UV> 
 1.53849E-01  1.84887E-11  9.24434E-13  4.99970E-02 <UV> 
 1.54618E-01  9.72121E-11  4.86060E-12  5.00005E-02 <UV> 
 1.55392E-01  5.49201E-11  2.74600E-12  5.00027E-02 <UV> 
 1.56169E-01  1.70143E-11  8.50713E-13  4.99972E-02 <UV> 
 1.56949E-01  1.74021E-11  8.70104E-13  5.00034E-02 <UV> 
 1.57734E-01  2.04696E-11  1.02348E-12  4.99955E-02 <UV> 
 1.58523E-01  2.45829E-11  1.22915E-12  5.00054E-02 <UV> 
 1.59315E-01  2.47857E-11  1.23928E-12  4.99951E-02 <UV> 
 1.60112E-01  3.21217E-11  1.60608E-12  5.00025E-02 <UV> 
 1.60913E-01  2.19683E-11  1.09841E-12  5.00023E-02 <UV> 
 1.61717E-01  2.35827E-11  1.17914E-12  4.99947E-02 <UV> 
 1.62526E-01  2.03144E-11  1.01572E-12  5.00044E-02 <UV> 
 1.63338E-01  2.58527E-11  1.29264E-12  5.00005E-02 <UV> 
 1.64155E-01  3.79014E-11  1.89507E-12  4.99954E-02 <UV> 
 1.64976E-01  2.58369E-11  1.29184E-12  5.00013E-02 <UV> 
 1.65801E-01  2.84129E-11  1.42065E-12  4.99998E-02 <UV> 
 1.66630E-01  3.38858E-11  1.69429E-12  5.00031E-02 <UV> 
 1.67463E-01  3.01070E-11  1.50535E-12  4.99991E-02 <UV> 
 1.68300E-01  2.55165E-11  1.27582E-12  4.99999E-02 <UV> 
 1.69142E-01  2.88417E-11  1.44209E-12  4.99995E-02 <UV> 
 1.69987E-01  3.08500E-11  1.54250E-12  4.99978E-02 <UV> 
 1.70837E-01  3.11459E-11  1.55729E-12  5.00008E-02 <UV> 
 1.71691E-01  4.00573E-11  2.00287E-12  5.00025E-02 <UV> 
 1.72550E-01  3.55410E-11  1.77705E-12  4.99971E-02 <UV> 
 1.73413E-01  3.87596E-11  1.93798E-12  5.00021E-02 <UV> 
 1.74280E-01  4.15366E-11  2.07683E-12  5.00001E-02 <UV> 
 1.75151E-01  4.37260E-11  2.18630E-12  5.00025E-02 <UV> 
 1.76027E-01  4.05443E-11  2.02721E-12  4.99980E-02 <UV> 
 1.76907E-01  4.34229E-11  2.17115E-12  4.99980E-02 <UV> 
 1.77792E-01  5.08770E-11  2.54385E-12  5.00024E-02 <UV> 
 1.78681E-01  5.00086E-11  2.50043E-12  4.99998E-02 <UV> 
 1.79574E-01  4.38909E-11  2.19455E-12  5.00017E-02 <UV> 
 1.80472E-01  6.74402E-11  3.37201E-12  4.99967E-02 <UV> 
 1.81374E-01  9.88950E-11  4.94475E-12  5.00016E-02 <UV> 
 1.82281E-01  7.57228E-11  3.78614E-12  4.99997E-02 <UV> 
 1.83193E-01  5.34755E-11  2.67378E-12  5.00020E-02 <UV> 
 1.84109E-01  4.82806E-11  2.41403E-12  4.99977E-02 <UV> 
 1.85029E-01  6.52488E-11  3.26244E-12  4.99976E-02 <UV> 
 1.85954E-01  6.99898E-11  3.49949E-12  5.00016E-02 <UV> 
 1.86884E-01  6.04069E-11  3.02034E-12  4.99990E-02 <UV> 
 1.87818E-01  6.18749E-11  3.09374E-12  5.00005E-02 <UV> 
 1.88757E-01  9.38851E-11  4.69425E-12  5.00007E-02 <UV> 
 1.89701E-01  1.00328E-10  5.01641E-12  4.99997E-02 <UV> 
 1.90650E-01  8.95306E-11  4.47653E-12  5.00027E-02 <UV> 
 1.91603E-01  7.62714E-11  3.81357E-12  4.99992E-02 <UV> 
 1.92561E-01  6.54969E-11  3.27485E-12  4.99997E-02 <UV> 
 1.93524E-01  6.90613E-11  3.45306E-12  4.99990E-02 <UV> 
 1.94491E-01  6.35594E-11  3.17797E-12  5.00022E-02 <UV> 
 1.95464E-01  6.35029E-11  3.17514E-12  4.99990E-02 <UV> 
 1.96441E-01  6.02430E-11  3.01215E-12  4.99997E-02 <UV> 
 1.97423E-01  6.69413E-11  3.34707E-12  4.99991E-02 <UV> 
 1.98411E-01  7.10443E-11  5.77023E-12  5.00024E-02 <UV> 
 1.99403E-01  6.95145E-11  5.66435E-12  4.99993E-02 <UV> 
 2.00400E-01  7.07767E-11  5.02672E-12  5.00001E-02 <UV> 
 2.01402E-01  7.85090E-11  5.94393E-12  4.99996E-02 <UV> 
 2.02409E-01  7.47319E-11  5.74043E-12  4.99979E-02 <UV> 
 2.03421E-01  8.16494E-11  4.85392E-12  4.99999E-02 <UV> 
 2.04438E-01  6.98159E-11  6.48681E-12  5.00006E-02 <UV> 
 2.05460E-01  9.56903E-11  7.18064E-12  5.00000E-02 <UV> 
 2.06487E-01  7.82832E-11  4.69742E-12  4.99983E-02 <UV> 
 2.07520E-01  1.04339E-10  5.21693E-12  5.00001E-02 <UV> 
 2.08557E-01  9.58656E-11  4.82512E-12  5.00007E-02 <UV> 
 2.09600E-01  9.22892E-11  5.04790E-12  5.00000E-02 <UV> 
 2.10648E-01  9.05637E-11  5.17493E-12  5.00028E-02 <UV> 
 2.11701E-01  1.01465E-10  5.97152E-12  4.99997E-02 <UV> 
 2.12760E-01  1.12420E-10  5.62100E-12  5.00000E-02 <UV> 
 2.13824E-01  1.09786E-10  5.48929E-12  4.99992E-02 <UV> 
 2.14893E-01  1.04302E-10  5.21511E-12  5.00017E-02 <UV> 
 2.15967E-01  1.15649E-10  5.78245E-12  4.99983E-02 <UV> 
 2.17047E-01  1.17215E-10  5.86074E-12  4.99984E-02 <UV> 
 2.18132E-01  1.02885E-10  5.36631E-12  5.00018E-02 <UV> 
 2.19223E-01  9.16266E-11  6.19717E-12  4.99993E-02 <UV> 
 2.20319E-01  1.13162E-10  5.65810E-12  5.00002E-02 <UV> 
 2.21421E-01  1.32722E-10  6.63611E-12  4.99999E-02 <UV> 
 2.22528E-01  1.41850E-10  7.09248E-12  4.99983E-02 <UV> 
 2.23640E-01  1.37025E-10  6.85124E-12  4.99999E-02 <UV> 
 2.24759E-01  1.52188E-10  7.60942E-12  5.00003E-02 <UV> 
 2.25882E-01  1.71464E-10  8.57318E-12  4.99995E-02 <UV> 
 2.27012E-01  1.64130E-10  8.20651E-12  5.00018E-02 <UV> 
 2.28147E-01  1.74770E-10  8.73851E-12  4.99985E-02 <UV> 
 2.29288E-01  1.42242E-10  7.11210E-12  5.00027E-02 <UV> 
 2.30434E-01  1.69719E-10  8.48595E-12  4.99970E-02 <UV> 
 2.31586E-01  1.86087E-10  9.30437E-12  5.00030E-02 <UV> 
 2.32744E-01  2.34208E-10  1.17104E-11  4.99991E-02 <UV> 
 2.33908E-01  1.77197E-10  8.85984E-12  4.99983E-02 <UV> 
 2.35077E-01  1.83445E-10  9.17227E-12  5.00006E-02 <UV> 
 2.36253E-01  1.51793E-10  7.58965E-12  5.00015E-02 <UV> 
 2.37434E-01  1.50598E-10  7.52991E-12  4.99971E-02 <UV> 
 2.38621E-01  1.50280E-10  7.51401E-12  5.00040E-02 <UV> 
 2.39814E-01  1.59273E-10  7.96366E-12  4.99970E-02 <UV> 
 2.41013E-01  1.66749E-10  8.33743E-12  5.00014E-02 <UV> 
 2.42218E-01  2.33685E-10  1.16843E-11  5.00003E-02 <UV> 
 2.43430E-01  2.65579E-10  1.32790E-11  4.99980E-02 <UV> 
 2.44647E-01  2.51876E-10  1.25938E-11  5.00027E-02 <UV> 
 2.45870E-01  2.50600E-10  1.25300E-11  4.99980E-02 <UV> 
 2.47099E-01  2.66556E-10  1.33278E-11  5.00002E-02 <UV> 
 2.48335E-01  2.90338E-10  1.45169E-11  5.00011E-02 <UV> 
 2.49576E-01  2.99754E-10  1.49877E-11  5.00007E-02 <UV> 
 2.50824E-01  2.88646E-10  1.44323E-11  4.99991E-02 <UV> 
 2.52078E-01  2.74975E-10  1.37487E-11  5.00003E-02 <UV> 
 2.53339E-01  2.85242E-10  1.42621E-11  5.00002E-02 <UV> 
 2.54605E-01  3.17908E-10  1.58954E-11  4.99989E-02 <UV> 
 2.55879E-01  2.49870E-10  1.24935E-11  5.00003E-02 <UV> 
 2.57158E-01  2.69810E-10  1.34905E-11  5.00004E-02 <UV> 
 2.58444E-01  2.86728E-10  1.43364E-11  4.99993E-02 <UV> 
 2.59736E-01  2.64499E-10  1.32250E-11  5.00008E-02 <UV> 
 2.61035E-01  3.02380E-10  1.51190E-11  5.00010E-02 <UV> 
 2.62340E-01  3.93003E-10  1.96502E-11  5.00000E-02 <UV> 
 2.63651E-01  3.09896E-10  1.54948E-11  4.99978E-02 <UV> 
 2.64970E-01  2.48141E-10  1.24070E-11  5.00019E-02 <UV> 
 2.66295E-01  3.06012E-10  1.53006E-11  4.99973E-02 <UV> 
 2.67626E-01  3.00252E-10  1.50126E-11  5.00026E-02 <UV> 
 2.68964E-01  3.34882E-10  1.67441E-11  4.99992E-02 <UV> 
 2.70309E-01  3.21870E-10  1.60935E-11  4.99983E-02 <UV> 
 2.71661E-01  4.13793E-10  2.06897E-11  4.99999E-02 <UV> 
 2.73019E-01  4.26027E-10  2.13013E-11  5.00002E-02 <UV> 
 2.74384E-01  2.62427E-10  1.31213E-11  4.99993E-02 <UV> 
 2.75756E-01  4.21666E-10  2.10833E-11  5.00008E-02 <UV> 
 2.77135E-01  4.80191E-10  2.40096E-11  5.00010E-02 <UV> 
 2.78520E-01  5.22883E-10  2.61441E-11  4.99999E-02 <UV> 
 2.79913E-01  1.12501E-09  5.62507E-11  5.00013E-02 <UV> 
 2.81313E-01  3.98071E-10  1.99036E-11  4.99978E-02 <UV> 
 2.82719E-01  4.83006E-10  2.41503E-11  5.00002E-02 <UV> 
 2.84133E-01  4.97834E-10  2.48917E-11  5.00013E-02 <UV> 
 2.85553E-01  4.49038E-10  2.24519E-11  4.99977E-02 <UV> 
 2.86981E-01  4.76093E-10  2.38046E-11  5.00033E-02 <UV> 
 2.88416E-01  4.84781E-10  2.42391E-11  4.99972E-02 <UV> 
 2.89858E-01  4.10790E-10  2.05395E-11  5.00003E-02 <UV> 
 2.91307E-01  4.33232E-10  2.16616E-11  5.00022E-02 <UV> 
 2.92764E-01  4.87525E-10  2.43763E-11  4.99993E-02 <UV> 
 2.94228E-01  4.50165E-10  2.25083E-11  4.99987E-02 <UV> 
 2.95699E-01  5.14906E-10  2.57453E-11  5.00002E-02 <UV> 
 2.97177E-01  5.39876E-10  2.69938E-11  5.00005E-02 <UV> 
 2.98663E-01  4.48718E-10  2.24359E-11  4.99995E-02 <UV> 
 3.00156E-01  4.09519E-10  2.04759E-11  5.00006E-02 <UV> 
 3.01657E-01  3.80619E-10  1.90310E-11  5.00004E-02 <UV> 
 3.03166E-01  3.96447E-10  1.98223E-11  4.99991E-02 <UV> 
 3.04681E-01  4.00750E-10  2.00375E-11  4.99998E-02 <UV> 
 3.06205E-01  4.29415E-10  2.14708E-11  4.99992E-02 <UV> 
 3.07736E-01  4.46749E-10  2.23375E-11  5.00007E-02 <UV> 
 3.09275E-01  4.28416E-10  2.14208E-11  5.00009E-02 <UV> 
 3.10821E-01  4.44654E-10  2.22327E-11  4.99999E-02 <UV> 
 3.12375E-01  4.64773E-10  2.32387E-11  5.00008E-02 <UV> 
 3.13937E-01  4.77291E-10  2.38645E-11  5.00005E-02 <UV> 
 3.15507E-01  5.19737E-10  2.59869E-11  4.97517E-02 <UV> 
