 5.49300E-01  5.41078E-11  1.65451E-11  1.00000E+00 JOHNSON.V 
 6.16800E-01  8.13056E-11  4.06528E-12  1.00000E+00 SDSS.R 
 6.24700E-01  8.06949E-11  9.21597E-12  1.00000E+00 SDSS.RP 
 7.49600E-01  1.31603E-10  6.58016E-12  1.00000E+00 SDSS.I 
 7.87500E-01  1.49953E-10  2.03025E-11  1.00000E+00 COUSINS.I 
 1.23930E+00  2.51653E-10  1.25827E-11  1.00000E+00 2MASS.J 
 1.64950E+00  2.36199E-10  1.18100E-11  1.00000E+00 2MASS.H 
 2.16390E+00  1.43793E-10  7.18967E-12  1.00000E+00 2MASS.KS 
 3.36820E+00  4.53827E-11  2.26914E-12  1.00000E+00 WISE.W1 
 3.60000E+00  4.16378E-11  2.08189E-12  1.00000E+00 IRAC.36 
 4.50000E+00  1.99862E-11  9.99308E-13  1.00000E+00 IRAC.45 
 4.61790E+00  2.13092E-11  1.06546E-12  1.00000E+00 WISE.W2 
 5.80000E+00  1.03377E-11  5.16884E-13  1.00000E+00 IRAC.58 
 8.00000E+00  7.49481E-12  3.74741E-13  1.00000E+00 IRAC.80 
 1.20730E+01  1.15701E-11  5.78503E-13  1.00000E+00 WISE.W3 
 2.21943E+01  4.23221E-11  2.11611E-12  1.00000E+00 WISE.W4 
 2.36108E+01  4.22819E-11  1.14161E-11  1.00000E+00 IRAS.F25 
 6.04093E+01  4.27784E-11  3.42227E-12  1.00000E+00 IRAS.F60 
 7.00000E+01  3.34054E-11  3.42620E-12  1.00000E+00 PACS.B 
 8.78971E+01  2.32509E-11  4.84322E-12  1.00000E+00 AKARI.WIDES 
 1.00000E+02  2.54824E-11  2.39834E-12  1.00000E+00 PACS.G 
 1.60000E+02  1.46149E-11  1.49896E-12  1.00000E+00 PACS.R 
 3.50000E+02  9.22504E-12  4.61252E-13  1.00000E+00 generic 
 6.24000E+02  1.87370E-12  6.24568E-13  1.00000E+00 generic 
 7.69000E+02  1.83228E-12  3.11878E-13  1.00000E+00 generic 
 8.50000E+02  8.35892E-13  4.23236E-14  1.00000E+00 SCUBA.850WB 
 8.57000E+02  8.71042E-13  4.35521E-14  1.00000E+00 generic 
 8.70000E+02  7.44312E-13  7.58096E-14  1.00000E+00 generic 
 8.80000E+02  7.15414E-13  3.57707E-14  1.00000E+00 generic 
 1.05600E+03  5.84822E-13  9.36851E-14  1.00000E+00 generic 
 1.07000E+03  4.00657E-13  3.92252E-14  1.00000E+00 generic 
 1.12000E+03  3.82771E-13  3.74741E-14  1.00000E+00 generic 
 1.30000E+03  2.51364E-13  2.99792E-14  1.00000E+00 generic 
 1.30000E+03  2.50211E-13  1.25106E-14  1.00000E+00 generic 
 1.30000E+03  2.07549E-13  1.84488E-14  1.00000E+00 generic 
 1.39000E+03  2.24305E-13  2.15678E-14  1.00000E+00 generic 
 2.00000E+03  3.74741E-14  5.99585E-15  1.00000E+00 generic 
 2.70000E+03  1.73213E-14  8.66067E-16  1.00000E+00 generic 
 2.70000E+03  2.00972E-14  2.10965E-15  1.00000E+00 generic 
 7.00000E+03  3.16923E-16  8.56550E-17  1.00000E+00 generic 
 5.18700E+00  1.65993E-11  8.29963E-13  5.82225E-02 SpitzerIRS 
 5.21720E+00  1.63365E-11  8.16827E-13  5.80771E-02 SpitzerIRS 
 5.24750E+00  1.71506E-11  8.57529E-13  5.75512E-02 SpitzerIRS 
 5.27770E+00  1.63026E-11  8.15132E-13  5.74114E-02 SpitzerIRS 
 5.30800E+00  1.56617E-11  7.96359E-13  5.68953E-02 SpitzerIRS 
 5.33820E+00  1.56068E-11  7.80341E-13  5.67607E-02 SpitzerIRS 
 5.36850E+00  1.59096E-11  7.95482E-13  5.62541E-02 SpitzerIRS 
 5.39870E+00  1.57873E-11  7.89366E-13  5.59394E-02 SpitzerIRS 
 5.42890E+00  1.54013E-11  7.70065E-13  5.58124E-02 SpitzerIRS 
 5.45920E+00  1.50907E-11  7.54533E-13  5.53195E-02 SpitzerIRS 
 5.48940E+00  1.49694E-11  7.48471E-13  5.51973E-02 SpitzerIRS 
 5.51970E+00  1.48221E-11  7.41103E-13  5.47131E-02 SpitzerIRS 
 5.54990E+00  1.43201E-11  7.16004E-13  5.45956E-02 SpitzerIRS 
 5.58020E+00  1.44948E-11  7.24741E-13  5.41199E-02 SpitzerIRS 
 5.61040E+00  1.40160E-11  7.00802E-13  5.38286E-02 SpitzerIRS 
 5.64060E+00  1.39782E-11  6.98910E-13  5.37177E-02 SpitzerIRS 
 5.67090E+00  1.37713E-11  6.88567E-13  5.32543E-02 SpitzerIRS 
 5.70110E+00  1.35196E-11  6.75980E-13  5.31476E-02 SpitzerIRS 
 5.73140E+00  1.30820E-11  6.54099E-13  5.26922E-02 SpitzerIRS 
 5.76160E+00  1.34921E-11  6.74606E-13  5.24160E-02 SpitzerIRS 
 5.79180E+00  1.30905E-11  6.54525E-13  5.23153E-02 SpitzerIRS 
 5.82210E+00  1.27031E-11  6.35156E-13  5.18713E-02 SpitzerIRS 
 5.85230E+00  1.28937E-11  6.44685E-13  5.17745E-02 SpitzerIRS 
 5.88260E+00  1.32248E-11  6.61239E-13  5.13378E-02 SpitzerIRS 
 5.91280E+00  1.29139E-11  6.45694E-13  5.10756E-02 SpitzerIRS 
 5.94300E+00  1.25708E-11  6.28540E-13  5.09844E-02 SpitzerIRS 
 5.97330E+00  1.26425E-11  6.32127E-13  5.05583E-02 SpitzerIRS 
 6.00350E+00  1.26389E-11  6.31944E-13  5.04706E-02 SpitzerIRS 
 6.03380E+00  1.19046E-11  5.95232E-13  5.00514E-02 SpitzerIRS 
 6.06400E+00  1.17910E-11  5.89549E-13  4.99670E-02 SpitzerIRS 
 6.09430E+00  1.19832E-11  5.99162E-13  4.95545E-02 SpitzerIRS 
 6.12450E+00  1.17039E-11  5.85194E-13  4.93101E-02 SpitzerIRS 
 6.15470E+00  1.18900E-11  5.94500E-13  4.92307E-02 SpitzerIRS 
 6.18500E+00  1.13325E-11  5.66625E-13  4.88278E-02 SpitzerIRS 
 6.21520E+00  1.15910E-11  5.79548E-13  4.87514E-02 SpitzerIRS 
 6.24550E+00  1.15779E-11  5.78896E-13  4.83548E-02 SpitzerIRS 
 6.27570E+00  1.12881E-11  5.64407E-13  4.82815E-02 SpitzerIRS 
 6.30600E+00  1.08916E-11  5.44580E-13  4.78909E-02 SpitzerIRS 
 6.33620E+00  1.11662E-11  5.58308E-13  4.76626E-02 SpitzerIRS 
 6.36640E+00  1.09672E-11  5.48361E-13  4.75936E-02 SpitzerIRS 
 6.39670E+00  1.04841E-11  5.24204E-13  4.72118E-02 SpitzerIRS 
 6.42690E+00  1.03928E-11  5.19642E-13  4.71456E-02 SpitzerIRS 
 6.45720E+00  1.02559E-11  5.12793E-13  4.67695E-02 SpitzerIRS 
 6.48740E+00  1.01480E-11  5.07402E-13  4.67059E-02 SpitzerIRS 
 6.51770E+00  1.01331E-11  5.06653E-13  4.63354E-02 SpitzerIRS 
 6.54790E+00  1.00314E-11  5.01569E-13  4.61217E-02 SpitzerIRS 
 6.57810E+00  9.45211E-12  4.72606E-13  4.60619E-02 SpitzerIRS 
 6.60840E+00  9.27722E-12  4.63861E-13  4.56994E-02 SpitzerIRS 
 6.63860E+00  8.98664E-12  4.49332E-13  4.56422E-02 SpitzerIRS 
 6.66890E+00  9.29195E-12  4.64598E-13  4.52848E-02 SpitzerIRS 
 6.69910E+00  9.19636E-12  4.59818E-13  4.52300E-02 SpitzerIRS 
 6.72940E+00  9.24851E-12  4.62425E-13  4.48777E-02 SpitzerIRS 
 6.75960E+00  8.84795E-12  4.42397E-13  4.46772E-02 SpitzerIRS 
 6.78980E+00  8.79976E-12  4.39988E-13  4.46258E-02 SpitzerIRS 
 6.82010E+00  8.87056E-12  4.43528E-13  4.42809E-02 SpitzerIRS 
 6.85030E+00  8.75706E-12  4.37853E-13  4.42316E-02 SpitzerIRS 
 6.88060E+00  8.93199E-12  4.46600E-13  4.38915E-02 SpitzerIRS 
 6.91080E+00  9.15758E-12  4.57879E-13  4.36997E-02 SpitzerIRS 
 6.94100E+00  8.84995E-12  4.42497E-13  4.36537E-02 SpitzerIRS 
 6.97130E+00  9.00500E-12  4.50250E-13  4.33205E-02 SpitzerIRS 
 7.00150E+00  8.88480E-12  4.44240E-13  4.32764E-02 SpitzerIRS 
 7.03180E+00  8.76551E-12  4.38276E-13  4.29478E-02 SpitzerIRS 
 7.06200E+00  8.37143E-12  4.18572E-13  4.27641E-02 SpitzerIRS 
 7.09220E+00  8.18361E-12  4.09181E-13  4.27230E-02 SpitzerIRS 
 7.12250E+00  8.06462E-12  4.03231E-13  4.24008E-02 SpitzerIRS 
 7.15270E+00  8.16050E-12  4.08025E-13  4.23616E-02 SpitzerIRS 
 7.18300E+00  8.44327E-12  4.22164E-13  4.20437E-02 SpitzerIRS 
 7.21320E+00  8.34558E-12  4.17279E-13  4.20063E-02 SpitzerIRS 
 7.24350E+00  8.22789E-12  4.11395E-13  4.16926E-02 SpitzerIRS 
 7.27370E+00  7.88873E-12  3.94437E-13  4.15194E-02 SpitzerIRS 
 7.30390E+00  7.67962E-12  3.83981E-13  4.14847E-02 SpitzerIRS 
 7.33420E+00  7.48848E-12  3.74424E-13  4.11770E-02 SpitzerIRS 
 7.36440E+00  7.83228E-12  3.91614E-13  4.11439E-02 SpitzerIRS 
 7.39470E+00  7.73938E-12  3.86969E-13  8.18154E-02 SpitzerIRS 
 7.45520E+00  7.92589E-12  3.96294E-13  8.10173E-02 SpitzerIRS 
 7.51560E+00  7.79039E-12  3.89520E-13  8.04992E-02 SpitzerIRS 
 7.57610E+00  7.33643E-12  3.66821E-13  7.98564E-02 SpitzerIRS 
 7.63660E+00  6.98780E-12  3.49390E-13  7.92237E-02 SpitzerIRS 
 7.69710E+00  6.95625E-12  3.47812E-13  7.86010E-02 SpitzerIRS 
 7.75760E+00  6.62762E-12  3.31381E-13  7.78591E-02 SpitzerIRS 
 7.81800E+00  6.62243E-12  3.31121E-13  7.73855E-02 SpitzerIRS 
 7.87850E+00  6.67051E-12  3.33526E-13  7.67913E-02 SpitzerIRS 
 7.93900E+00  6.64611E-12  3.32306E-13  7.62061E-02 SpitzerIRS 
 7.99950E+00  6.71202E-12  3.35601E-13  7.56297E-02 SpitzerIRS 
 8.06000E+00  7.11542E-12  3.55771E-13  7.50620E-02 SpitzerIRS 
 8.12050E+00  7.08456E-12  3.54228E-13  7.45028E-02 SpitzerIRS 
 8.18100E+00  7.23738E-12  3.61869E-13  7.38296E-02 SpitzerIRS 
 8.24140E+00  7.56993E-12  3.78496E-13  7.34099E-02 SpitzerIRS 
 8.30190E+00  7.56893E-12  3.78446E-13  7.28749E-02 SpitzerIRS 
 8.36240E+00  7.67908E-12  3.83954E-13  7.23477E-02 SpitzerIRS 
 8.42290E+00  7.96205E-12  3.98103E-13  7.18280E-02 SpitzerIRS 
 8.48340E+00  8.04309E-12  4.02155E-13  7.13157E-02 SpitzerIRS 
 8.54390E+00  8.27386E-12  4.13693E-13  7.06937E-02 SpitzerIRS 
 8.60430E+00  8.45968E-12  4.22984E-13  7.03137E-02 SpitzerIRS 
 8.66480E+00  8.60474E-12  4.30237E-13  6.98227E-02 SpitzerIRS 
 8.72530E+00  8.92303E-12  4.46151E-13  6.93386E-02 SpitzerIRS 
 8.78580E+00  9.13797E-12  4.56899E-13  6.88611E-02 SpitzerIRS 
 8.84630E+00  9.55670E-12  4.77835E-13  6.83902E-02 SpitzerIRS 
 8.90680E+00  9.86877E-12  4.93438E-13  6.78134E-02 SpitzerIRS 
 8.96720E+00  1.01299E-11  5.06497E-13  6.74681E-02 SpitzerIRS 
 9.02770E+00  1.03642E-11  5.18212E-13  6.70160E-02 SpitzerIRS 
 9.08820E+00  1.07439E-11  5.37193E-13  6.65698E-02 SpitzerIRS 
 9.14870E+00  1.13937E-11  5.69687E-13  6.61296E-02 SpitzerIRS 
 9.20920E+00  1.16314E-11  5.81570E-13  6.56952E-02 SpitzerIRS 
 9.26970E+00  1.18983E-11  5.94915E-13  6.51585E-02 SpitzerIRS 
 9.33010E+00  1.21201E-11  6.06005E-13  6.48439E-02 SpitzerIRS 
 9.39060E+00  1.23389E-11  6.16946E-13  6.44261E-02 SpitzerIRS 
 9.45110E+00  1.28816E-11  6.44082E-13  6.40137E-02 SpitzerIRS 
 9.51160E+00  1.32347E-11  6.61733E-13  6.36065E-02 SpitzerIRS 
 9.57210E+00  1.33922E-11  6.69609E-13  6.32045E-02 SpitzerIRS 
 9.63260E+00  1.36442E-11  6.82209E-13  6.28075E-02 SpitzerIRS 
 9.69310E+00  1.42735E-11  7.13674E-13  6.23124E-02 SpitzerIRS 
 9.75350E+00  1.42343E-11  7.11713E-13  6.20290E-02 SpitzerIRS 
 9.81400E+00  1.45436E-11  7.27182E-13  6.16466E-02 SpitzerIRS 
 9.87450E+00  1.45456E-11  7.27280E-13  6.12689E-02 SpitzerIRS 
 9.93500E+00  1.49278E-11  7.46388E-13  6.08958E-02 SpitzerIRS 
 9.99550E+00  1.50923E-11  7.54617E-13  6.05272E-02 SpitzerIRS 
 1.00560E+01  1.52013E-11  7.60065E-13  6.00636E-02 SpitzerIRS 
 1.01164E+01  1.53150E-11  7.65750E-13  5.98039E-02 SpitzerIRS 
 1.01769E+01  1.54095E-11  7.70477E-13  5.94484E-02 SpitzerIRS 
 1.02374E+01  1.56377E-11  7.81884E-13  5.90970E-02 SpitzerIRS 
 1.02979E+01  1.55807E-11  7.79037E-13  5.87498E-02 SpitzerIRS 
 1.03584E+01  1.56373E-11  7.81867E-13  5.83102E-02 SpitzerIRS 
 1.04188E+01  1.56963E-11  7.84816E-13  5.80681E-02 SpitzerIRS 
 1.04793E+01  1.54855E-11  7.74277E-13  5.77329E-02 SpitzerIRS 
 1.05398E+01  1.56953E-11  7.84766E-13  5.74015E-02 SpitzerIRS 
 1.06003E+01  1.57358E-11  7.86792E-13  5.70739E-02 SpitzerIRS 
 1.06608E+01  1.58490E-11  7.92450E-13  5.67500E-02 SpitzerIRS 
 1.07213E+01  1.60755E-11  8.03777E-13  5.63365E-02 SpitzerIRS 
 1.07817E+01  1.59048E-11  7.95242E-13  5.61136E-02 SpitzerIRS 
 1.08422E+01  1.60014E-11  8.00068E-13  5.58005E-02 SpitzerIRS 
 1.09027E+01  1.60006E-11  8.00028E-13  5.54908E-02 SpitzerIRS 
 1.09632E+01  1.59177E-11  7.95886E-13  5.51846E-02 SpitzerIRS 
 1.10237E+01  1.59500E-11  7.97501E-13  5.48818E-02 SpitzerIRS 
 1.10842E+01  1.59008E-11  7.95042E-13  5.45822E-02 SpitzerIRS 
 1.11447E+01  1.58414E-11  7.92071E-13  5.41962E-02 SpitzerIRS 
 1.12051E+01  1.59085E-11  7.95426E-13  5.39933E-02 SpitzerIRS 
 1.12656E+01  1.58284E-11  7.91421E-13  5.37033E-02 SpitzerIRS 
 1.13261E+01  1.55189E-11  7.75944E-13  5.34164E-02 SpitzerIRS 
 1.13866E+01  1.54022E-11  7.70110E-13  5.31326E-02 SpitzerIRS 
 1.14471E+01  1.51846E-11  7.59230E-13  5.28518E-02 SpitzerIRS 
 1.15076E+01  1.49485E-11  7.47423E-13  5.24871E-02 SpitzerIRS 
 1.15680E+01  1.44972E-11  7.24861E-13  5.22994E-02 SpitzerIRS 
 1.16285E+01  1.45584E-11  7.27922E-13  5.20273E-02 SpitzerIRS 
 1.16890E+01  1.43497E-11  7.17486E-13  5.17581E-02 SpitzerIRS 
 1.17495E+01  1.40538E-11  7.02692E-13  5.14916E-02 SpitzerIRS 
 1.18100E+01  1.38676E-11  6.93381E-13  5.12278E-02 SpitzerIRS 
 1.18705E+01  1.35116E-11  6.75578E-13  5.08824E-02 SpitzerIRS 
 1.19309E+01  1.34859E-11  6.74294E-13  5.07087E-02 SpitzerIRS 
 1.19914E+01  1.33978E-11  6.69892E-13  5.04528E-02 SpitzerIRS 
 1.20519E+01  1.32584E-11  6.62922E-13  5.01996E-02 SpitzerIRS 
 1.21124E+01  1.30437E-11  6.52185E-13  4.99488E-02 SpitzerIRS 
 1.21729E+01  1.25183E-11  6.25917E-13  4.97006E-02 SpitzerIRS 
 1.22334E+01  1.23364E-11  6.16818E-13  4.93730E-02 SpitzerIRS 
 1.22938E+01  1.24538E-11  6.22688E-13  4.92118E-02 SpitzerIRS 
 1.23543E+01  1.23273E-11  6.16363E-13  4.89708E-02 SpitzerIRS 
 1.24148E+01  1.22237E-11  6.11186E-13  4.87322E-02 SpitzerIRS 
 1.24753E+01  1.21572E-11  6.07861E-13  4.84958E-02 SpitzerIRS 
 1.25358E+01  1.20842E-11  6.04210E-13  4.82618E-02 SpitzerIRS 
 1.25963E+01  1.18715E-11  5.93573E-13  4.79506E-02 SpitzerIRS 
 1.26567E+01  1.19475E-11  5.97373E-13  4.78008E-02 SpitzerIRS 
 1.27172E+01  1.20745E-11  6.03724E-13  4.75734E-02 SpitzerIRS 
 1.27777E+01  1.23810E-11  6.19049E-13  4.73481E-02 SpitzerIRS 
 1.28382E+01  1.25515E-11  6.27574E-13  4.71250E-02 SpitzerIRS 
 1.28987E+01  1.22625E-11  6.13126E-13  4.69040E-02 SpitzerIRS 
 1.29592E+01  1.20341E-11  6.01704E-13  4.66850E-02 SpitzerIRS 
 1.30197E+01  1.20588E-11  6.02938E-13  4.63912E-02 SpitzerIRS 
 1.30801E+01  1.22666E-11  6.13332E-13  4.62535E-02 SpitzerIRS 
 1.31406E+01  1.22216E-11  6.11079E-13  4.60405E-02 SpitzerIRS 
 1.32011E+01  1.25221E-11  6.26105E-13  4.58295E-02 SpitzerIRS 
 1.32616E+01  1.26255E-11  6.31274E-13  4.56204E-02 SpitzerIRS 
 1.33221E+01  1.25771E-11  6.28857E-13  4.54133E-02 SpitzerIRS 
 1.33826E+01  1.29078E-11  6.45392E-13  4.51332E-02 SpitzerIRS 
 1.34430E+01  1.29480E-11  6.47398E-13  4.50048E-02 SpitzerIRS 
 1.35035E+01  1.30920E-11  6.54599E-13  4.48032E-02 SpitzerIRS 
 1.35640E+01  1.33519E-11  6.67593E-13  4.46034E-02 SpitzerIRS 
 1.36245E+01  1.35500E-11  6.77501E-13  4.44053E-02 SpitzerIRS 
 1.36850E+01  1.36413E-11  6.82063E-13  4.42090E-02 SpitzerIRS 
 1.37455E+01  1.36554E-11  6.82769E-13  4.39417E-02 SpitzerIRS 
 1.38059E+01  1.41125E-11  7.05623E-13  4.38218E-02 SpitzerIRS 
 1.38664E+01  1.44098E-11  7.20489E-13  4.36306E-02 SpitzerIRS 
 1.39269E+01  1.44892E-11  7.24462E-13  4.34411E-02 SpitzerIRS 
 1.39874E+01  1.46623E-11  7.33117E-13  1.19107E-01 SpitzerIRS 
 1.41540E+01  1.64702E-11  8.23508E-13  5.98417E-02 SpitzerIRS 
 1.42387E+01  1.57742E-11  7.88711E-13  5.94858E-02 SpitzerIRS 
 1.43234E+01  1.63821E-11  8.19106E-13  5.91340E-02 SpitzerIRS 
 1.44081E+01  1.67852E-11  8.39259E-13  5.87170E-02 SpitzerIRS 
 1.44927E+01  1.79511E-11  8.97555E-13  5.84432E-02 SpitzerIRS 
 1.45774E+01  1.79291E-11  9.52186E-13  5.81036E-02 SpitzerIRS 
 1.46621E+01  1.66375E-11  8.31876E-13  5.77680E-02 SpitzerIRS 
 1.47468E+01  1.71397E-11  1.41289E-12  5.74362E-02 SpitzerIRS 
 1.48315E+01  2.00879E-11  1.00440E-12  5.70408E-02 SpitzerIRS 
 1.49161E+01  1.84686E-11  9.23429E-13  5.67843E-02 SpitzerIRS 
 1.50008E+01  1.85742E-11  9.28708E-13  5.64637E-02 SpitzerIRS 
 1.50855E+01  1.97079E-11  9.85397E-13  5.60803E-02 SpitzerIRS 
 1.51701E+01  2.05565E-11  1.02782E-12  5.58335E-02 SpitzerIRS 
 1.52548E+01  2.18475E-11  1.09238E-12  5.55235E-02 SpitzerIRS 
 1.53395E+01  2.08122E-11  1.04061E-12  5.52169E-02 SpitzerIRS 
 1.54242E+01  2.16367E-11  1.08184E-12  5.49137E-02 SpitzerIRS 
 1.55089E+01  2.22782E-11  1.11391E-12  5.45493E-02 SpitzerIRS 
 1.55935E+01  2.24246E-11  1.12123E-12  5.43175E-02 SpitzerIRS 
 1.56782E+01  2.32519E-11  1.16259E-12  5.40241E-02 SpitzerIRS 
 1.57629E+01  2.35092E-11  1.17546E-12  5.37338E-02 SpitzerIRS 
 1.58476E+01  2.35349E-11  1.17675E-12  5.33835E-02 SpitzerIRS 
 1.59322E+01  2.50018E-11  1.25009E-12  5.31628E-02 SpitzerIRS 
 1.60169E+01  2.61218E-11  1.30609E-12  5.28816E-02 SpitzerIRS 
 1.61016E+01  2.61110E-11  1.30555E-12  5.26035E-02 SpitzerIRS 
 1.61863E+01  2.63355E-11  1.31678E-12  5.23282E-02 SpitzerIRS 
 1.62710E+01  2.72468E-11  1.36234E-12  5.19943E-02 SpitzerIRS 
 1.63556E+01  2.85136E-11  1.42568E-12  5.17865E-02 SpitzerIRS 
 1.64403E+01  2.78999E-11  1.39499E-12  5.15197E-02 SpitzerIRS 
 1.65250E+01  2.87728E-11  1.43864E-12  5.12557E-02 SpitzerIRS 
 1.66097E+01  2.91134E-11  1.45567E-12  5.09341E-02 SpitzerIRS 
 1.66943E+01  2.89084E-11  1.44542E-12  5.07359E-02 SpitzerIRS 
 1.67790E+01  2.96666E-11  1.48333E-12  5.04798E-02 SpitzerIRS 
 1.68637E+01  2.89469E-11  1.44735E-12  5.02262E-02 SpitzerIRS 
 1.69484E+01  3.08683E-11  1.54341E-12  4.99162E-02 SpitzerIRS 
 1.70330E+01  3.20350E-11  1.60175E-12  4.97270E-02 SpitzerIRS 
 1.71177E+01  3.06208E-11  1.53104E-12  4.94809E-02 SpitzerIRS 
 1.72024E+01  3.05188E-11  1.52594E-12  4.92373E-02 SpitzerIRS 
 1.72871E+01  3.13734E-11  1.56867E-12  4.89382E-02 SpitzerIRS 
 1.73717E+01  3.11964E-11  1.55982E-12  4.87575E-02 SpitzerIRS 
 1.74564E+01  3.12735E-11  1.56367E-12  4.85209E-02 SpitzerIRS 
 1.75411E+01  3.22470E-11  1.61235E-12  4.82866E-02 SpitzerIRS 
 1.76258E+01  3.38031E-11  1.69016E-12  4.80546E-02 SpitzerIRS 
 1.77105E+01  3.37820E-11  1.68910E-12  4.77683E-02 SpitzerIRS 
 1.77951E+01  3.46170E-11  1.73085E-12  4.75974E-02 SpitzerIRS 
 1.78798E+01  3.67853E-11  1.83927E-12  4.73719E-02 SpitzerIRS 
 1.79645E+01  3.58676E-11  1.79338E-12  4.71485E-02 SpitzerIRS 
 1.80492E+01  3.53821E-11  1.76910E-12  4.68719E-02 SpitzerIRS 
 1.81338E+01  3.63461E-11  1.81731E-12  4.67084E-02 SpitzerIRS 
 1.82185E+01  3.69555E-11  1.84778E-12  4.64912E-02 SpitzerIRS 
 1.83032E+01  3.75953E-11  1.87976E-12  4.62761E-02 SpitzerIRS 
 1.83879E+01  3.75248E-11  1.87624E-12  4.60085E-02 SpitzerIRS 
 1.84725E+01  3.74049E-11  1.87024E-12  4.58519E-02 SpitzerIRS 
 1.85572E+01  3.90241E-11  1.95121E-12  4.56427E-02 SpitzerIRS 
 1.86419E+01  3.77050E-11  1.88525E-12  4.54353E-02 SpitzerIRS 
 1.87266E+01  3.82917E-11  1.91459E-12  4.52298E-02 SpitzerIRS 
 1.88113E+01  3.93672E-11  1.96836E-12  4.49730E-02 SpitzerIRS 
 1.88959E+01  3.94146E-11  1.97073E-12  4.48245E-02 SpitzerIRS 
 1.89806E+01  3.95072E-11  1.97536E-12  4.46245E-02 SpitzerIRS 
 1.90653E+01  3.88049E-11  1.94025E-12  4.44263E-02 SpitzerIRS 
 1.91500E+01  4.02285E-11  2.01143E-12  4.41775E-02 SpitzerIRS 
 1.92346E+01  4.04179E-11  2.02089E-12  4.40352E-02 SpitzerIRS 
 1.93193E+01  4.06969E-11  2.03485E-12  4.38422E-02 SpitzerIRS 
 1.94040E+01  3.90917E-11  1.95458E-12  4.36508E-02 SpitzerIRS 
 1.94887E+01  3.98847E-11  1.99424E-12  4.34611E-02 SpitzerIRS 
 1.95734E+01  4.19682E-11  2.09841E-12  4.32219E-02 SpitzerIRS 
 1.96580E+01  4.15177E-11  2.07589E-12  4.30868E-02 SpitzerIRS 
 1.97427E+01  4.01385E-11  2.00692E-12  4.29019E-02 SpitzerIRS 
 1.98274E+01  4.27914E-11  2.13957E-12  4.27187E-02 SpitzerIRS 
 1.99121E+01  4.21336E-11  2.10668E-12  4.24867E-02 SpitzerIRS 
 1.99967E+01  4.14741E-11  2.07371E-12  4.23570E-02 SpitzerIRS 
 2.00814E+01  4.22636E-11  2.11318E-12  4.21783E-02 SpitzerIRS 
 2.01661E+01  4.18661E-11  2.09330E-12  4.20012E-02 SpitzerIRS 
 2.02508E+01  4.23172E-11  2.11586E-12  4.17761E-02 SpitzerIRS 
 2.03354E+01  4.35697E-11  2.17848E-12  4.16515E-02 SpitzerIRS 
 2.04201E+01  4.21675E-11  2.10837E-12  4.14787E-02 SpitzerIRS 
 2.05048E+01  4.36586E-11  2.18293E-12  4.13074E-02 SpitzerIRS 
 2.05895E+01  4.26068E-11  2.20154E-12  4.11375E-02 SpitzerIRS 
 2.06742E+01  4.38301E-11  2.19151E-12  8.18895E-02 SpitzerIRS 
 2.08435E+01  4.27794E-11  2.13897E-12  8.12723E-02 SpitzerIRS 
 2.10129E+01  4.49669E-11  2.24835E-12  8.05696E-02 SpitzerIRS 
 2.11822E+01  4.53421E-11  2.26710E-12  7.99728E-02 SpitzerIRS 
 2.13516E+01  4.41216E-11  2.20608E-12  7.92915E-02 SpitzerIRS 
 2.15209E+01  4.39779E-11  2.19890E-12  7.87142E-02 SpitzerIRS 
 2.16903E+01  4.60408E-11  2.30204E-12  7.80533E-02 SpitzerIRS 
 2.18596E+01  4.63823E-11  2.31911E-12  7.74946E-02 SpitzerIRS 
 2.20290E+01  4.52213E-11  2.26107E-12  7.68532E-02 SpitzerIRS 
 2.21983E+01  4.47792E-11  2.23896E-12  7.63122E-02 SpitzerIRS 
 2.23677E+01  4.53193E-11  2.26596E-12  7.56895E-02 SpitzerIRS 
 2.25370E+01  4.55096E-11  2.27548E-12  7.51653E-02 SpitzerIRS 
 2.27064E+01  4.42261E-11  2.21130E-12  7.45605E-02 SpitzerIRS 
 2.28757E+01  4.47650E-11  2.23825E-12  7.40524E-02 SpitzerIRS 
 2.30451E+01  4.50929E-11  2.25465E-12  7.35080E-02 SpitzerIRS 
 2.32145E+01  4.49692E-11  2.24846E-12  7.29286E-02 SpitzerIRS 
 2.33838E+01  4.43154E-11  2.21577E-12  7.24433E-02 SpitzerIRS 
 2.35532E+01  4.47273E-11  2.23636E-12  7.18798E-02 SpitzerIRS 
 2.37225E+01  4.53420E-11  2.26710E-12  7.14090E-02 SpitzerIRS 
 2.38919E+01  4.42275E-11  2.21137E-12  7.08608E-02 SpitzerIRS 
 2.40612E+01  4.40209E-11  2.20105E-12  7.04038E-02 SpitzerIRS 
 2.42306E+01  4.39681E-11  2.19840E-12  6.98703E-02 SpitzerIRS 
 2.43999E+01  4.25916E-11  2.12958E-12  6.94265E-02 SpitzerIRS 
 2.45693E+01  4.52752E-11  2.26376E-12  6.89071E-02 SpitzerIRS 
 2.47386E+01  4.42528E-11  2.21264E-12  6.84760E-02 SpitzerIRS 
 2.49080E+01  4.36112E-11  2.18056E-12  6.80103E-02 SpitzerIRS 
 2.50774E+01  4.38259E-11  2.19129E-12  6.75110E-02 SpitzerIRS 
 2.52467E+01  4.35688E-11  2.17844E-12  6.70583E-02 SpitzerIRS 
 2.54160E+01  4.21651E-11  2.10825E-12  6.66509E-02 SpitzerIRS 
 2.55854E+01  4.19914E-11  2.09957E-12  6.62096E-02 SpitzerIRS 
 2.57548E+01  4.24671E-11  2.12336E-12  6.57353E-02 SpitzerIRS 
 2.59241E+01  4.25344E-11  2.12672E-12  6.53446E-02 SpitzerIRS 
 2.60935E+01  4.22974E-11  2.11487E-12  6.48821E-02 SpitzerIRS 
 2.62628E+01  4.22518E-11  2.11259E-12  6.45019E-02 SpitzerIRS 
 2.64322E+01  4.25119E-11  2.12559E-12  6.40507E-02 SpitzerIRS 
 2.66015E+01  4.19866E-11  2.09933E-12  6.36806E-02 SpitzerIRS 
 2.67709E+01  4.21039E-11  2.10520E-12  6.32403E-02 SpitzerIRS 
 2.69402E+01  4.15667E-11  2.07833E-12  6.28800E-02 SpitzerIRS 
 2.71096E+01  4.22027E-11  2.11013E-12  6.24502E-02 SpitzerIRS 
 2.72789E+01  4.20957E-11  2.10479E-12  6.20993E-02 SpitzerIRS 
 2.74483E+01  4.25688E-11  2.12844E-12  6.16796E-02 SpitzerIRS 
 2.76176E+01  4.25358E-11  2.12679E-12  6.13377E-02 SpitzerIRS 
 2.77870E+01  4.20273E-11  2.10136E-12  6.09638E-02 SpitzerIRS 
 2.79564E+01  4.23002E-11  2.11501E-12  6.05586E-02 SpitzerIRS 
 2.81257E+01  4.17812E-11  2.08906E-12  6.02296E-02 SpitzerIRS 
 2.82951E+01  4.16328E-11  2.08164E-12  5.98337E-02 SpitzerIRS 
 2.84644E+01  4.08786E-11  2.04393E-12  5.95129E-02 SpitzerIRS 
 2.86338E+01  4.10021E-11  2.05011E-12  5.91259E-02 SpitzerIRS 
 2.88031E+01  4.02584E-11  2.01292E-12  5.88131E-02 SpitzerIRS 
 2.89725E+01  4.02124E-11  2.01062E-12  5.84347E-02 SpitzerIRS 
 2.91418E+01  3.98029E-11  1.99014E-12  5.81296E-02 SpitzerIRS 
 2.93112E+01  3.98797E-11  1.99398E-12  5.77595E-02 SpitzerIRS 
 2.94805E+01  4.00838E-11  2.00419E-12  5.74617E-02 SpitzerIRS 
 2.96499E+01  3.84009E-11  1.92004E-12  5.71334E-02 SpitzerIRS 
 2.98193E+01  3.76348E-11  1.88174E-12  5.67753E-02 SpitzerIRS 
 2.99886E+01  3.90648E-11  1.95324E-12  5.64881E-02 SpitzerIRS 
 3.01580E+01  3.96347E-11  1.98173E-12  5.61377E-02 SpitzerIRS 
 3.03273E+01  3.96002E-11  1.98001E-12  5.58573E-02 SpitzerIRS 
 3.04967E+01  3.98708E-11  1.99354E-12  5.55142E-02 SpitzerIRS 
 3.06660E+01  3.95305E-11  1.97652E-12  5.52403E-02 SpitzerIRS 
 3.08354E+01  3.91665E-11  1.95832E-12  5.49044E-02 SpitzerIRS 
 3.10047E+01  3.98190E-11  1.99095E-12  5.46369E-02 SpitzerIRS 
 3.11741E+01  3.97238E-11  1.98619E-12  5.43079E-02 SpitzerIRS 
 3.13434E+01  3.87153E-11  1.93577E-12  5.40465E-02 SpitzerIRS 
 3.15128E+01  3.88145E-11  1.94072E-12  5.37242E-02 SpitzerIRS 
 3.16821E+01  3.79333E-11  1.89667E-12  5.34687E-02 SpitzerIRS 
 3.18515E+01  3.98700E-11  1.99350E-12  5.31843E-02 SpitzerIRS 
 3.20209E+01  3.80956E-11  1.90478E-12  5.28717E-02 SpitzerIRS 
 3.21902E+01  3.94952E-11  1.97476E-12  5.26247E-02 SpitzerIRS 
 3.23596E+01  3.95646E-11  1.97823E-12  5.23183E-02 SpitzerIRS 
 3.25289E+01  4.07641E-11  2.03821E-12  5.20768E-02 SpitzerIRS 
 3.26983E+01  3.86752E-11  1.93376E-12  5.17764E-02 SpitzerIRS 
 3.28676E+01  3.81778E-11  1.90889E-12  5.15401E-02 SpitzerIRS 
 3.30370E+01  3.83423E-11  1.91711E-12  5.12456E-02 SpitzerIRS 
 3.32063E+01  3.84998E-11  1.92499E-12  5.10144E-02 SpitzerIRS 
 3.33757E+01  3.95861E-11  1.97931E-12  5.07255E-02 SpitzerIRS 
 3.35450E+01  3.95410E-11  1.97705E-12  5.04993E-02 SpitzerIRS 
 3.37144E+01  3.72509E-11  1.86254E-12  5.02159E-02 SpitzerIRS 
 3.38837E+01  3.93333E-11  1.96666E-12  4.99945E-02 SpitzerIRS 
 3.40531E+01  4.21414E-11  2.10707E-12  4.97458E-02 SpitzerIRS 
 3.42225E+01  3.91471E-11  1.95736E-12  4.94704E-02 SpitzerIRS 
 3.43918E+01  3.81926E-11  1.90963E-12  4.92559E-02 SpitzerIRS 
 3.45612E+01  3.95520E-11  1.97760E-12  4.89856E-02 SpitzerIRS 
 3.47305E+01  3.98650E-11  1.99325E-12  4.87756E-02 SpitzerIRS 
 3.48999E+01  3.95865E-11  2.11745E-12  4.85102E-02 SpitzerIRS 
 3.50692E+01  3.79241E-11  1.89621E-12  4.83045E-02 SpitzerIRS 
 3.52386E+01  3.54865E-11  1.77432E-12  4.80439E-02 SpitzerIRS 
 3.54079E+01  3.61660E-11  1.80830E-12  4.78424E-02 SpitzerIRS 
 3.55773E+01  3.80988E-11  1.90494E-12  4.75865E-02 SpitzerIRS 
 3.57466E+01  3.62041E-11  1.81021E-12  4.73891E-02 SpitzerIRS 
 3.59160E+01  3.98930E-11  1.99465E-12  4.71378E-02 SpitzerIRS 
 3.60853E+01  3.77809E-11  2.31707E-12  4.69443E-02 SpitzerIRS 
 3.62547E+01  3.86951E-11  4.38757E-12  4.66974E-02 SpitzerIRS 
 3.64240E+01  3.54164E-11  3.43958E-12  4.65078E-02 SpitzerIRS 
 3.65934E+01  3.72645E-11  1.86323E-12  4.62925E-02 SpitzerIRS 
 3.67628E+01  3.87939E-11  1.93970E-12  4.60520E-02 SpitzerIRS 
 3.69321E+01  3.89505E-11  1.94753E-12  4.58409E-02 SpitzerIRS 
 1.91388E+02  1.32637E-11  1.98194E-12  4.80769E-02 SPIREspec 
 1.92308E+02  1.39566E-11  1.64613E-12  4.83092E-02 SPIREspec 
 1.93237E+02  1.42740E-11  1.41001E-12  4.85437E-02 SPIREspec 
 1.94175E+02  1.44575E-11  1.23510E-12  4.87805E-02 SPIREspec 
 1.95122E+02  1.45717E-11  1.12416E-12  4.90196E-02 SPIREspec 
 1.96078E+02  1.46701E-11  1.04017E-12  4.92611E-02 SPIREspec 
 1.97044E+02  1.46965E-11  9.62406E-13  4.95049E-02 SPIREspec 
 1.98020E+02  1.46204E-11  8.99333E-13  4.97512E-02 SPIREspec 
 1.99005E+02  1.44679E-11  8.41597E-13  5.00000E-02 SPIREspec 
 2.00000E+02  1.42696E-11  7.76597E-13  5.02513E-02 SPIREspec 
 2.01005E+02  1.40847E-11  7.31535E-13  5.05051E-02 SPIREspec 
 2.02020E+02  1.39532E-11  7.27058E-13  5.07614E-02 SPIREspec 
 2.03046E+02  1.38228E-11  7.27741E-13  5.10204E-02 SPIREspec 
 2.04082E+02  1.36460E-11  7.01190E-13  5.12820E-02 SPIREspec 
 2.05128E+02  1.33570E-11  6.67850E-13  5.15464E-02 SPIREspec 
 2.06186E+02  1.29936E-11  6.49678E-13  5.18135E-02 SPIREspec 
 2.07254E+02  1.26532E-11  6.32661E-13  5.20833E-02 SPIREspec 
 2.08333E+02  1.24686E-11  6.23430E-13  5.23560E-02 SPIREspec 
 2.09424E+02  1.25516E-11  6.27579E-13  5.26316E-02 SPIREspec 
 2.10526E+02  1.28642E-11  6.43212E-13  5.29100E-02 SPIREspec 
 2.11640E+02  1.32678E-11  6.63388E-13  5.31915E-02 SPIREspec 
 2.12766E+02  1.35628E-11  6.78142E-13  5.34759E-02 SPIREspec 
 2.13904E+02  1.36158E-11  6.80789E-13  5.37634E-02 SPIREspec 
 2.15054E+02  1.33828E-11  6.69142E-13  5.40541E-02 SPIREspec 
 2.16216E+02  1.29542E-11  6.47708E-13  5.43478E-02 SPIREspec 
 2.17391E+02  1.25328E-11  6.26642E-13  5.46448E-02 SPIREspec 
 2.18579E+02  1.22506E-11  6.12532E-13  5.49451E-02 SPIREspec 
 2.19780E+02  1.21536E-11  6.07679E-13  5.52486E-02 SPIREspec 
 2.20994E+02  1.21410E-11  6.07051E-13  5.55556E-02 SPIREspec 
 2.22222E+02  1.20837E-11  6.08348E-13  5.58659E-02 SPIREspec 
 2.23464E+02  1.18853E-11  5.94266E-13  5.61798E-02 SPIREspec 
 2.24719E+02  1.15833E-11  5.79163E-13  5.64972E-02 SPIREspec 
 2.25989E+02  1.13291E-11  5.66454E-13  5.68182E-02 SPIREspec 
 2.27273E+02  1.12528E-11  6.01438E-13  5.71429E-02 SPIREspec 
 2.28571E+02  1.14076E-11  6.50156E-13  5.74713E-02 SPIREspec 
 2.29885E+02  1.16849E-11  6.39960E-13  5.78035E-02 SPIREspec 
 2.31214E+02  1.19254E-11  6.10000E-13  5.81395E-02 SPIREspec 
 2.32558E+02  1.19619E-11  5.99796E-13  5.84795E-02 SPIREspec 
 2.33918E+02  1.17417E-11  6.04473E-13  5.88235E-02 SPIREspec 
 2.35294E+02  1.13587E-11  6.14596E-13  5.91716E-02 SPIREspec 
 2.36686E+02  1.09968E-11  6.29524E-13  5.95238E-02 SPIREspec 
 2.38095E+02  1.08207E-11  6.27159E-13  5.98802E-02 SPIREspec 
 2.39521E+02  1.08476E-11  5.87554E-13  6.02410E-02 SPIREspec 
 2.40964E+02  1.09730E-11  5.48651E-13  6.06061E-02 SPIREspec 
 2.42424E+02  1.10393E-11  5.51967E-13  6.09756E-02 SPIREspec 
 2.43902E+02  1.09584E-11  5.47921E-13  6.13497E-02 SPIREspec 
 2.45399E+02  1.07508E-11  5.37539E-13  6.17284E-02 SPIREspec 
 2.46914E+02  1.05553E-11  5.38225E-13  6.21118E-02 SPIREspec 
 2.48447E+02  1.05038E-11  5.25192E-13  6.25000E-02 SPIREspec 
 2.50000E+02  1.06367E-11  5.31834E-13  6.28931E-02 SPIREspec 
 2.51572E+02  1.08742E-11  5.43708E-13  6.32911E-02 SPIREspec 
 2.53165E+02  1.10724E-11  5.53620E-13  6.36943E-02 SPIREspec 
 2.54777E+02  1.10978E-11  5.54890E-13  6.41026E-02 SPIREspec 
 2.56410E+02  1.08998E-11  5.53425E-13  6.45161E-02 SPIREspec 
 2.58065E+02  1.05390E-11  5.55279E-13  6.49351E-02 SPIREspec 
 2.59740E+02  1.01678E-11  5.39577E-13  6.53595E-02 SPIREspec 
 2.61438E+02  9.91952E-12  5.03954E-13  6.57895E-02 SPIREspec 
 2.63158E+02  9.86672E-12  4.93336E-13  6.62252E-02 SPIREspec 
 2.64901E+02  9.97273E-12  4.98637E-13  6.66667E-02 SPIREspec 
 2.66667E+02  1.01467E-11  5.07337E-13  6.71141E-02 SPIREspec 
 2.68456E+02  1.02870E-11  5.14352E-13  6.75676E-02 SPIREspec 
 2.70270E+02  1.03293E-11  5.16465E-13  6.80272E-02 SPIREspec 
 2.72109E+02  1.02562E-11  5.12810E-13  6.84931E-02 SPIREspec 
 2.73973E+02  1.00917E-11  5.04585E-13  6.89655E-02 SPIREspec 
 2.75862E+02  9.87844E-12  4.93922E-13  6.94444E-02 SPIREspec 
 2.77778E+02  9.66263E-12  4.91362E-13  6.99301E-02 SPIREspec 
 2.79720E+02  9.48673E-12  4.74337E-13  7.04225E-02 SPIREspec 
 2.81690E+02  9.38718E-12  4.69359E-13  7.09220E-02 SPIREspec 
 2.83688E+02  9.38259E-12  4.69130E-13  7.14286E-02 SPIREspec 
 2.85714E+02  9.45370E-12  4.72685E-13  7.19424E-02 SPIREspec 
 2.87770E+02  9.53515E-12  4.76758E-13  7.24638E-02 SPIREspec 
 2.89855E+02  9.54451E-12  4.92919E-13  7.29927E-02 SPIREspec 
 2.91971E+02  9.42583E-12  5.14298E-13  7.35294E-02 SPIREspec 
 2.94118E+02  9.18689E-12  5.43906E-13  7.40741E-02 SPIREspec 
 2.96296E+02  9.12726E-12  7.87782E-13  7.46269E-02 SPIREspec 
 2.98507E+02  8.21880E-12  8.61211E-13  7.51880E-02 SPIREspec 
 3.00752E+02  8.41172E-12  6.50253E-13  7.57576E-02 SPIREspec 
 3.03030E+02  9.01595E-12  5.17778E-13  7.63359E-02 SPIREspec 
 3.05344E+02  9.42816E-12  5.59536E-13  7.69231E-02 SPIREspec 
 3.07692E+02  9.73253E-12  6.14059E-13  7.75194E-02 SPIREspec 
 3.10078E+02  1.02835E-11  6.44319E-13  7.81250E-02 SPIREspec 
 3.12500E+02  1.05253E-11  5.53038E-13  7.87402E-02 SPIREspec 
 3.14961E+02  9.72589E-12  7.19259E-13  7.93651E-02 SPIREspec 
 3.17460E+02  8.52893E-12  1.14810E-12  8.00000E-02 SPIREspec 
 3.20000E+02  9.66136E-12  5.07436E-13  8.06452E-02 SPIREspec 
 3.22581E+02  9.93044E-12  4.96522E-13  8.13008E-02 SPIREspec 
 3.25203E+02  1.03192E-11  5.15961E-13  8.19672E-02 SPIREspec 
 3.27869E+02  1.04442E-11  5.27864E-13  8.26446E-02 SPIREspec 
 3.30579E+02  9.98775E-12  5.57735E-13  8.33333E-02 SPIREspec 
 3.33333E+02  9.06332E-12  5.29365E-13  8.40336E-02 SPIREspec 
 3.36134E+02  8.12163E-12  4.50838E-13  8.47458E-02 SPIREspec 
 3.38983E+02  7.52169E-12  3.77412E-13  8.54701E-02 SPIREspec 
 3.41880E+02  7.36908E-12  3.68454E-13  8.62069E-02 SPIREspec 
 3.44828E+02  7.58053E-12  3.79026E-13  8.69565E-02 SPIREspec 
 3.47826E+02  7.94660E-12  3.97330E-13  8.77193E-02 SPIREspec 
 3.50877E+02  8.19508E-12  4.09754E-13  8.84956E-02 SPIREspec 
 3.53982E+02  8.14465E-12  4.07233E-13  8.92857E-02 SPIREspec 
 3.57143E+02  7.84485E-12  3.92242E-13  9.00901E-02 SPIREspec 
 3.60360E+02  7.49289E-12  3.74645E-13  9.09091E-02 SPIREspec 
 3.63636E+02  7.25436E-12  3.62718E-13  9.17431E-02 SPIREspec 
 3.66972E+02  7.17920E-12  3.58960E-13  9.25926E-02 SPIREspec 
 3.70370E+02  7.21788E-12  3.60894E-13  9.34580E-02 SPIREspec 
 3.73832E+02  7.26625E-12  3.63313E-13  9.43396E-02 SPIREspec 
 3.77358E+02  7.22378E-12  3.61189E-13  9.52381E-02 SPIREspec 
 3.80952E+02  7.05046E-12  3.52523E-13  9.61538E-02 SPIREspec 
 3.84615E+02  6.78729E-12  3.39365E-13  9.70874E-02 SPIREspec 
 3.88350E+02  6.51597E-12  3.25798E-13  9.80392E-02 SPIREspec 
 3.92157E+02  6.30724E-12  3.15362E-13  9.90099E-02 SPIREspec 
 3.96040E+02  6.18538E-12  3.09269E-13  1.00000E-01 SPIREspec 
 4.00000E+02  6.12646E-12  3.06323E-13  1.01010E-01 SPIREspec 
 4.04040E+02  6.07235E-12  3.03617E-13  1.02041E-01 SPIREspec 
 4.08163E+02  5.97045E-12  2.98523E-13  1.03093E-01 SPIREspec 
 4.12371E+02  5.80402E-12  2.90201E-13  1.04167E-01 SPIREspec 
 4.16667E+02  5.59155E-12  2.79578E-13  1.05263E-01 SPIREspec 
 4.21053E+02  5.36831E-12  2.68416E-13  1.06383E-01 SPIREspec 
 4.25532E+02  5.16744E-12  2.58372E-13  1.07527E-01 SPIREspec 
 4.30108E+02  5.01636E-12  2.50818E-13  1.08696E-01 SPIREspec 
 4.34783E+02  4.92614E-12  2.46307E-13  1.09890E-01 SPIREspec 
 4.39560E+02  4.87980E-12  2.43990E-13  1.11111E-01 SPIREspec 
 4.44444E+02  4.84112E-12  2.42056E-13  1.12360E-01 SPIREspec 
 4.49438E+02  4.78032E-12  2.39016E-13  1.13636E-01 SPIREspec 
 4.54545E+02  4.69272E-12  2.34636E-13  1.14943E-01 SPIREspec 
 4.59770E+02  4.59079E-12  2.31895E-13  1.16279E-01 SPIREspec 
 4.65116E+02  4.49672E-12  2.56281E-13  1.17647E-01 SPIREspec 
 4.70588E+02  4.43078E-12  2.73763E-13  1.19048E-01 SPIREspec 
 4.76190E+02  4.39813E-12  2.76416E-13  1.20482E-01 SPIREspec 
 4.81928E+02  4.38493E-12  2.70165E-13  1.21951E-01 SPIREspec 
 4.87805E+02  4.36873E-12  2.69442E-13  1.23457E-01 SPIREspec 
 4.93827E+02  4.33526E-12  2.84994E-13  1.25000E-01 SPIREspec 
 5.00000E+02  4.27277E-12  3.16377E-13  1.26582E-01 SPIREspec 
 5.06329E+02  4.16908E-12  3.54609E-13  1.28205E-01 SPIREspec 
 5.12821E+02  4.01851E-12  3.83904E-13  1.29870E-01 SPIREspec 
 5.19481E+02  3.84558E-12  3.86565E-13  1.31579E-01 SPIREspec 
 5.26316E+02  3.69855E-12  3.59165E-13  1.33333E-01 SPIREspec 
 5.33333E+02  3.62035E-12  3.22331E-13  1.35135E-01 SPIREspec 
 5.40541E+02  3.62230E-12  3.01900E-13  1.36986E-01 SPIREspec 
 5.47945E+02  3.68103E-12  3.00085E-13  1.38889E-01 SPIREspec 
 5.55556E+02  3.75017E-12  2.98872E-13  1.40845E-01 SPIREspec 
 5.63380E+02  3.77993E-12  2.91800E-13  1.42857E-01 SPIREspec 
 5.71429E+02  3.74591E-12  2.99216E-13  1.44928E-01 SPIREspec 
 5.79710E+02  3.66717E-12  3.31886E-13  1.47059E-01 SPIREspec 
 5.88235E+02  3.59676E-12  3.58048E-13  1.49254E-01 SPIREspec 
 5.97015E+02  3.57735E-12  3.49684E-13  1.51515E-01 SPIREspec 
 6.06061E+02  3.60418E-12  3.17971E-13  1.53846E-01 SPIREspec 
 6.15385E+02  3.62030E-12  2.99147E-13  1.56250E-01 SPIREspec 
 6.25000E+02  3.55508E-12  3.13295E-13  1.58730E-01 SPIREspec 
 6.34921E+02  3.37693E-12  3.49139E-13  1.61290E-01 SPIREspec 
 6.45161E+02  3.11728E-12  4.01417E-13  1.63934E-01 SPIREspec 
 6.55738E+02  2.84854E-12  4.80756E-13  1.66667E-01 SPIREspec 
 6.66667E+02  2.65070E-12  5.95037E-13  1.63934E-01 SPIREspec 
 1.15288E-01  9.56329E-13  4.78165E-14  4.99967E-02 <UV> 
 1.15864E-01  6.53216E-13  3.26608E-14  5.00069E-02 <UV> 
 1.16443E-01  8.07810E-13  4.03905E-14  4.99986E-02 <UV> 
 1.17026E-01  1.19709E-12  5.98544E-14  4.99977E-02 <UV> 
 1.17611E-01  2.44866E-12  1.22433E-13  5.00040E-02 <UV> 
 1.18199E-01  9.21205E-13  4.60603E-14  4.99921E-02 <UV> 
 1.18790E-01  8.19921E-13  4.09961E-14  5.00044E-02 <UV> 
 1.19384E-01  9.02784E-13  4.51392E-14  4.99985E-02 <UV> 
 1.19981E-01  1.40112E-12  7.00560E-14  4.99998E-02 <UV> 
 1.20580E-01  2.80232E-12  1.40116E-13  4.99998E-02 <UV> 
 1.21183E-01  6.29595E-12  3.14797E-13  4.99986E-02 <UV> 
 1.21789E-01  7.95715E-12  3.97857E-13  5.00044E-02 <UV> 
 1.22398E-01  3.08991E-12  1.54495E-13  5.00007E-02 <UV> 
 1.23010E-01  1.85718E-12  9.28592E-14  4.99959E-02 <UV> 
 1.23625E-01  2.62042E-12  1.31021E-13  4.99979E-02 <UV> 
 1.24243E-01  2.29172E-12  1.14586E-13  5.00067E-02 <UV> 
 1.24865E-01  1.77601E-12  8.88006E-14  4.99982E-02 <UV> 
 1.25489E-01  2.07188E-12  1.03594E-13  4.99965E-02 <UV> 
 1.26116E-01  1.57235E-12  7.86177E-14  5.00015E-02 <UV> 
 1.26747E-01  2.25729E-12  1.12864E-13  4.99973E-02 <UV> 
 1.27381E-01  2.92225E-12  1.46113E-13  5.00076E-02 <UV> 
 1.28018E-01  2.83367E-12  1.41683E-13  4.99931E-02 <UV> 
 1.28658E-01  1.90960E-12  9.54800E-14  5.00009E-02 <UV> 
 1.29301E-01  2.12373E-12  1.06186E-13  4.99997E-02 <UV> 
 1.29947E-01  3.16691E-12  1.58345E-13  5.00048E-02 <UV> 
 1.30597E-01  6.44829E-12  3.22414E-13  5.00011E-02 <UV> 
 1.31250E-01  2.40322E-12  1.20161E-13  4.99961E-02 <UV> 
 1.31906E-01  2.60540E-12  1.30270E-13  4.99976E-02 <UV> 
 1.32566E-01  2.23617E-12  1.11809E-13  5.00053E-02 <UV> 
 1.33229E-01  4.37230E-12  2.18615E-13  4.99967E-02 <UV> 
 1.33895E-01  4.26688E-12  2.13344E-13  5.00019E-02 <UV> 
 1.34564E-01  2.49764E-12  1.24882E-13  4.99984E-02 <UV> 
 1.35237E-01  2.95073E-12  1.47536E-13  5.00010E-02 <UV> 
 1.35913E-01  2.52356E-12  1.26178E-13  5.00024E-02 <UV> 
 1.36593E-01  2.09344E-12  1.04672E-13  4.99952E-02 <UV> 
 1.37276E-01  2.56565E-12  1.28282E-13  5.00015E-02 <UV> 
 1.37962E-01  2.39246E-12  1.19623E-13  4.99992E-02 <UV> 
 1.38652E-01  2.35602E-12  1.17801E-13  5.00028E-02 <UV> 
 1.39345E-01  4.59370E-12  2.29685E-13  4.99981E-02 <UV> 
 1.40042E-01  5.53459E-12  2.76729E-13  4.99993E-02 <UV> 
 1.40742E-01  2.86284E-12  1.43142E-13  4.99992E-02 <UV> 
 1.41446E-01  2.69515E-12  1.34758E-13  5.00049E-02 <UV> 
 1.42153E-01  2.41814E-12  1.20907E-13  4.99953E-02 <UV> 
 1.42864E-01  2.93184E-12  1.46592E-13  4.99986E-02 <UV> 
 1.43578E-01  3.31550E-12  1.65775E-13  5.00006E-02 <UV> 
 1.44296E-01  4.15611E-12  2.07805E-13  5.00013E-02 <UV> 
 1.45018E-01  2.69623E-12  1.34811E-13  5.00008E-02 <UV> 
 1.45743E-01  5.26608E-12  2.63304E-13  4.99990E-02 <UV> 
 1.46472E-01  4.51870E-12  2.25935E-13  5.00029E-02 <UV> 
 1.47204E-01  3.21063E-12  1.60532E-13  4.99987E-02 <UV> 
 1.47940E-01  3.00780E-12  1.50390E-13  5.00000E-02 <UV> 
 1.48680E-01  4.41097E-12  2.20548E-13  5.00001E-02 <UV> 
 1.49423E-01  3.29410E-12  1.64705E-13  4.99990E-02 <UV> 
 1.50170E-01  5.01343E-12  2.50671E-13  5.00033E-02 <UV> 
 1.50921E-01  3.23560E-12  1.61780E-13  4.99997E-02 <UV> 
 1.51676E-01  4.66349E-12  2.33175E-13  4.99949E-02 <UV> 
 1.52434E-01  5.21960E-12  2.60980E-13  5.00020E-02 <UV> 
 1.53196E-01  3.26726E-12  1.63363E-13  5.00013E-02 <UV> 
 1.53962E-01  3.83396E-12  1.91698E-13  4.99993E-02 <UV> 
 1.54732E-01  1.63295E-11  8.16474E-13  5.00026E-02 <UV> 
 1.55506E-01  7.76981E-12  3.88490E-13  4.99982E-02 <UV> 
 1.56283E-01  5.11810E-12  2.55905E-13  4.99990E-02 <UV> 
 1.57064E-01  4.33365E-12  2.16682E-13  4.99986E-02 <UV> 
 1.57850E-01  5.42045E-12  2.71023E-13  5.00032E-02 <UV> 
 1.58639E-01  5.75557E-12  2.87778E-13  5.00003E-02 <UV> 
 1.59432E-01  7.01953E-12  3.50977E-13  4.99961E-02 <UV> 
 1.60229E-01  7.97080E-12  3.98540E-13  5.00033E-02 <UV> 
 1.61031E-01  7.45799E-12  3.72899E-13  4.99967E-02 <UV> 
 1.61836E-01  7.02092E-12  3.51046E-13  5.00013E-02 <UV> 
 1.62645E-01  4.46787E-12  2.23394E-13  4.99985E-02 <UV> 
 1.63458E-01  5.62466E-12  2.81233E-13  5.00006E-02 <UV> 
 1.64275E-01  1.94872E-11  9.74358E-13  5.00014E-02 <UV> 
 1.65097E-01  4.16224E-12  2.08112E-13  5.00010E-02 <UV> 
 1.65922E-01  6.01039E-12  3.00519E-13  4.99993E-02 <UV> 
 1.66752E-01  3.90456E-12  1.95228E-13  5.00024E-02 <UV> 
 1.67586E-01  3.73269E-12  1.86634E-13  4.99983E-02 <UV> 
 1.68424E-01  3.73506E-12  1.86753E-13  4.99989E-02 <UV> 
 1.69266E-01  3.65492E-12  1.82746E-13  4.99983E-02 <UV> 
 1.70112E-01  3.83016E-12  1.91508E-13  5.00024E-02 <UV> 
 1.70963E-01  3.99495E-12  1.99748E-13  4.99992E-02 <UV> 
 1.71817E-01  3.76950E-12  1.88475E-13  5.00008E-02 <UV> 
 1.72677E-01  3.33457E-12  1.66729E-13  5.00010E-02 <UV> 
 1.73540E-01  3.08877E-12  1.54438E-13  5.00000E-02 <UV> 
 1.74408E-01  3.80924E-12  1.90462E-13  4.99978E-02 <UV> 
 1.75280E-01  3.65954E-12  1.82977E-13  5.00001E-02 <UV> 
 1.76156E-01  3.11040E-12  1.55520E-13  5.00011E-02 <UV> 
 1.77037E-01  3.57297E-12  1.78649E-13  5.00009E-02 <UV> 
 1.77922E-01  4.28305E-12  2.14152E-13  4.99994E-02 <UV> 
 1.78812E-01  3.83038E-12  1.91519E-13  4.99968E-02 <UV> 
 1.79706E-01  4.65193E-12  2.42689E-13  5.00040E-02 <UV> 
 1.80604E-01  5.26768E-12  3.04515E-13  4.99988E-02 <UV> 
 1.81507E-01  4.87717E-12  2.86121E-13  4.99980E-02 <UV> 
 1.82415E-01  4.64143E-12  2.73845E-13  5.00015E-02 <UV> 
 1.83327E-01  5.23330E-12  2.84490E-13  4.99981E-02 <UV> 
 1.84243E-01  4.57539E-12  2.62436E-13  5.00045E-02 <UV> 
 1.85165E-01  5.34508E-12  2.77136E-13  4.99987E-02 <UV> 
 1.86091E-01  4.99698E-12  2.63647E-13  4.99972E-02 <UV> 
 1.87021E-01  4.91195E-12  2.56232E-13  4.99998E-02 <UV> 
 1.87956E-01  5.13795E-12  2.57675E-13  5.00011E-02 <UV> 
 1.88896E-01  5.47488E-12  2.73744E-13  5.00011E-02 <UV> 
 1.89840E-01  4.95998E-12  2.47999E-13  4.99999E-02 <UV> 
 1.90790E-01  5.16068E-12  2.58034E-13  4.99975E-02 <UV> 
 1.91743E-01  5.52269E-12  2.76134E-13  5.00043E-02 <UV> 
 1.92702E-01  5.37373E-12  2.68687E-13  4.99994E-02 <UV> 
 1.93666E-01  5.41445E-12  2.70722E-13  4.99985E-02 <UV> 
 1.94634E-01  5.29202E-12  2.64601E-13  5.00015E-02 <UV> 
 1.95607E-01  5.55554E-12  2.77777E-13  4.99982E-02 <UV> 
 1.96585E-01  5.39986E-12  2.69993E-13  4.99987E-02 <UV> 
 1.97568E-01  5.39604E-12  2.69802E-13  5.00030E-02 <UV> 
 1.98556E-01  5.41736E-12  2.70868E-13  5.00010E-02 <UV> 
 1.99549E-01  6.04647E-12  3.02323E-13  4.99978E-02 <UV> 
 2.00546E-01  5.18130E-12  2.59065E-13  4.99984E-02 <UV> 
 2.01549E-01  5.42188E-12  2.71094E-13  5.00027E-02 <UV> 
 2.02557E-01  4.87575E-12  2.43787E-13  5.00007E-02 <UV> 
 2.03570E-01  5.80811E-12  2.90406E-13  4.99976E-02 <UV> 
 2.04588E-01  5.47579E-12  2.73789E-13  4.99981E-02 <UV> 
 2.05611E-01  5.30672E-12  2.65336E-13  5.00023E-02 <UV> 
 2.06639E-01  5.30210E-12  2.65105E-13  5.00003E-02 <UV> 
 2.07672E-01  5.24978E-12  2.62489E-13  5.00020E-02 <UV> 
 2.08710E-01  5.45669E-12  2.72834E-13  4.99976E-02 <UV> 
 2.09754E-01  5.70616E-12  2.85308E-13  5.00015E-02 <UV> 
 2.10803E-01  5.82574E-12  2.91287E-13  4.99994E-02 <UV> 
 2.11857E-01  5.72269E-12  2.86134E-13  5.00008E-02 <UV> 
 2.12916E-01  5.65051E-12  2.82525E-13  4.99963E-02 <UV> 
 2.13980E-01  5.88009E-12  2.94005E-13  4.99999E-02 <UV> 
 2.15050E-01  5.89182E-12  2.94591E-13  5.00023E-02 <UV> 
 2.16126E-01  5.87420E-12  2.93710E-13  4.99987E-02 <UV> 
 2.17206E-01  5.67744E-12  2.83872E-13  5.00032E-02 <UV> 
 2.18292E-01  5.87771E-12  2.93886E-13  4.99972E-02 <UV> 
 2.19384E-01  6.19311E-12  3.09656E-13  4.99992E-02 <UV> 
 2.20480E-01  6.18168E-12  3.09084E-13  4.99999E-02 <UV> 
 2.21583E-01  6.24274E-12  3.12137E-13  5.00039E-02 <UV> 
 2.22691E-01  6.39488E-12  3.19744E-13  4.99976E-02 <UV> 
 2.23804E-01  6.68580E-12  3.34290E-13  4.99990E-02 <UV> 
 2.24923E-01  6.74165E-12  3.37082E-13  4.99993E-02 <UV> 
 2.26048E-01  6.89249E-12  3.44625E-13  5.00027E-02 <UV> 
 2.27178E-01  7.10672E-12  3.55336E-13  5.00004E-02 <UV> 
 2.28314E-01  6.91805E-12  3.45903E-13  4.99969E-02 <UV> 
 2.29456E-01  7.50022E-12  3.75011E-13  5.00010E-02 <UV> 
 2.30603E-01  7.67158E-12  3.83579E-13  4.99994E-02 <UV> 
 2.31756E-01  8.55490E-12  4.27745E-13  5.00009E-02 <UV> 
 2.32915E-01  1.15813E-11  5.79066E-13  5.00011E-02 <UV> 
 2.34079E-01  8.48898E-12  4.24449E-13  5.00001E-02 <UV> 
 2.35250E-01  8.71205E-12  4.35602E-13  4.99979E-02 <UV> 
 2.36426E-01  8.46301E-12  4.23150E-13  5.00030E-02 <UV> 
 2.37608E-01  8.64340E-12  4.32170E-13  4.99983E-02 <UV> 
 2.38796E-01  8.95889E-12  4.47944E-13  5.00008E-02 <UV> 
 2.39990E-01  8.95852E-12  4.47926E-13  4.99979E-02 <UV> 
 2.41190E-01  9.29966E-12  4.64983E-13  5.00021E-02 <UV> 
 2.42396E-01  8.95566E-12  4.47783E-13  5.00008E-02 <UV> 
 2.43608E-01  9.52161E-12  4.76081E-13  4.99984E-02 <UV> 
 2.44826E-01  9.45885E-12  4.72943E-13  4.99988E-02 <UV> 
 2.46050E-01  9.84107E-12  4.92053E-13  5.00020E-02 <UV> 
 2.47280E-01  1.01297E-11  5.06486E-13  4.99999E-02 <UV> 
 2.48517E-01  1.04516E-11  5.22582E-13  5.00006E-02 <UV> 
 2.49759E-01  1.04092E-11  5.20459E-13  5.00001E-02 <UV> 
 2.51008E-01  1.05623E-11  5.28115E-13  4.99984E-02 <UV> 
 2.52263E-01  1.07696E-11  5.38480E-13  4.99994E-02 <UV> 
 2.53524E-01  1.09543E-11  5.47717E-13  4.99991E-02 <UV> 
 2.54792E-01  1.09014E-11  5.45068E-13  5.00016E-02 <UV> 
 2.56066E-01  1.10505E-11  5.52525E-13  4.99988E-02 <UV> 
 2.57346E-01  1.14672E-11  5.73360E-13  5.00026E-02 <UV> 
 2.58633E-01  1.15565E-11  5.77824E-13  4.99974E-02 <UV> 
 2.59926E-01  1.22490E-11  6.12449E-13  5.00026E-02 <UV> 
 2.61226E-01  1.27948E-11  6.39740E-13  4.99989E-02 <UV> 
 2.62532E-01  1.38198E-11  6.90990E-13  5.00015E-02 <UV> 
 2.63845E-01  1.29248E-11  6.46239E-13  4.99991E-02 <UV> 
 2.65164E-01  1.26556E-11  6.32782E-13  4.99992E-02 <UV> 
 2.66490E-01  1.30887E-11  6.54436E-13  5.00019E-02 <UV> 
 2.67822E-01  1.28521E-11  6.42603E-13  4.99996E-02 <UV> 
 2.69161E-01  1.32166E-11  6.60829E-13  4.99997E-02 <UV> 
 2.70507E-01  1.35326E-11  6.76632E-13  4.99987E-02 <UV> 
 2.71860E-01  1.35547E-11  6.77735E-13  5.00001E-02 <UV> 
 2.73219E-01  1.42943E-11  7.14714E-13  5.00002E-02 <UV> 
 2.74585E-01  1.51538E-11  7.57690E-13  4.99991E-02 <UV> 
 2.75958E-01  1.49480E-11  7.47398E-13  5.00004E-02 <UV> 
 2.77338E-01  1.49217E-11  7.46087E-13  5.00004E-02 <UV> 
 2.78724E-01  1.61808E-11  8.09038E-13  4.99992E-02 <UV> 
 2.80118E-01  2.38144E-11  1.19072E-12  5.00003E-02 <UV> 
 2.81519E-01  1.54609E-11  7.73046E-13  5.00002E-02 <UV> 
 2.82926E-01  1.59704E-11  7.98521E-13  4.99989E-02 <UV> 
 2.84341E-01  1.66292E-11  8.31460E-13  4.99998E-02 <UV> 
 2.85763E-01  1.63632E-11  8.18160E-13  5.00030E-02 <UV> 
 2.87191E-01  1.66704E-11  8.33522E-13  4.99980E-02 <UV> 
 2.88627E-01  1.67739E-11  8.38695E-13  5.00022E-02 <UV> 
 2.90071E-01  1.70995E-11  8.54973E-13  4.99982E-02 <UV> 
 2.91521E-01  1.71419E-11  8.57093E-13  4.99998E-02 <UV> 
 2.92978E-01  1.73685E-11  8.68423E-13  5.00003E-02 <UV> 
 2.94443E-01  1.78043E-11  8.90213E-13  4.99994E-02 <UV> 
 2.95916E-01  1.85306E-11  9.26532E-13  5.00007E-02 <UV> 
 2.97395E-01  1.83795E-11  9.18973E-13  5.00008E-02 <UV> 
 2.98882E-01  1.85429E-11  9.27145E-13  4.99996E-02 <UV> 
 3.00377E-01  1.94734E-11  9.73672E-13  5.00006E-02 <UV> 
 3.01878E-01  1.95033E-11  9.75167E-13  5.00002E-02 <UV> 
 3.03388E-01  1.91103E-11  9.55517E-13  4.99987E-02 <UV> 
 3.04905E-01  1.99753E-11  9.98764E-13  4.99992E-02 <UV> 
 3.06429E-01  2.03788E-11  1.01894E-12  5.00017E-02 <UV> 
 3.07961E-01  2.10698E-11  1.05349E-12  4.99998E-02 <UV> 
 3.09501E-01  2.07373E-11  1.03687E-12  4.99998E-02 <UV> 
 3.11049E-01  2.09016E-11  1.04508E-12  4.99986E-02 <UV> 
 3.12604E-01  2.18934E-11  1.09467E-12  5.00026E-02 <UV> 
 3.14167E-01  2.16272E-11  1.08136E-12  4.99989E-02 <UV> 
 3.15738E-01  1.85551E-11  1.76424E-12  4.97501E-02 <UV> 
