 1.53000E-01  1.12079E-12  5.60396E-14  1.00000E+00 GALEX.FUV 
 2.31000E-01  2.69943E-12  1.34971E-13  1.00000E+00 GALEX.NUV 
 3.51600E-01  3.50440E-11  1.75220E-12  1.00000E+00 SDSS.U 
 3.52000E-01  1.78002E-11  8.90009E-13  1.00000E+00 SDSS.U 
 4.43400E-01  9.60093E-11  2.88028E-11  1.00000E+00 USNOB1.B1 
 4.44000E-01  8.98027E-11  3.78117E-11  1.00000E+00 JOHNSON.B 
 4.44000E-01  9.65548E-11  8.10250E-12  1.00000E+00 JOHNSON.B 
 4.44000E-01  1.03307E-10  9.45292E-12  1.00000E+00 JOHNSON.B 
 4.67700E-01  1.15379E-10  5.76894E-12  1.00000E+00 SDSS.G 
 4.82000E-01  1.38701E-10  8.70766E-12  1.00000E+00 SDSS.G 
 5.49300E-01  2.30861E-10  4.18607E-11  1.00000E+00 JOHNSON.V 
 5.54000E-01  2.25115E-10  4.11268E-11  1.00000E+00 JOHNSON.V 
 5.54000E-01  2.31067E-10  1.15534E-11  1.00000E+00 JOHNSON.V 
 6.16800E-01  3.35371E-10  1.67685E-11  1.00000E+00 SDSS.R 
 6.23000E-01  4.05658E-10  2.02829E-11  1.00000E+00 GAIA.G 
 6.25000E-01  3.03150E-10  1.51575E-11  1.00000E+00 SDSS.R 
 6.25000E-01  3.47280E-10  1.73640E-11  1.00000E+00 SDSS.R 
 6.25000E-01  3.52556E-10  1.76278E-11  1.00000E+00 SDSS.R 
 6.73000E-01  3.43447E-10  1.71724E-11  1.00000E+00 GAIA.G 
 6.73000E-01  3.68838E-10  1.84419E-11  1.00000E+00 GAIA.G 
 7.49600E-01  5.43914E-10  2.71957E-11  1.00000E+00 SDSS.I 
 7.63000E-01  5.85440E-10  2.92720E-11  1.00000E+00 SDSS.I 
 7.63000E-01  5.97227E-10  2.98614E-11  1.00000E+00 SDSS.I 
 7.87500E-01  5.90068E-10  8.75584E-11  1.00000E+00 COUSINS.I 
 1.23900E+00  8.44452E-10  4.22226E-11  1.00000E+00 2MASS.J 
 1.23930E+00  8.34571E-10  4.17286E-11  1.00000E+00 2MASS.J 
 1.25000E+00  8.53809E-10  4.26904E-11  1.00000E+00 JOHNSON.J 
 1.63000E+00  8.80985E-10  4.40493E-11  1.00000E+00 JOHNSON.H 
 1.64900E+00  8.78106E-10  4.39053E-11  1.00000E+00 2MASS.H 
 1.64950E+00  8.68753E-10  4.34376E-11  1.00000E+00 2MASS.H 
 2.16390E+00  5.76337E-10  2.88169E-11  1.00000E+00 2MASS.KS 
 2.16400E+00  5.81852E-10  2.90926E-11  1.00000E+00 2MASS.KS 
 2.19000E+00  5.47566E-10  2.73783E-11  1.00000E+00 JOHNSON.K 
 2.19000E+00  5.55780E-10  2.77890E-11  1.00000E+00 JOHNSON.K 
 3.35000E+00  2.24621E-10  1.12310E-11  1.00000E+00 WISE.W1 
 3.36820E+00  2.26077E-10  1.13039E-11  1.00000E+00 WISE.W1 
 3.55000E+00  2.43212E-10  1.21606E-11  1.00000E+00 IRAC3.6 
 3.55000E+00  2.47434E-10  1.23717E-11  1.00000E+00 IRAC3.6 
 3.55690E+00  2.42740E-10  1.21370E-11  1.00000E+00 IRAC.36 
 3.60000E+00  2.41499E-10  1.20750E-11  1.00000E+00 IRAC.36 
 4.49300E+00  1.64142E-10  8.20709E-12  1.00000E+00 IRAC4.5 
 4.49300E+00  1.65476E-10  8.27382E-12  1.00000E+00 IRAC4.5 
 4.50000E+00  1.66551E-10  8.32757E-12  1.00000E+00 IRAC.45 
 4.50200E+00  1.63814E-10  8.19069E-12  1.00000E+00 IRAC.45 
 4.60000E+00  1.36210E-10  6.81050E-12  1.00000E+00 WISE.W2 
 4.60000E+00  1.44682E-10  7.23412E-12  1.00000E+00 WISE.W2 
 4.61790E+00  1.36331E-10  6.81656E-12  1.00000E+00 WISE.W2 
 5.73100E+00  1.16653E-10  5.83264E-12  1.00000E+00 IRAC5.8 
 5.73100E+00  1.28161E-10  6.40806E-12  1.00000E+00 IRAC5.8 
 5.74500E+00  1.16369E-10  5.81843E-12  1.00000E+00 IRAC.58 
 5.80000E+00  1.18883E-10  5.94416E-12  1.00000E+00 IRAC.58 
 7.87200E+00  9.44468E-11  4.72234E-12  1.00000E+00 IRAC8.0 
 7.87200E+00  9.71126E-11  4.85563E-12  1.00000E+00 IRAC8.0 
 7.91580E+00  9.39242E-11  4.69621E-12  1.00000E+00 IRAC.80 
 8.00000E+00  9.74325E-11  4.87163E-12  1.00000E+00 IRAC.80 
 8.61000E+00  9.22706E-11  5.22287E-12  1.00000E+00 AKARI.S9W 
 9.09950E+00  8.73070E-11  4.94191E-12  1.00000E+00 AKARI.S9W 
 1.15900E+01  8.87220E-11  4.43610E-12  1.00000E+00 IRAS12 
 1.20730E+01  6.75421E-11  3.37710E-12  1.00000E+00 WISE.W3 
 1.83900E+01  6.79790E-11  7.49889E-12  1.00000E+00 AKARI.L18W 
 1.95050E+01  6.40930E-11  7.00873E-12  1.00000E+00 AKARI.L18W 
 2.20910E+01  6.85325E-11  3.42663E-12  1.00000E+00 WISE.W4 
 2.20910E+01  6.88039E-11  3.44020E-12  1.00000E+00 WISE.W4 
 2.21943E+01  6.90240E-11  3.45120E-12  1.00000E+00 WISE.W4 
 2.38800E+01  6.90477E-11  3.45238E-12  1.00000E+00 IRAS25 
 6.04093E+01  3.71705E-11  4.83366E-12  1.00000E+00 IRAS.F60 
 6.99990E+01  2.99797E-11  4.28281E-12  1.00000E+00 PACS.70 
 7.00000E+01  2.95510E-11  2.99792E-12  1.00000E+00 PACS70 
 8.78971E+01  2.59556E-11  3.88822E-12  1.00000E+00 AKARI.WIDES 
 9.00010E+01  2.53488E-11  3.79733E-12  1.00000E+00 AKARI.WIDES 
 1.00001E+02  2.39832E-11  5.99579E-12  1.00000E+00 PACS.100 
 1.60000E+02  1.49896E-11  3.74741E-12  1.00000E+00 PACS.160 
 2.49994E+02  7.19519E-12  1.19920E-12  1.00000E+00 SPIRE.250 
 3.45000E+02  5.34413E-12  5.56137E-13  1.00000E+00 SCUBA.350NB 
 3.62998E+02  4.12940E-12  8.25879E-13  1.00000E+00 SPIRE.350 
 5.16999E+02  2.31948E-12  4.63896E-13  1.00000E+00 SPIRE.500 
 8.50000E+02  7.08921E-13  3.54460E-14  1.00000E+00 SCUBA.850NB 
 1.30000E+03  1.93712E-13  2.99792E-14  1.00000E+00 generic 
 1.33000E+03  2.02867E-13  1.01434E-14  1.00000E+00 generic 
 2.70000E+03  1.78765E-14  2.77586E-15  1.00000E+00 generic 
 5.18700E+00  1.44458E-10  7.22288E-12  5.82225E-02 SpitzerIRS 
 5.21720E+00  1.38904E-10  6.94518E-12  5.80771E-02 SpitzerIRS 
 5.24750E+00  1.29412E-10  6.47060E-12  5.75512E-02 SpitzerIRS 
 5.27770E+00  1.30148E-10  6.50742E-12  5.74114E-02 SpitzerIRS 
 5.30800E+00  1.31823E-10  6.59114E-12  5.68953E-02 SpitzerIRS 
 5.33820E+00  1.26966E-10  6.34831E-12  5.67607E-02 SpitzerIRS 
 5.36850E+00  1.27126E-10  6.35631E-12  5.62541E-02 SpitzerIRS 
 5.39870E+00  1.27865E-10  6.39323E-12  5.59394E-02 SpitzerIRS 
 5.42890E+00  1.25668E-10  6.28339E-12  5.58124E-02 SpitzerIRS 
 5.45920E+00  1.25184E-10  6.25922E-12  5.53195E-02 SpitzerIRS 
 5.48940E+00  1.23720E-10  6.18601E-12  5.51973E-02 SpitzerIRS 
 5.51970E+00  1.22319E-10  6.11594E-12  5.47131E-02 SpitzerIRS 
 5.54990E+00  1.21648E-10  6.08239E-12  5.45956E-02 SpitzerIRS 
 5.58020E+00  1.21637E-10  6.08186E-12  5.41199E-02 SpitzerIRS 
 5.61040E+00  1.21517E-10  6.07584E-12  5.38286E-02 SpitzerIRS 
 5.64060E+00  1.20521E-10  6.02604E-12  5.37177E-02 SpitzerIRS 
 5.67090E+00  1.21933E-10  6.09666E-12  5.32543E-02 SpitzerIRS 
 5.70110E+00  1.17349E-10  5.86744E-12  5.31476E-02 SpitzerIRS 
 5.73140E+00  1.20756E-10  6.03780E-12  5.26922E-02 SpitzerIRS 
 5.76160E+00  1.15393E-10  5.76966E-12  5.24160E-02 SpitzerIRS 
 5.79180E+00  1.13410E-10  5.67048E-12  5.23153E-02 SpitzerIRS 
 5.82210E+00  1.15440E-10  5.77201E-12  5.18713E-02 SpitzerIRS 
 5.85230E+00  1.15300E-10  5.76502E-12  5.17745E-02 SpitzerIRS 
 5.88260E+00  1.13820E-10  5.69099E-12  5.13378E-02 SpitzerIRS 
 5.91280E+00  1.10480E-10  5.52401E-12  5.10756E-02 SpitzerIRS 
 5.94300E+00  1.14731E-10  5.73656E-12  5.09844E-02 SpitzerIRS 
 5.97330E+00  1.11489E-10  5.57446E-12  5.05583E-02 SpitzerIRS 
 6.00350E+00  1.10005E-10  5.50023E-12  5.04706E-02 SpitzerIRS 
 6.03380E+00  1.10381E-10  5.51907E-12  5.00514E-02 SpitzerIRS 
 6.06400E+00  1.12333E-10  5.61666E-12  4.99670E-02 SpitzerIRS 
 6.09430E+00  1.09113E-10  5.45567E-12  4.95545E-02 SpitzerIRS 
 6.12450E+00  1.09447E-10  5.47233E-12  4.93101E-02 SpitzerIRS 
 6.15470E+00  1.10054E-10  5.50271E-12  4.92307E-02 SpitzerIRS 
 6.18500E+00  1.07668E-10  5.38342E-12  4.88278E-02 SpitzerIRS 
 6.21520E+00  1.08751E-10  5.43757E-12  4.87514E-02 SpitzerIRS 
 6.24550E+00  1.05843E-10  5.29215E-12  4.83548E-02 SpitzerIRS 
 6.27570E+00  1.03915E-10  5.19574E-12  4.82815E-02 SpitzerIRS 
 6.30600E+00  1.04400E-10  5.21998E-12  4.78909E-02 SpitzerIRS 
 6.33620E+00  1.02539E-10  5.12697E-12  4.76626E-02 SpitzerIRS 
 6.36640E+00  1.05556E-10  5.27782E-12  4.75936E-02 SpitzerIRS 
 6.39670E+00  1.05684E-10  5.28422E-12  4.72118E-02 SpitzerIRS 
 6.42690E+00  1.07292E-10  5.36458E-12  4.71456E-02 SpitzerIRS 
 6.45720E+00  1.02591E-10  5.12956E-12  4.67695E-02 SpitzerIRS 
 6.48740E+00  1.05450E-10  5.27250E-12  4.67059E-02 SpitzerIRS 
 6.51770E+00  1.01496E-10  5.07481E-12  4.63354E-02 SpitzerIRS 
 6.54790E+00  9.73745E-11  4.86873E-12  4.61217E-02 SpitzerIRS 
 6.57810E+00  9.78936E-11  4.89468E-12  4.60619E-02 SpitzerIRS 
 6.60840E+00  9.97221E-11  4.98611E-12  4.56994E-02 SpitzerIRS 
 6.63860E+00  1.00587E-10  5.02936E-12  4.56422E-02 SpitzerIRS 
 6.66890E+00  9.80892E-11  4.90446E-12  4.52848E-02 SpitzerIRS 
 6.69910E+00  9.81617E-11  4.90808E-12  4.52300E-02 SpitzerIRS 
 6.72940E+00  9.62495E-11  4.81248E-12  4.48777E-02 SpitzerIRS 
 6.75960E+00  9.42628E-11  4.71314E-12  4.46772E-02 SpitzerIRS 
 6.78980E+00  9.54375E-11  4.77187E-12  4.46258E-02 SpitzerIRS 
 6.82010E+00  9.76993E-11  4.88496E-12  4.42809E-02 SpitzerIRS 
 6.85030E+00  9.69097E-11  4.84548E-12  4.42316E-02 SpitzerIRS 
 6.88060E+00  9.45266E-11  4.72633E-12  4.38915E-02 SpitzerIRS 
 6.91080E+00  9.59702E-11  4.79851E-12  4.36997E-02 SpitzerIRS 
 6.94100E+00  9.58982E-11  4.79491E-12  4.36537E-02 SpitzerIRS 
 6.97130E+00  9.20024E-11  4.60012E-12  4.33205E-02 SpitzerIRS 
 7.00150E+00  9.40547E-11  4.70274E-12  4.32764E-02 SpitzerIRS 
 7.03180E+00  9.49242E-11  4.74621E-12  4.29478E-02 SpitzerIRS 
 7.06200E+00  9.22386E-11  4.61193E-12  4.27641E-02 SpitzerIRS 
 7.09220E+00  9.24630E-11  4.62315E-12  4.27230E-02 SpitzerIRS 
 7.12250E+00  9.06596E-11  4.53298E-12  4.24008E-02 SpitzerIRS 
 7.15270E+00  9.35251E-11  4.72362E-12  4.23616E-02 SpitzerIRS 
 7.18300E+00  9.20830E-11  4.60415E-12  4.20437E-02 SpitzerIRS 
 7.21320E+00  9.04381E-11  4.52191E-12  4.20063E-02 SpitzerIRS 
 7.24350E+00  9.04861E-11  4.52431E-12  4.16926E-02 SpitzerIRS 
 7.27370E+00  9.12686E-11  4.56343E-12  4.15194E-02 SpitzerIRS 
 7.30390E+00  9.11991E-11  4.55995E-12  4.14847E-02 SpitzerIRS 
 7.33420E+00  8.94202E-11  4.47101E-12  4.11770E-02 SpitzerIRS 
 7.36440E+00  9.05516E-11  4.52758E-12  4.11439E-02 SpitzerIRS 
 7.39470E+00  8.97549E-11  4.48774E-12  4.08401E-02 SpitzerIRS 
 7.42490E+00  9.10533E-11  4.55267E-12  4.08086E-02 SpitzerIRS 
 7.45520E+00  8.97705E-11  4.48852E-12  4.05086E-02 SpitzerIRS 
 7.48540E+00  9.34253E-11  4.67127E-12  4.03452E-02 SpitzerIRS 
 7.51560E+00  9.10195E-11  6.43415E-12  4.03161E-02 SpitzerIRS 
 7.54590E+00  9.09759E-11  8.97482E-12  4.00217E-02 SpitzerIRS 
 7.57610E+00  9.30112E-11  4.65056E-12  7.98564E-02 SpitzerIRS 
 7.63660E+00  9.19210E-11  4.59605E-12  7.92237E-02 SpitzerIRS 
 7.69710E+00  9.09492E-11  4.54746E-12  7.86010E-02 SpitzerIRS 
 7.75760E+00  9.22881E-11  4.61441E-12  7.78591E-02 SpitzerIRS 
 7.81800E+00  9.05781E-11  4.52891E-12  7.73855E-02 SpitzerIRS 
 7.87850E+00  9.03125E-11  4.51563E-12  7.67913E-02 SpitzerIRS 
 7.93900E+00  9.27246E-11  4.63623E-12  7.62061E-02 SpitzerIRS 
 7.99950E+00  9.23493E-11  4.61747E-12  7.56297E-02 SpitzerIRS 
 8.06000E+00  9.00679E-11  4.50340E-12  7.50620E-02 SpitzerIRS 
 8.12050E+00  9.12871E-11  4.56435E-12  7.45028E-02 SpitzerIRS 
 8.18100E+00  9.14548E-11  4.57274E-12  7.38296E-02 SpitzerIRS 
 8.24140E+00  9.30072E-11  4.65036E-12  7.34099E-02 SpitzerIRS 
 8.30190E+00  9.33152E-11  4.66576E-12  7.28749E-02 SpitzerIRS 
 8.36240E+00  9.29233E-11  4.64617E-12  7.23477E-02 SpitzerIRS 
 8.42290E+00  9.22132E-11  4.61066E-12  7.18280E-02 SpitzerIRS 
 8.48340E+00  9.44851E-11  4.72426E-12  7.13157E-02 SpitzerIRS 
 8.54390E+00  9.35319E-11  4.67659E-12  7.06937E-02 SpitzerIRS 
 8.60430E+00  9.50773E-11  4.75387E-12  7.03137E-02 SpitzerIRS 
 8.66480E+00  9.60188E-11  4.80094E-12  6.98227E-02 SpitzerIRS 
 8.72530E+00  9.69233E-11  4.84616E-12  6.93386E-02 SpitzerIRS 
 8.78580E+00  9.52492E-11  4.76246E-12  6.88611E-02 SpitzerIRS 
 8.84630E+00  9.66617E-11  4.83308E-12  6.83902E-02 SpitzerIRS 
 8.90680E+00  9.60253E-11  4.80126E-12  6.78134E-02 SpitzerIRS 
 8.96720E+00  9.78023E-11  4.89012E-12  6.74681E-02 SpitzerIRS 
 9.02770E+00  9.93087E-11  4.96544E-12  6.70160E-02 SpitzerIRS 
 9.08820E+00  1.00726E-10  5.03629E-12  6.65698E-02 SpitzerIRS 
 9.14870E+00  1.00938E-10  5.04690E-12  6.61296E-02 SpitzerIRS 
 9.20920E+00  1.00721E-10  5.03604E-12  6.56952E-02 SpitzerIRS 
 9.26970E+00  9.99729E-11  4.99864E-12  6.51585E-02 SpitzerIRS 
 9.33010E+00  1.01247E-10  5.06236E-12  6.48439E-02 SpitzerIRS 
 9.39060E+00  9.93594E-11  4.96797E-12  6.44261E-02 SpitzerIRS 
 9.45110E+00  1.00975E-10  5.04877E-12  6.40137E-02 SpitzerIRS 
 9.51160E+00  9.74240E-11  4.87120E-12  6.36065E-02 SpitzerIRS 
 9.57210E+00  9.75881E-11  4.87941E-12  6.32045E-02 SpitzerIRS 
 9.63260E+00  9.70094E-11  4.85047E-12  6.28075E-02 SpitzerIRS 
 9.69310E+00  9.74833E-11  4.87417E-12  6.23124E-02 SpitzerIRS 
 9.75350E+00  9.77710E-11  4.88855E-12  6.20290E-02 SpitzerIRS 
 9.81400E+00  9.68537E-11  4.84268E-12  6.16466E-02 SpitzerIRS 
 9.87450E+00  9.54071E-11  4.77036E-12  6.12689E-02 SpitzerIRS 
 9.93500E+00  9.42528E-11  4.71264E-12  6.08958E-02 SpitzerIRS 
 9.99550E+00  9.42372E-11  4.71186E-12  6.05272E-02 SpitzerIRS 
 1.00560E+01  9.55842E-11  4.77921E-12  6.00636E-02 SpitzerIRS 
 1.01164E+01  9.39467E-11  4.69733E-12  5.98039E-02 SpitzerIRS 
 1.01769E+01  9.42955E-11  4.71477E-12  5.94484E-02 SpitzerIRS 
 1.02374E+01  9.26284E-11  4.63142E-12  5.90970E-02 SpitzerIRS 
 1.02979E+01  9.19182E-11  4.59591E-12  5.87498E-02 SpitzerIRS 
 1.03584E+01  9.19342E-11  4.59671E-12  5.83102E-02 SpitzerIRS 
 1.04188E+01  9.20198E-11  4.60099E-12  5.80681E-02 SpitzerIRS 
 1.04793E+01  9.07591E-11  4.53795E-12  5.77329E-02 SpitzerIRS 
 1.05398E+01  9.14100E-11  4.57050E-12  5.74015E-02 SpitzerIRS 
 1.06003E+01  9.06253E-11  4.53126E-12  5.70739E-02 SpitzerIRS 
 1.06608E+01  8.99675E-11  4.49838E-12  5.67500E-02 SpitzerIRS 
 1.07213E+01  9.16689E-11  4.58344E-12  5.63365E-02 SpitzerIRS 
 1.07817E+01  9.04268E-11  4.52134E-12  5.61136E-02 SpitzerIRS 
 1.08422E+01  8.93969E-11  4.46984E-12  5.58005E-02 SpitzerIRS 
 1.09027E+01  9.09109E-11  4.54554E-12  5.54908E-02 SpitzerIRS 
 1.09632E+01  9.02041E-11  4.51020E-12  5.51846E-02 SpitzerIRS 
 1.10237E+01  8.88524E-11  4.44262E-12  5.48818E-02 SpitzerIRS 
 1.10842E+01  8.85216E-11  4.42608E-12  5.45822E-02 SpitzerIRS 
 1.11447E+01  8.94990E-11  4.47495E-12  5.41962E-02 SpitzerIRS 
 1.12051E+01  8.94660E-11  4.47330E-12  5.39933E-02 SpitzerIRS 
 1.12656E+01  8.83735E-11  4.41868E-12  5.37033E-02 SpitzerIRS 
 1.13261E+01  8.78432E-11  4.39216E-12  5.34164E-02 SpitzerIRS 
 1.13866E+01  8.80347E-11  4.40174E-12  5.31326E-02 SpitzerIRS 
 1.14471E+01  8.79754E-11  4.39877E-12  5.28518E-02 SpitzerIRS 
 1.15076E+01  8.70595E-11  4.35298E-12  5.24871E-02 SpitzerIRS 
 1.15680E+01  8.50500E-11  4.25250E-12  5.22994E-02 SpitzerIRS 
 1.16285E+01  8.37516E-11  4.18758E-12  5.20273E-02 SpitzerIRS 
 1.16890E+01  8.23256E-11  4.11628E-12  5.17581E-02 SpitzerIRS 
 1.17495E+01  8.18634E-11  4.09317E-12  5.14916E-02 SpitzerIRS 
 1.18100E+01  8.12714E-11  4.06357E-12  5.12278E-02 SpitzerIRS 
 1.18705E+01  8.14835E-11  4.07418E-12  5.08824E-02 SpitzerIRS 
 1.19309E+01  8.00282E-11  4.00141E-12  5.07087E-02 SpitzerIRS 
 1.19914E+01  7.90270E-11  3.95135E-12  5.04528E-02 SpitzerIRS 
 1.20519E+01  7.76527E-11  3.88263E-12  5.01996E-02 SpitzerIRS 
 1.21124E+01  7.62550E-11  3.81275E-12  4.99488E-02 SpitzerIRS 
 1.21729E+01  7.52627E-11  3.76314E-12  4.97006E-02 SpitzerIRS 
 1.22334E+01  7.55865E-11  3.77932E-12  4.93730E-02 SpitzerIRS 
 1.22938E+01  7.54151E-11  3.77075E-12  4.92118E-02 SpitzerIRS 
 1.23543E+01  7.56767E-11  3.78384E-12  4.89708E-02 SpitzerIRS 
 1.24148E+01  7.65081E-11  3.82540E-12  4.87322E-02 SpitzerIRS 
 1.24753E+01  7.59712E-11  3.79856E-12  4.84958E-02 SpitzerIRS 
 1.25358E+01  7.70084E-11  3.85042E-12  4.82618E-02 SpitzerIRS 
 1.25963E+01  7.53581E-11  3.76790E-12  4.79506E-02 SpitzerIRS 
 1.26567E+01  7.41836E-11  3.70918E-12  4.78008E-02 SpitzerIRS 
 1.27172E+01  7.38119E-11  3.69059E-12  4.75734E-02 SpitzerIRS 
 1.27777E+01  7.32981E-11  3.66491E-12  4.73481E-02 SpitzerIRS 
 1.28382E+01  7.34198E-11  3.67099E-12  4.71250E-02 SpitzerIRS 
 1.28987E+01  7.24804E-11  3.62402E-12  4.69040E-02 SpitzerIRS 
 1.29592E+01  7.16423E-11  3.58212E-12  4.66850E-02 SpitzerIRS 
 1.30197E+01  7.05864E-11  3.52932E-12  4.63912E-02 SpitzerIRS 
 1.30801E+01  7.08632E-11  3.54316E-12  4.62535E-02 SpitzerIRS 
 1.31406E+01  6.99689E-11  3.49845E-12  4.60405E-02 SpitzerIRS 
 1.32011E+01  7.02501E-11  3.51250E-12  4.58295E-02 SpitzerIRS 
 1.32616E+01  6.96153E-11  3.48077E-12  4.56204E-02 SpitzerIRS 
 1.33221E+01  6.96683E-11  3.48341E-12  4.54133E-02 SpitzerIRS 
 1.33826E+01  6.96378E-11  3.48189E-12  4.51332E-02 SpitzerIRS 
 1.34430E+01  6.87139E-11  3.43569E-12  4.50048E-02 SpitzerIRS 
 1.35035E+01  7.00689E-11  3.50344E-12  4.48032E-02 SpitzerIRS 
 1.35640E+01  7.02183E-11  3.51091E-12  4.46034E-02 SpitzerIRS 
 1.36245E+01  7.13103E-11  3.56552E-12  4.44053E-02 SpitzerIRS 
 1.36850E+01  7.18889E-11  3.59444E-12  4.42090E-02 SpitzerIRS 
 1.37455E+01  7.14721E-11  3.57361E-12  4.39417E-02 SpitzerIRS 
 1.38059E+01  7.03060E-11  3.51530E-12  4.38218E-02 SpitzerIRS 
 1.38664E+01  7.10673E-11  3.55337E-12  4.36306E-02 SpitzerIRS 
 1.39269E+01  7.26464E-11  3.63232E-12  4.34411E-02 SpitzerIRS 
 1.39874E+01  7.26987E-11  3.63494E-12  1.19107E-01 SpitzerIRS 
 1.41540E+01  7.52489E-11  3.76244E-12  5.98417E-02 SpitzerIRS 
 1.42387E+01  7.46097E-11  3.73048E-12  5.94858E-02 SpitzerIRS 
 1.43234E+01  7.51208E-11  3.75604E-12  5.91340E-02 SpitzerIRS 
 1.44081E+01  7.50516E-11  3.75258E-12  5.87170E-02 SpitzerIRS 
 1.44927E+01  7.37944E-11  3.68972E-12  5.84432E-02 SpitzerIRS 
 1.45774E+01  7.15764E-11  3.57882E-12  5.81036E-02 SpitzerIRS 
 1.46621E+01  6.95660E-11  3.47830E-12  5.77680E-02 SpitzerIRS 
 1.47468E+01  7.10408E-11  3.55204E-12  5.74362E-02 SpitzerIRS 
 1.48315E+01  7.40168E-11  3.70084E-12  5.70408E-02 SpitzerIRS 
 1.49161E+01  7.29719E-11  3.64860E-12  5.67843E-02 SpitzerIRS 
 1.50008E+01  7.36851E-11  3.68425E-12  5.64637E-02 SpitzerIRS 
 1.50855E+01  7.16557E-11  3.58278E-12  5.60803E-02 SpitzerIRS 
 1.51701E+01  7.09280E-11  3.54640E-12  5.58335E-02 SpitzerIRS 
 1.52548E+01  7.23599E-11  3.61800E-12  5.55235E-02 SpitzerIRS 
 1.53395E+01  7.22476E-11  3.61238E-12  5.52169E-02 SpitzerIRS 
 1.54242E+01  7.35982E-11  3.67991E-12  5.49137E-02 SpitzerIRS 
 1.55089E+01  7.28174E-11  3.64087E-12  5.45493E-02 SpitzerIRS 
 1.55935E+01  7.35394E-11  3.67697E-12  5.43175E-02 SpitzerIRS 
 1.56782E+01  7.36641E-11  3.68320E-12  5.40241E-02 SpitzerIRS 
 1.57629E+01  7.29735E-11  3.64867E-12  5.37338E-02 SpitzerIRS 
 1.58476E+01  7.30432E-11  3.65216E-12  5.33835E-02 SpitzerIRS 
 1.59322E+01  7.28830E-11  3.64415E-12  5.31628E-02 SpitzerIRS 
 1.60169E+01  7.46519E-11  3.73260E-12  5.28816E-02 SpitzerIRS 
 1.61016E+01  7.29689E-11  3.64845E-12  5.26035E-02 SpitzerIRS 
 1.61863E+01  7.14832E-11  3.57416E-12  5.23282E-02 SpitzerIRS 
 1.62710E+01  7.16712E-11  3.58356E-12  5.19943E-02 SpitzerIRS 
 1.63556E+01  7.29868E-11  3.64934E-12  5.17865E-02 SpitzerIRS 
 1.64403E+01  7.28479E-11  3.64239E-12  5.15197E-02 SpitzerIRS 
 1.65250E+01  7.25906E-11  3.62953E-12  5.12557E-02 SpitzerIRS 
 1.66097E+01  7.30886E-11  3.65443E-12  5.09341E-02 SpitzerIRS 
 1.66943E+01  7.21867E-11  3.60933E-12  5.07359E-02 SpitzerIRS 
 1.67790E+01  7.23994E-11  3.61997E-12  5.04798E-02 SpitzerIRS 
 1.68637E+01  7.15949E-11  3.57974E-12  5.02262E-02 SpitzerIRS 
 1.69484E+01  7.17146E-11  3.58573E-12  4.99162E-02 SpitzerIRS 
 1.70330E+01  7.39246E-11  3.69623E-12  4.97270E-02 SpitzerIRS 
 1.71177E+01  7.52997E-11  3.76498E-12  4.94809E-02 SpitzerIRS 
 1.72024E+01  7.34528E-11  3.67264E-12  4.92373E-02 SpitzerIRS 
 1.72871E+01  7.28276E-11  3.64138E-12  4.89382E-02 SpitzerIRS 
 1.73717E+01  7.27681E-11  3.63840E-12  4.87575E-02 SpitzerIRS 
 1.74564E+01  7.46544E-11  3.73272E-12  4.85209E-02 SpitzerIRS 
 1.75411E+01  7.52152E-11  3.76076E-12  4.82866E-02 SpitzerIRS 
 1.76258E+01  7.49898E-11  3.74949E-12  4.80546E-02 SpitzerIRS 
 1.77105E+01  7.46396E-11  3.73198E-12  4.77683E-02 SpitzerIRS 
 1.77951E+01  7.37339E-11  3.68669E-12  4.75974E-02 SpitzerIRS 
 1.78798E+01  7.09953E-11  4.03752E-12  4.73719E-02 SpitzerIRS 
 1.79645E+01  7.10761E-11  3.55380E-12  4.71485E-02 SpitzerIRS 
 1.80492E+01  7.18936E-11  3.59468E-12  4.68719E-02 SpitzerIRS 
 1.81338E+01  7.46563E-11  3.73282E-12  4.67084E-02 SpitzerIRS 
 1.82185E+01  7.40114E-11  3.70057E-12  4.64912E-02 SpitzerIRS 
 1.83032E+01  7.53822E-11  3.76911E-12  4.62761E-02 SpitzerIRS 
 1.83879E+01  7.49453E-11  3.74726E-12  4.60085E-02 SpitzerIRS 
 1.84725E+01  7.42466E-11  3.71233E-12  4.58519E-02 SpitzerIRS 
 1.85572E+01  7.63278E-11  3.81639E-12  4.56427E-02 SpitzerIRS 
 1.86419E+01  7.65953E-11  3.82976E-12  4.54353E-02 SpitzerIRS 
 1.87266E+01  7.65770E-11  3.82885E-12  4.52298E-02 SpitzerIRS 
 1.88113E+01  7.65892E-11  3.82946E-12  4.49730E-02 SpitzerIRS 
 1.88959E+01  7.47264E-11  3.73632E-12  4.48245E-02 SpitzerIRS 
 1.89806E+01  7.52111E-11  3.76055E-12  4.46245E-02 SpitzerIRS 
 1.90653E+01  7.39665E-11  3.69833E-12  4.44263E-02 SpitzerIRS 
 1.91500E+01  7.67719E-11  4.36773E-12  4.41775E-02 SpitzerIRS 
 1.92346E+01  7.74473E-11  3.87237E-12  4.40352E-02 SpitzerIRS 
 1.93193E+01  7.67245E-11  3.83623E-12  4.38422E-02 SpitzerIRS 
 1.94040E+01  7.54657E-11  3.77328E-12  4.36508E-02 SpitzerIRS 
 1.94887E+01  7.46424E-11  3.73212E-12  4.34611E-02 SpitzerIRS 
 1.95734E+01  7.40759E-11  3.70379E-12  4.32219E-02 SpitzerIRS 
 1.96580E+01  7.09525E-11  3.54763E-12  4.30868E-02 SpitzerIRS 
 1.97427E+01  7.00407E-11  3.50204E-12  4.29019E-02 SpitzerIRS 
 1.98274E+01  7.31208E-11  3.65604E-12  4.27187E-02 SpitzerIRS 
 1.99121E+01  7.43380E-11  4.24573E-12  4.24867E-02 SpitzerIRS 
 1.99967E+01  7.34493E-11  3.67246E-12  4.23570E-02 SpitzerIRS 
 2.00814E+01  7.40860E-11  3.70430E-12  4.21783E-02 SpitzerIRS 
 2.01661E+01  7.35340E-11  3.67670E-12  4.20012E-02 SpitzerIRS 
 2.02508E+01  7.16024E-11  3.96747E-12  4.17761E-02 SpitzerIRS 
 2.03354E+01  7.09625E-11  5.85568E-12  4.16515E-02 SpitzerIRS 
 2.04201E+01  6.91560E-11  3.45780E-12  4.14787E-02 SpitzerIRS 
 2.05048E+01  7.13675E-11  3.56838E-12  4.13074E-02 SpitzerIRS 
 2.05895E+01  7.56940E-11  3.78470E-12  4.11375E-02 SpitzerIRS 
 2.06742E+01  7.27230E-11  3.63615E-12  8.18895E-02 SpitzerIRS 
 2.08435E+01  7.21596E-11  3.60798E-12  8.12723E-02 SpitzerIRS 
 2.10129E+01  6.90512E-11  3.45256E-12  8.05696E-02 SpitzerIRS 
 2.11822E+01  6.90314E-11  3.45157E-12  7.99728E-02 SpitzerIRS 
 2.13516E+01  7.07176E-11  3.53588E-12  7.92915E-02 SpitzerIRS 
 2.15209E+01  6.92572E-11  3.46286E-12  7.87142E-02 SpitzerIRS 
 2.16903E+01  6.62644E-11  3.31322E-12  7.80533E-02 SpitzerIRS 
 2.18596E+01  6.77398E-11  3.38699E-12  7.74946E-02 SpitzerIRS 
 2.20290E+01  6.92766E-11  3.46383E-12  7.68532E-02 SpitzerIRS 
 2.21983E+01  6.74909E-11  3.37454E-12  7.63122E-02 SpitzerIRS 
 2.23677E+01  6.32591E-11  3.16295E-12  7.56895E-02 SpitzerIRS 
 2.25370E+01  6.39758E-11  3.19879E-12  7.51653E-02 SpitzerIRS 
 2.27064E+01  6.64665E-11  3.32333E-12  7.45605E-02 SpitzerIRS 
 2.28757E+01  6.55081E-11  3.27540E-12  7.40524E-02 SpitzerIRS 
 2.30451E+01  6.37490E-11  3.18745E-12  7.35080E-02 SpitzerIRS 
 2.32145E+01  6.30579E-11  3.15289E-12  7.29286E-02 SpitzerIRS 
 2.33838E+01  6.33564E-11  3.16782E-12  7.24433E-02 SpitzerIRS 
 2.35532E+01  6.43225E-11  3.21613E-12  7.18798E-02 SpitzerIRS 
 2.37225E+01  6.38799E-11  3.19399E-12  7.14090E-02 SpitzerIRS 
 2.38919E+01  6.16715E-11  3.08358E-12  7.08608E-02 SpitzerIRS 
 2.40612E+01  6.08501E-11  3.04250E-12  7.04038E-02 SpitzerIRS 
 2.42306E+01  6.09988E-11  3.04994E-12  6.98703E-02 SpitzerIRS 
 2.43999E+01  6.26004E-11  3.13002E-12  6.94265E-02 SpitzerIRS 
 2.45693E+01  6.21395E-11  3.10697E-12  6.89071E-02 SpitzerIRS 
 2.47386E+01  6.05533E-11  3.02766E-12  6.84760E-02 SpitzerIRS 
 2.49080E+01  5.94337E-11  2.97169E-12  6.80103E-02 SpitzerIRS 
 2.50774E+01  6.04728E-11  3.02364E-12  6.75110E-02 SpitzerIRS 
 2.52467E+01  6.12844E-11  3.06422E-12  6.70583E-02 SpitzerIRS 
 2.54160E+01  6.03890E-11  3.01945E-12  6.66509E-02 SpitzerIRS 
 2.55854E+01  5.92381E-11  2.96191E-12  6.62096E-02 SpitzerIRS 
 2.57548E+01  5.86040E-11  2.93020E-12  6.57353E-02 SpitzerIRS 
 2.59241E+01  5.94147E-11  2.97074E-12  6.53446E-02 SpitzerIRS 
 2.60935E+01  5.73263E-11  2.86632E-12  6.48821E-02 SpitzerIRS 
 2.62628E+01  5.79031E-11  2.89515E-12  6.45019E-02 SpitzerIRS 
 2.64322E+01  5.90144E-11  2.95072E-12  6.40507E-02 SpitzerIRS 
 2.66015E+01  5.71185E-11  2.85593E-12  6.36806E-02 SpitzerIRS 
 2.67709E+01  5.83204E-11  2.91602E-12  6.32403E-02 SpitzerIRS 
 2.69402E+01  5.72406E-11  2.86203E-12  6.28800E-02 SpitzerIRS 
 2.71096E+01  5.76371E-11  2.88185E-12  6.24502E-02 SpitzerIRS 
 2.72789E+01  5.66266E-11  2.83133E-12  6.20993E-02 SpitzerIRS 
 2.74483E+01  5.64300E-11  2.82150E-12  6.16796E-02 SpitzerIRS 
 2.76176E+01  5.70947E-11  2.85473E-12  6.13377E-02 SpitzerIRS 
 2.77870E+01  5.50916E-11  2.75458E-12  6.09638E-02 SpitzerIRS 
 2.79564E+01  5.63502E-11  2.81751E-12  6.05586E-02 SpitzerIRS 
 2.81257E+01  5.58885E-11  2.79442E-12  6.02296E-02 SpitzerIRS 
 2.82951E+01  5.62531E-11  2.81266E-12  5.98337E-02 SpitzerIRS 
 2.84644E+01  5.56342E-11  2.78171E-12  5.95129E-02 SpitzerIRS 
 2.86338E+01  5.47512E-11  2.73756E-12  5.91259E-02 SpitzerIRS 
 2.88031E+01  5.26922E-11  2.63461E-12  5.88131E-02 SpitzerIRS 
 2.89725E+01  5.28053E-11  2.64026E-12  5.84347E-02 SpitzerIRS 
 2.91418E+01  5.17372E-11  2.58686E-12  5.81296E-02 SpitzerIRS 
 2.93112E+01  5.09544E-11  2.54772E-12  5.77595E-02 SpitzerIRS 
 2.94805E+01  5.21791E-11  2.60895E-12  5.74617E-02 SpitzerIRS 
 2.96499E+01  5.14785E-11  2.57393E-12  5.71334E-02 SpitzerIRS 
 2.98193E+01  4.98801E-11  2.49401E-12  5.67753E-02 SpitzerIRS 
 2.99886E+01  5.03643E-11  2.51821E-12  5.64881E-02 SpitzerIRS 
 3.01580E+01  5.08269E-11  2.54135E-12  5.61377E-02 SpitzerIRS 
 3.03273E+01  5.10434E-11  2.55217E-12  5.58573E-02 SpitzerIRS 
 3.04967E+01  5.07844E-11  2.53922E-12  5.55142E-02 SpitzerIRS 
 3.06660E+01  5.05725E-11  2.52863E-12  5.52403E-02 SpitzerIRS 
 3.08354E+01  5.06583E-11  2.53291E-12  5.49044E-02 SpitzerIRS 
 3.10047E+01  5.13486E-11  2.56743E-12  5.46369E-02 SpitzerIRS 
 3.11741E+01  5.09984E-11  2.54992E-12  5.43079E-02 SpitzerIRS 
 3.13434E+01  5.02074E-11  2.51037E-12  5.40465E-02 SpitzerIRS 
 3.15128E+01  4.87816E-11  2.43908E-12  5.37242E-02 SpitzerIRS 
 3.16821E+01  4.80289E-11  2.40145E-12  5.34687E-02 SpitzerIRS 
 3.18515E+01  5.00155E-11  2.50077E-12  5.31843E-02 SpitzerIRS 
 3.20209E+01  4.75919E-11  2.37959E-12  5.28717E-02 SpitzerIRS 
 3.21902E+01  4.85737E-11  2.42869E-12  5.26247E-02 SpitzerIRS 
 3.23596E+01  4.90013E-11  2.45006E-12  5.23183E-02 SpitzerIRS 
 3.25289E+01  5.09010E-11  2.54505E-12  5.20768E-02 SpitzerIRS 
 3.26983E+01  4.99350E-11  2.49675E-12  5.17764E-02 SpitzerIRS 
 3.28676E+01  4.94872E-11  2.47436E-12  5.15401E-02 SpitzerIRS 
 3.30370E+01  4.96572E-11  2.48286E-12  5.12456E-02 SpitzerIRS 
 3.32063E+01  5.01470E-11  2.50735E-12  5.10144E-02 SpitzerIRS 
 3.33757E+01  4.97659E-11  2.48829E-12  5.07255E-02 SpitzerIRS 
 3.35450E+01  4.83296E-11  2.41648E-12  5.04993E-02 SpitzerIRS 
 3.37144E+01  4.60656E-11  2.69520E-12  5.02159E-02 SpitzerIRS 
 3.38837E+01  4.51108E-11  2.25554E-12  4.99945E-02 SpitzerIRS 
 3.40531E+01  4.79299E-11  2.39649E-12  4.97458E-02 SpitzerIRS 
 3.42225E+01  4.84889E-11  2.42444E-12  4.94704E-02 SpitzerIRS 
 3.43918E+01  4.82345E-11  2.41173E-12  4.92559E-02 SpitzerIRS 
 3.45612E+01  4.86504E-11  4.66154E-12  4.89856E-02 SpitzerIRS 
 3.47305E+01  4.82976E-11  3.53911E-12  4.87756E-02 SpitzerIRS 
 3.48999E+01  4.71998E-11  2.35999E-12  4.85102E-02 SpitzerIRS 
 3.50692E+01  4.62983E-11  2.31492E-12  4.83045E-02 SpitzerIRS 
 3.52386E+01  4.53169E-11  2.26585E-12  4.80439E-02 SpitzerIRS 
 3.54079E+01  4.56133E-11  2.28067E-12  4.78424E-02 SpitzerIRS 
 3.55773E+01  4.37563E-11  2.18782E-12  4.75865E-02 SpitzerIRS 
 3.57466E+01  4.31281E-11  3.48463E-12  4.73891E-02 SpitzerIRS 
 3.59160E+01  4.68027E-11  2.34014E-12  4.71378E-02 SpitzerIRS 
 3.60853E+01  5.12189E-11  3.48516E-12  4.69166E-02 SpitzerIRS 
 1.91388E+02  1.69886E-11  2.59954E-12  4.80769E-02 SPIREspec 
 1.92308E+02  1.69546E-11  1.86962E-12  4.83092E-02 SPIREspec 
 1.93237E+02  1.63394E-11  1.27809E-12  4.85437E-02 SPIREspec 
 1.94175E+02  1.54582E-11  9.87028E-13  4.87805E-02 SPIREspec 
 1.95122E+02  1.45476E-11  9.66969E-13  4.90196E-02 SPIREspec 
 1.96078E+02  1.36816E-11  9.71676E-13  4.92611E-02 SPIREspec 
 1.97044E+02  1.29400E-11  9.20705E-13  4.95050E-02 SPIREspec 
 1.98020E+02  1.24119E-11  8.77903E-13  4.97512E-02 SPIREspec 
 1.99005E+02  1.21286E-11  8.56645E-13  5.00000E-02 SPIREspec 
 2.00000E+02  1.18177E-11  8.09669E-13  5.02513E-02 SPIREspec 
 2.01005E+02  1.14082E-11  7.46345E-13  5.05051E-02 SPIREspec 
 2.02020E+02  1.09163E-11  7.01932E-13  5.07614E-02 SPIREspec 
 2.03046E+02  1.04702E-11  6.56356E-13  5.10204E-02 SPIREspec 
 2.04082E+02  1.01842E-11  5.97202E-13  5.12821E-02 SPIREspec 
 2.05128E+02  1.01176E-11  5.89883E-13  5.15464E-02 SPIREspec 
 2.06186E+02  1.01596E-11  6.61154E-13  5.18135E-02 SPIREspec 
 2.07254E+02  1.02970E-11  7.38268E-13  5.20833E-02 SPIREspec 
 2.08333E+02  1.04337E-11  7.78294E-13  5.23560E-02 SPIREspec 
 2.09424E+02  1.05099E-11  7.84257E-13  5.26316E-02 SPIREspec 
 2.10526E+02  1.04818E-11  7.52895E-13  5.29101E-02 SPIREspec 
 2.11640E+02  1.03916E-11  6.79631E-13  5.31915E-02 SPIREspec 
 2.12766E+02  1.02881E-11  5.94482E-13  5.34759E-02 SPIREspec 
 2.13904E+02  1.01555E-11  5.41253E-13  5.37634E-02 SPIREspec 
 2.15054E+02  1.00170E-11  5.21391E-13  5.40541E-02 SPIREspec 
 2.16216E+02  9.87307E-12  5.07334E-13  5.43478E-02 SPIREspec 
 2.17391E+02  9.71560E-12  4.94890E-13  5.46448E-02 SPIREspec 
 2.18579E+02  9.62686E-12  4.94366E-13  5.49451E-02 SPIREspec 
 2.19780E+02  9.51058E-12  5.14520E-13  5.52486E-02 SPIREspec 
 2.20994E+02  9.33806E-12  5.61289E-13  5.55556E-02 SPIREspec 
 2.22222E+02  9.17400E-12  6.08647E-13  5.58659E-02 SPIREspec 
 2.23464E+02  9.07260E-12  6.17163E-13  5.61798E-02 SPIREspec 
 2.24719E+02  8.95754E-12  5.87960E-13  5.64972E-02 SPIREspec 
 2.25989E+02  8.81992E-12  5.67299E-13  5.68182E-02 SPIREspec 
 2.27273E+02  8.74116E-12  5.73123E-13  5.71429E-02 SPIREspec 
 2.28571E+02  8.73580E-12  5.71447E-13  5.74713E-02 SPIREspec 
 2.29885E+02  8.88168E-12  5.59569E-13  5.78035E-02 SPIREspec 
 2.31214E+02  9.13172E-12  5.67403E-13  5.81395E-02 SPIREspec 
 2.32558E+02  9.44647E-12  5.86758E-13  5.84795E-02 SPIREspec 
 2.33918E+02  9.63457E-12  5.76666E-13  5.88235E-02 SPIREspec 
 2.35294E+02  9.65671E-12  5.40854E-13  5.91716E-02 SPIREspec 
 2.36686E+02  9.49411E-12  5.30624E-13  5.95238E-02 SPIREspec 
 2.38095E+02  9.13847E-12  5.56631E-13  5.98802E-02 SPIREspec 
 2.39521E+02  8.64782E-12  5.78683E-13  6.02410E-02 SPIREspec 
 2.40964E+02  8.21465E-12  5.79728E-13  6.06061E-02 SPIREspec 
 2.42424E+02  7.82823E-12  5.75069E-13  6.09756E-02 SPIREspec 
 2.43902E+02  7.62261E-12  5.63628E-13  6.13497E-02 SPIREspec 
 2.45399E+02  7.65491E-12  5.21149E-13  6.17284E-02 SPIREspec 
 2.46914E+02  7.77689E-12  4.47581E-13  6.21118E-02 SPIREspec 
 2.48447E+02  7.93726E-12  4.02013E-13  6.25000E-02 SPIREspec 
 2.50000E+02  8.07970E-12  4.33328E-13  6.28931E-02 SPIREspec 
 2.51572E+02  8.13802E-12  4.88709E-13  6.32911E-02 SPIREspec 
 2.53165E+02  8.10005E-12  5.10193E-13  6.36943E-02 SPIREspec 
 2.54777E+02  8.06197E-12  5.03019E-13  6.41026E-02 SPIREspec 
 2.56410E+02  8.02948E-12  5.00787E-13  6.45161E-02 SPIREspec 
 2.58065E+02  8.01837E-12  5.05646E-13  6.49351E-02 SPIREspec 
 2.59740E+02  8.04554E-12  4.98019E-13  6.53595E-02 SPIREspec 
 2.61438E+02  8.11958E-12  4.96586E-13  6.57895E-02 SPIREspec 
 2.63158E+02  8.15548E-12  5.26214E-13  6.62252E-02 SPIREspec 
 2.64901E+02  8.15791E-12  5.61172E-13  6.66667E-02 SPIREspec 
 2.66667E+02  8.11316E-12  5.59049E-13  6.71141E-02 SPIREspec 
 2.68456E+02  7.98826E-12  5.16409E-13  6.75676E-02 SPIREspec 
 2.70270E+02  7.83010E-12  4.63813E-13  6.80272E-02 SPIREspec 
 2.72109E+02  7.68926E-12  4.29209E-13  6.84932E-02 SPIREspec 
 2.73973E+02  7.57605E-12  4.11070E-13  6.89655E-02 SPIREspec 
 2.75862E+02  7.46624E-12  4.01939E-13  6.94444E-02 SPIREspec 
 2.77778E+02  7.31800E-12  4.13873E-13  6.99301E-02 SPIREspec 
 2.79720E+02  7.11159E-12  4.59925E-13  7.04225E-02 SPIREspec 
 2.81690E+02  6.90653E-12  5.17211E-13  7.09220E-02 SPIREspec 
 2.83688E+02  6.74526E-12  5.41097E-13  7.14286E-02 SPIREspec 
 2.85714E+02  6.70467E-12  5.17754E-13  7.19424E-02 SPIREspec 
 2.87770E+02  6.75395E-12  4.82201E-13  7.24638E-02 SPIREspec 
 2.89855E+02  6.93762E-12  4.79384E-13  7.29927E-02 SPIREspec 
 2.91971E+02  7.13829E-12  5.00389E-13  7.35294E-02 SPIREspec 
 2.94118E+02  7.14444E-12  5.20435E-13  7.40741E-02 SPIREspec 
 2.96296E+02  6.26951E-12  7.27805E-13  7.46269E-02 SPIREspec 
 2.98507E+02  6.70845E-12  7.48539E-13  7.51880E-02 SPIREspec 
 3.00752E+02  6.85562E-12  6.07752E-13  7.57576E-02 SPIREspec 
 3.03030E+02  6.87400E-12  5.56519E-13  7.63359E-02 SPIREspec 
 3.05344E+02  6.61135E-12  5.64608E-13  7.69231E-02 SPIREspec 
 3.07692E+02  6.93604E-12  5.69292E-13  7.75194E-02 SPIREspec 
 3.10078E+02  6.03018E-12  6.09522E-13  7.81250E-02 SPIREspec 
 3.12500E+02  5.17264E-12  5.37585E-13  7.87402E-02 SPIREspec 
 3.14961E+02  6.09708E-12  7.65106E-13  7.93651E-02 SPIREspec 
 3.17460E+02  6.76854E-12  1.61659E-12  8.00000E-02 SPIREspec 
 3.20000E+02  6.35950E-12  4.23626E-13  8.06452E-02 SPIREspec 
 3.22581E+02  6.46925E-12  4.57246E-13  8.13008E-02 SPIREspec 
 3.25203E+02  6.32360E-12  5.20382E-13  8.19672E-02 SPIREspec 
 3.27869E+02  5.88112E-12  5.41702E-13  8.26446E-02 SPIREspec 
 3.30579E+02  5.27259E-12  5.01069E-13  8.33333E-02 SPIREspec 
 3.33333E+02  4.81403E-12  4.50660E-13  8.40336E-02 SPIREspec 
 3.36134E+02  4.63965E-12  4.29383E-13  8.47458E-02 SPIREspec 
 3.38983E+02  4.64085E-12  4.18483E-13  8.54701E-02 SPIREspec 
 3.41880E+02  4.64084E-12  4.01486E-13  8.62069E-02 SPIREspec 
 3.44828E+02  4.56996E-12  3.81913E-13  8.69565E-02 SPIREspec 
 3.47826E+02  4.43685E-12  3.62528E-13  8.77193E-02 SPIREspec 
 3.50877E+02  4.30872E-12  3.37616E-13  8.84956E-02 SPIREspec 
 3.53982E+02  4.28353E-12  3.10749E-13  8.92857E-02 SPIREspec 
 3.57143E+02  4.40167E-12  2.97341E-13  9.00901E-02 SPIREspec 
 3.60360E+02  4.59263E-12  2.97166E-13  9.09091E-02 SPIREspec 
 3.63636E+02  4.74416E-12  2.95971E-13  9.17431E-02 SPIREspec 
 3.66972E+02  4.79527E-12  2.86612E-13  9.25926E-02 SPIREspec 
 3.70370E+02  4.73091E-12  2.70865E-13  9.34579E-02 SPIREspec 
 3.73832E+02  4.57660E-12  2.52378E-13  9.43396E-02 SPIREspec 
 3.77358E+02  4.39314E-12  2.33710E-13  9.52381E-02 SPIREspec 
 3.80952E+02  4.25179E-12  2.18390E-13  9.61538E-02 SPIREspec 
 3.84615E+02  4.17947E-12  2.09464E-13  9.70874E-02 SPIREspec 
 3.88350E+02  4.17103E-12  2.08551E-13  9.80392E-02 SPIREspec 
 3.92157E+02  4.21609E-12  2.10805E-13  9.90099E-02 SPIREspec 
 3.96040E+02  4.28348E-12  2.14174E-13  1.00000E-01 SPIREspec 
 4.00000E+02  4.31033E-12  2.15517E-13  1.01010E-01 SPIREspec 
 4.04040E+02  4.24507E-12  2.12253E-13  1.02041E-01 SPIREspec 
 4.08163E+02  4.10281E-12  2.05141E-13  1.03093E-01 SPIREspec 
 4.12371E+02  3.90551E-12  2.06191E-13  1.04167E-01 SPIREspec 
 4.16667E+02  3.65912E-12  2.16591E-13  1.05263E-01 SPIREspec 
 4.21053E+02  3.37203E-12  2.23407E-13  1.06383E-01 SPIREspec 
 4.25532E+02  3.07965E-12  2.23002E-13  1.07527E-01 SPIREspec 
 4.30108E+02  2.84481E-12  2.19937E-13  1.08696E-01 SPIREspec 
 4.34783E+02  2.72491E-12  2.21726E-13  1.09890E-01 SPIREspec 
 4.39560E+02  2.74051E-12  2.25328E-13  1.11111E-01 SPIREspec 
 4.44444E+02  2.84418E-12  2.21905E-13  1.12360E-01 SPIREspec 
 4.49438E+02  2.93135E-12  2.15745E-13  1.13636E-01 SPIREspec 
 4.54545E+02  2.88550E-12  2.16693E-13  1.14943E-01 SPIREspec 
 4.59770E+02  2.66064E-12  2.19791E-13  1.16279E-01 SPIREspec 
 4.65116E+02  2.33475E-12  2.19623E-13  1.17647E-01 SPIREspec 
 4.70588E+02  2.05528E-12  2.28315E-13  1.19048E-01 SPIREspec 
 4.76190E+02  1.94453E-12  2.52403E-13  1.20482E-01 SPIREspec 
 4.81928E+02  2.00909E-12  2.72652E-13  1.21951E-01 SPIREspec 
 4.87805E+02  2.16224E-12  2.73753E-13  1.23457E-01 SPIREspec 
 4.93827E+02  2.32593E-12  2.67949E-13  1.25000E-01 SPIREspec 
 5.00000E+02  2.43352E-12  2.81079E-13  1.26582E-01 SPIREspec 
 5.06329E+02  2.43215E-12  3.17768E-13  1.28205E-01 SPIREspec 
 5.12821E+02  2.28809E-12  3.56712E-13  1.29870E-01 SPIREspec 
 5.19481E+02  2.04232E-12  3.74242E-13  1.31579E-01 SPIREspec 
 5.26316E+02  1.82040E-12  3.60891E-13  1.33333E-01 SPIREspec 
 5.33333E+02  1.72795E-12  3.34372E-13  1.35135E-01 SPIREspec 
 5.40541E+02  1.73954E-12  3.25518E-13  1.36986E-01 SPIREspec 
 5.47945E+02  1.73200E-12  3.39864E-13  1.38889E-01 SPIREspec 
 5.55556E+02  1.61636E-12  3.58755E-13  1.40845E-01 SPIREspec 
 5.63380E+02  1.46341E-12  3.71659E-13  1.42857E-01 SPIREspec 
 5.71429E+02  1.36506E-12  3.77154E-13  1.44928E-01 SPIREspec 
 5.79710E+02  1.35405E-12  3.68365E-13  1.47059E-01 SPIREspec 
 5.88235E+02  1.40923E-12  3.43175E-13  1.49254E-01 SPIREspec 
 5.97015E+02  1.48220E-12  3.22728E-13  1.51515E-01 SPIREspec 
 6.06061E+02  1.53471E-12  3.25342E-13  1.53846E-01 SPIREspec 
 6.15385E+02  1.52816E-12  3.37503E-13  1.56250E-01 SPIREspec 
 6.25000E+02  1.42541E-12  3.54277E-13  1.58730E-01 SPIREspec 
 6.34921E+02  1.24563E-12  4.00282E-13  1.61290E-01 SPIREspec 
 6.45161E+02  1.06527E-12  4.73667E-13  1.63934E-01 SPIREspec 
 6.55738E+02  9.02256E-13  5.32373E-13  1.66667E-01 SPIREspec 
 6.66667E+02  7.72255E-13  5.49199E-13  1.63934E-01 SPIREspec 
 1.23010E-01  5.77279E-13  5.68210E-14  4.99959E-02 <UV> 
 1.23625E-01  8.18919E-13  4.09460E-14  4.99979E-02 <UV> 
 1.24243E-01  5.46994E-13  2.76489E-14  5.00067E-02 <UV> 
 1.24865E-01  4.14081E-13  2.07040E-14  4.99982E-02 <UV> 
 1.25489E-01  5.12820E-13  2.56410E-14  4.99965E-02 <UV> 
 1.26116E-01  5.22069E-13  2.61034E-14  5.00015E-02 <UV> 
 1.26747E-01  5.88828E-13  2.94414E-14  4.99973E-02 <UV> 
 1.27381E-01  6.64486E-13  3.32243E-14  5.00076E-02 <UV> 
 1.28018E-01  6.20919E-13  3.10459E-14  4.99931E-02 <UV> 
 1.28658E-01  6.42184E-13  3.21092E-14  5.00009E-02 <UV> 
 1.29301E-01  1.16779E-12  5.83894E-14  4.99997E-02 <UV> 
 1.29947E-01  2.24883E-12  1.12442E-13  5.00048E-02 <UV> 
 1.30597E-01  3.12067E-12  1.56034E-13  5.00011E-02 <UV> 
 1.31250E-01  1.24651E-12  6.23253E-14  4.99961E-02 <UV> 
 1.31906E-01  7.13511E-13  3.56755E-14  4.99976E-02 <UV> 
 1.32566E-01  8.02637E-13  4.01319E-14  5.00053E-02 <UV> 
 1.33229E-01  1.46517E-12  7.32585E-14  4.99967E-02 <UV> 
 1.33895E-01  1.15220E-12  5.76098E-14  5.00019E-02 <UV> 
 1.34564E-01  7.06861E-13  3.53431E-14  4.99984E-02 <UV> 
 1.35237E-01  7.11357E-13  3.55679E-14  5.00010E-02 <UV> 
 1.35913E-01  7.07539E-13  3.53770E-14  5.00024E-02 <UV> 
 1.36593E-01  5.44107E-13  2.72054E-14  4.99952E-02 <UV> 
 1.37276E-01  5.15095E-13  2.57547E-14  5.00015E-02 <UV> 
 1.37962E-01  5.62232E-13  2.81116E-14  4.99992E-02 <UV> 
 1.38652E-01  7.53558E-13  3.76779E-14  5.00028E-02 <UV> 
 1.39345E-01  1.09930E-12  5.49649E-14  4.99981E-02 <UV> 
 1.40042E-01  1.05108E-12  5.25539E-14  4.99993E-02 <UV> 
 1.40742E-01  7.60818E-13  3.80409E-14  4.99992E-02 <UV> 
 1.41446E-01  5.54652E-13  2.77326E-14  5.00049E-02 <UV> 
 1.42153E-01  5.87990E-13  2.93995E-14  4.99953E-02 <UV> 
 1.42864E-01  6.71056E-13  3.35528E-14  4.99986E-02 <UV> 
 1.43578E-01  7.23080E-13  3.61540E-14  5.00006E-02 <UV> 
 1.44296E-01  7.56629E-13  3.78314E-14  5.00013E-02 <UV> 
 1.45018E-01  7.31732E-13  3.65866E-14  5.00008E-02 <UV> 
 1.45743E-01  7.30288E-13  3.65144E-14  4.99990E-02 <UV> 
 1.46472E-01  7.69403E-13  3.84702E-14  5.00029E-02 <UV> 
 1.47204E-01  7.80937E-13  3.90469E-14  4.99987E-02 <UV> 
 1.47940E-01  8.19032E-13  4.09516E-14  5.00000E-02 <UV> 
 1.48680E-01  9.00747E-13  4.50374E-14  5.00001E-02 <UV> 
 1.49423E-01  9.62254E-13  4.81127E-14  4.99990E-02 <UV> 
 1.50170E-01  9.94634E-13  4.97317E-14  5.00033E-02 <UV> 
 1.50921E-01  9.90504E-13  4.95252E-14  4.99997E-02 <UV> 
 1.51676E-01  1.00825E-12  5.04126E-14  4.99949E-02 <UV> 
 1.52434E-01  1.16506E-12  5.82532E-14  5.00020E-02 <UV> 
 1.53196E-01  1.48729E-12  7.43644E-14  5.00013E-02 <UV> 
 1.53962E-01  2.46339E-12  1.23170E-13  4.99993E-02 <UV> 
 1.54732E-01  3.94566E-12  1.97283E-13  5.00026E-02 <UV> 
 1.55506E-01  3.09481E-12  1.54741E-13  4.99982E-02 <UV> 
 1.56283E-01  2.28194E-12  1.14097E-13  4.99990E-02 <UV> 
 1.57064E-01  1.69369E-12  8.46845E-14  4.99986E-02 <UV> 
 1.57850E-01  1.25049E-12  6.25243E-14  5.00032E-02 <UV> 
 1.58639E-01  1.24738E-12  6.23690E-14  5.00003E-02 <UV> 
 1.59432E-01  1.28078E-12  6.40390E-14  4.99961E-02 <UV> 
 1.60229E-01  1.33984E-12  6.69919E-14  5.00033E-02 <UV> 
 1.61031E-01  1.41546E-12  7.07729E-14  4.99967E-02 <UV> 
 1.61836E-01  1.52661E-12  7.63305E-14  5.00013E-02 <UV> 
 1.62645E-01  1.66874E-12  8.34368E-14  4.99985E-02 <UV> 
 1.63458E-01  2.46331E-12  1.23166E-13  5.00006E-02 <UV> 
 1.64275E-01  2.46497E-12  1.23248E-13  5.00014E-02 <UV> 
 1.65097E-01  2.45664E-12  1.22832E-13  5.00010E-02 <UV> 
 1.65922E-01  1.89815E-12  9.49076E-14  4.99993E-02 <UV> 
 1.66752E-01  1.88486E-12  9.42432E-14  5.00024E-02 <UV> 
 1.67586E-01  1.23561E-12  6.17805E-14  4.99983E-02 <UV> 
 1.68424E-01  9.52941E-13  4.76470E-14  4.99989E-02 <UV> 
 1.69266E-01  9.57705E-13  4.78853E-14  4.99983E-02 <UV> 
 1.70112E-01  8.71314E-13  4.35657E-14  5.00024E-02 <UV> 
 1.70963E-01  8.75670E-13  4.37835E-14  4.99992E-02 <UV> 
 1.71817E-01  1.05118E-12  5.25589E-14  5.00008E-02 <UV> 
 1.72677E-01  1.05643E-12  5.28217E-14  5.00010E-02 <UV> 
 1.73540E-01  1.00983E-12  5.04914E-14  5.00000E-02 <UV> 
 1.74408E-01  1.01488E-12  5.07439E-14  4.99978E-02 <UV> 
 1.75280E-01  9.50717E-13  4.75358E-14  5.00001E-02 <UV> 
 1.76156E-01  9.55470E-13  4.77735E-14  5.00011E-02 <UV> 
 1.77037E-01  9.41305E-13  4.70652E-14  5.00009E-02 <UV> 
 1.77922E-01  9.46011E-13  4.73006E-14  4.99994E-02 <UV> 
 1.78812E-01  1.18516E-12  5.92582E-14  4.99968E-02 <UV> 
 1.79706E-01  1.19109E-12  5.95544E-14  5.00040E-02 <UV> 
 1.80604E-01  1.43093E-12  7.15464E-14  4.99988E-02 <UV> 
 1.81507E-01  1.43808E-12  7.19041E-14  1.00249E-01 <UV> 
 1.83327E-01  1.18997E-12  6.14328E-14  4.99981E-02 <UV> 
 1.84243E-01  1.19592E-12  6.17400E-14  5.00045E-02 <UV> 
 1.85165E-01  1.08467E-12  6.55666E-14  4.99987E-02 <UV> 
 1.86091E-01  1.08996E-12  6.58939E-14  1.00247E-01 <UV> 
 1.87956E-01  8.55809E-13  6.91058E-14  5.00011E-02 <UV> 
 1.88896E-01  8.61881E-13  6.94528E-14  5.00011E-02 <UV> 
 1.89840E-01  7.74019E-13  7.74463E-14  4.99999E-02 <UV> 
 1.90790E-01  7.76956E-13  7.78347E-14  3.19032E-01 <UV> 
 1.96876E-01  2.87067E-12  8.66661E-13  2.40466E-01 <UV> 
 2.01610E-01  4.56182E-12  9.70031E-13  2.33455E-01 <UV> 
 2.06317E-01  2.07345E-12  6.27285E-13  1.66564E-01 <UV> 
 2.09754E-01  4.40718E-12  1.39301E-12  1.79511E-01 <UV> 
 2.13519E-01  2.23083E-12  5.54278E-13  2.77788E-01 <UV> 
 2.19450E-01  2.12749E-12  6.18565E-13  1.47669E-01 <UV> 
 2.22691E-01  3.82966E-12  1.25194E-12  1.02151E-01 <UV> 
 2.24966E-01  2.24700E-12  6.55102E-13  9.83483E-02 <UV> 
 2.27178E-01  3.40590E-12  1.06729E-12  7.71113E-02 <UV> 
 2.28930E-01  2.63860E-12  6.78036E-13  7.30747E-02 <UV> 
 2.30603E-01  6.04740E-12  9.39937E-13  4.99994E-02 <UV> 
 2.31756E-01  4.88182E-12  9.02812E-13  5.00009E-02 <UV> 
 2.32915E-01  9.24392E-12  8.19420E-13  5.00011E-02 <UV> 
 2.34079E-01  5.47837E-12  7.74381E-13  5.00001E-02 <UV> 
 2.35250E-01  5.14505E-12  7.39592E-13  4.99979E-02 <UV> 
 2.36426E-01  6.45603E-12  6.90886E-13  5.00030E-02 <UV> 
 2.37608E-01  5.18689E-12  6.17598E-13  4.99983E-02 <UV> 
 2.38796E-01  7.84651E-12  6.51820E-13  5.00008E-02 <UV> 
 2.39990E-01  6.89312E-12  5.98818E-13  4.99979E-02 <UV> 
 2.41190E-01  5.58099E-12  5.28040E-13  5.00021E-02 <UV> 
 2.42396E-01  4.77091E-12  5.06251E-13  5.00008E-02 <UV> 
 2.43608E-01  4.81893E-12  5.05623E-13  4.99984E-02 <UV> 
 2.44826E-01  5.02429E-12  4.61854E-13  4.99988E-02 <UV> 
 2.46050E-01  5.04513E-12  4.26329E-13  5.00020E-02 <UV> 
 2.47280E-01  4.15270E-12  4.17125E-13  4.99999E-02 <UV> 
 2.48517E-01  5.95546E-12  3.94928E-13  5.00006E-02 <UV> 
 2.49759E-01  5.13655E-12  3.78218E-13  5.00001E-02 <UV> 
 2.51008E-01  6.10718E-12  3.74750E-13  4.99984E-02 <UV> 
 2.52263E-01  5.56266E-12  3.52031E-13  4.99994E-02 <UV> 
 2.53524E-01  6.32135E-12  3.52729E-13  4.99991E-02 <UV> 
 2.54792E-01  6.16931E-12  3.48869E-13  5.00016E-02 <UV> 
 2.56066E-01  6.15501E-12  3.07750E-13  4.99988E-02 <UV> 
 2.57346E-01  5.68602E-12  2.93290E-13  5.00026E-02 <UV> 
 2.58633E-01  6.80596E-12  3.40298E-13  4.99974E-02 <UV> 
 2.59926E-01  9.56084E-12  4.78042E-13  5.00026E-02 <UV> 
 2.61226E-01  1.18598E-11  5.92990E-13  4.99989E-02 <UV> 
 2.62532E-01  1.22271E-11  6.11357E-13  5.00015E-02 <UV> 
 2.63845E-01  5.39354E-12  3.66011E-13  4.99991E-02 <UV> 
 2.65164E-01  4.30345E-12  3.06784E-13  4.99992E-02 <UV> 
 2.66490E-01  5.60926E-12  2.80463E-13  5.00019E-02 <UV> 
 2.67822E-01  5.08193E-12  2.54096E-13  4.99996E-02 <UV> 
 2.69161E-01  5.81744E-12  2.90872E-13  4.99997E-02 <UV> 
 2.70507E-01  6.06382E-12  3.03191E-13  4.99987E-02 <UV> 
 2.71860E-01  7.43939E-12  3.71969E-13  5.00001E-02 <UV> 
 2.73219E-01  9.50111E-12  4.75055E-13  5.00002E-02 <UV> 
 2.74585E-01  1.19641E-11  5.98203E-13  4.99991E-02 <UV> 
 2.75958E-01  9.26333E-12  4.63167E-13  5.00004E-02 <UV> 
 2.77338E-01  6.84301E-12  3.42150E-13  5.00004E-02 <UV> 
 2.78724E-01  1.97921E-11  9.89604E-13  4.99992E-02 <UV> 
 2.80118E-01  4.90680E-11  2.45340E-12  5.00003E-02 <UV> 
 2.81519E-01  7.34834E-12  3.67417E-13  5.00002E-02 <UV> 
 2.82926E-01  7.43488E-12  3.71744E-13  4.99989E-02 <UV> 
 2.84341E-01  7.51377E-12  3.75688E-13  4.99998E-02 <UV> 
 2.85763E-01  8.12360E-12  4.06180E-13  5.00030E-02 <UV> 
 2.87191E-01  8.71500E-12  4.35750E-13  4.99980E-02 <UV> 
 2.88627E-01  8.49889E-12  4.24945E-13  5.00022E-02 <UV> 
 2.90071E-01  7.59614E-12  3.79807E-13  4.99982E-02 <UV> 
 2.91521E-01  8.08924E-12  4.04462E-13  4.99998E-02 <UV> 
 2.92978E-01  1.00292E-11  5.01458E-13  5.00003E-02 <UV> 
 2.94443E-01  1.04585E-11  5.22926E-13  4.99994E-02 <UV> 
 2.95916E-01  1.05184E-11  5.25919E-13  5.00007E-02 <UV> 
 2.97395E-01  1.06979E-11  5.34895E-13  5.00008E-02 <UV> 
 2.98882E-01  9.71621E-12  4.85811E-13  4.99996E-02 <UV> 
 3.00377E-01  9.30726E-12  4.65363E-13  5.00006E-02 <UV> 
 3.01878E-01  9.16376E-12  4.58188E-13  5.00002E-02 <UV> 
 3.03388E-01  9.52113E-12  4.76057E-13  4.99987E-02 <UV> 
 3.04905E-01  8.00418E-12  4.24205E-13  4.99992E-02 <UV> 
 3.06429E-01  9.74491E-12  4.87246E-13  5.00017E-02 <UV> 
 3.07961E-01  1.12860E-11  5.64301E-13  4.99998E-02 <UV> 
 3.09501E-01  1.13532E-11  5.67659E-13  4.99998E-02 <UV> 
 3.11049E-01  1.27672E-11  6.38362E-13  4.99986E-02 <UV> 
 3.12604E-01  1.19345E-11  5.96725E-13  5.00026E-02 <UV> 
 3.14167E-01  1.29140E-11  6.45701E-13  4.99989E-02 <UV> 
 3.15738E-01  1.10640E-11  5.95791E-13  4.97501E-02 <UV> 
