 4.43400E-01  9.77740E-11  2.93315E-11  1.00000E+00 USNOB1.B1 
 6.24700E-01  4.13087E-10  4.13087E-11  1.00000E+00 SDSS.RP 
 6.89900E-01  4.07325E-10  1.22198E-10  1.00000E+00 USNOB1.R1 
 1.23370E+00  6.43058E-10  4.14587E-11  1.00000E+00 DENIS.J 
 1.23930E+00  3.96651E-10  1.98326E-11  1.00000E+00 2MASS.J 
 1.64950E+00  4.31396E-10  2.15698E-11  1.00000E+00 2MASS.H 
 2.16050E+00  4.78669E-10  3.08604E-11  1.00000E+00 DENIS.KS 
 2.16390E+00  3.66556E-10  1.83278E-11  1.00000E+00 2MASS.KS 
 3.36820E+00  2.63567E-10  1.31783E-11  1.00000E+00 WISE.W1 
 4.61790E+00  1.64045E-10  8.20227E-12  1.00000E+00 WISE.W2 
 1.20730E+01  1.66469E-11  8.32344E-13  1.00000E+00 WISE.W3 
 2.21943E+01  2.07477E-11  1.03739E-12  1.00000E+00 WISE.W4 
 6.04093E+01  1.38459E-10  1.24613E-11  1.00000E+00 IRAS.F60 
 1.01119E+02  1.47052E-10  1.02936E-11  1.00000E+00 IRAS.F100 
 1.48761E+02  1.06587E-10  2.01526E-11  1.00000E+00 AKARI.WIDEL 
 8.80000E+02  5.58704E-13  2.79352E-14  1.00000E+00 generic 
 1.20000E+03  1.68658E-13  8.43291E-15  1.00000E+00 generic 
 2.60000E+03  5.88054E-15  5.76524E-16  1.00000E+00 generic 
 5.15676E+00  1.08618E-10  5.43091E-12  5.86409E-02 SpitzerIRS 
 5.18700E+00  1.04455E-10  5.22275E-12  5.83187E-02 SpitzerIRS 
 5.21725E+00  1.04361E-10  5.21804E-12  5.79623E-02 SpitzerIRS 
 5.24749E+00  1.04158E-10  5.20791E-12  5.76275E-02 SpitzerIRS 
 5.27773E+00  1.02202E-10  5.11008E-12  5.72975E-02 SpitzerIRS 
 5.30797E+00  1.02742E-10  5.13711E-12  5.69707E-02 SpitzerIRS 
 5.33821E+00  1.00828E-10  5.04140E-12  5.66671E-02 SpitzerIRS 
 5.36846E+00  9.97331E-11  4.98665E-12  5.63290E-02 SpitzerIRS 
 5.39870E+00  9.91408E-11  4.95704E-12  5.60122E-02 SpitzerIRS 
 5.42894E+00  9.59829E-11  4.79915E-12  5.57017E-02 SpitzerIRS 
 5.45918E+00  9.54493E-11  4.77247E-12  5.53935E-02 SpitzerIRS 
 5.48942E+00  9.46476E-11  4.73238E-12  5.51060E-02 SpitzerIRS 
 5.51967E+00  9.34263E-11  4.67132E-12  5.47862E-02 SpitzerIRS 
 5.54991E+00  9.14379E-11  4.57190E-12  5.44875E-02 SpitzerIRS 
 5.58015E+00  9.02370E-11  4.51185E-12  5.41916E-02 SpitzerIRS 
 5.61039E+00  8.89254E-11  4.44627E-12  5.38995E-02 SpitzerIRS 
 5.64063E+00  8.76879E-11  4.38440E-12  5.36288E-02 SpitzerIRS 
 5.67088E+00  8.59542E-11  4.29771E-12  5.33256E-02 SpitzerIRS 
 5.70112E+00  8.64025E-11  4.32012E-12  5.30420E-02 SpitzerIRS 
 5.73136E+00  8.67520E-11  4.33760E-12  5.27627E-02 SpitzerIRS 
 5.76160E+00  8.51161E-11  4.25580E-12  5.24854E-02 SpitzerIRS 
 5.79184E+00  8.29020E-11  4.14510E-12  5.22290E-02 SpitzerIRS 
 5.82209E+00  8.16068E-11  4.08034E-12  5.19399E-02 SpitzerIRS 
 5.85233E+00  8.09102E-11  4.04551E-12  5.16714E-02 SpitzerIRS 
 5.88257E+00  8.10123E-11  4.05061E-12  5.14059E-02 SpitzerIRS 
 5.91281E+00  7.96055E-11  3.98027E-12  5.11430E-02 SpitzerIRS 
 5.94305E+00  7.92540E-11  3.96270E-12  5.09000E-02 SpitzerIRS 
 5.97330E+00  7.86305E-11  3.93152E-12  5.06258E-02 SpitzerIRS 
 6.00354E+00  7.50219E-11  3.75110E-12  5.03703E-02 SpitzerIRS 
 6.03378E+00  7.54100E-11  3.77050E-12  5.01175E-02 SpitzerIRS 
 6.06402E+00  7.53512E-11  3.76756E-12  4.98681E-02 SpitzerIRS 
 6.09426E+00  7.49790E-11  3.74895E-12  4.96361E-02 SpitzerIRS 
 6.12451E+00  7.43416E-11  3.71708E-12  4.93759E-02 SpitzerIRS 
 6.15475E+00  7.37917E-11  3.68959E-12  4.91331E-02 SpitzerIRS 
 6.18499E+00  7.22222E-11  3.61111E-12  4.88924E-02 SpitzerIRS 
 6.21523E+00  7.08209E-11  3.54104E-12  4.86545E-02 SpitzerIRS 
 6.24547E+00  7.06337E-11  3.53168E-12  4.84354E-02 SpitzerIRS 
 6.27572E+00  6.97789E-11  3.48894E-12  4.81860E-02 SpitzerIRS 
 6.30596E+00  6.91067E-11  3.45534E-12  4.79542E-02 SpitzerIRS 
 6.33620E+00  6.79159E-11  3.39579E-12  4.77258E-02 SpitzerIRS 
 6.36644E+00  6.78779E-11  3.39389E-12  4.74986E-02 SpitzerIRS 
 6.39668E+00  6.67385E-11  3.33693E-12  4.72908E-02 SpitzerIRS 
 6.42693E+00  6.65858E-11  3.32929E-12  4.70519E-02 SpitzerIRS 
 6.45717E+00  6.49063E-11  3.24532E-12  4.68315E-02 SpitzerIRS 
 6.48741E+00  6.50739E-11  3.25369E-12  4.66135E-02 SpitzerIRS 
 6.51765E+00  6.41358E-11  3.20679E-12  4.63976E-02 SpitzerIRS 
 6.54789E+00  6.27861E-11  3.13930E-12  4.61972E-02 SpitzerIRS 
 6.57814E+00  6.25247E-11  3.12624E-12  4.59709E-02 SpitzerIRS 
 6.60838E+00  6.16925E-11  3.08463E-12  4.57604E-02 SpitzerIRS 
 6.63862E+00  5.96576E-11  2.98288E-12  4.55515E-02 SpitzerIRS 
 6.66886E+00  5.89757E-11  2.94878E-12  4.53446E-02 SpitzerIRS 
 6.69910E+00  5.82931E-11  2.91465E-12  4.51553E-02 SpitzerIRS 
 6.72935E+00  5.89112E-11  2.94556E-12  4.49379E-02 SpitzerIRS 
 6.75959E+00  5.85749E-11  2.92875E-12  4.47367E-02 SpitzerIRS 
 6.78983E+00  5.85414E-11  2.92707E-12  4.45365E-02 SpitzerIRS 
 6.82007E+00  5.95539E-11  2.97769E-12  4.43399E-02 SpitzerIRS 
 6.85031E+00  5.68288E-11  2.84144E-12  4.41583E-02 SpitzerIRS 
 6.88056E+00  5.60202E-11  2.80101E-12  4.39506E-02 SpitzerIRS 
 6.91080E+00  5.60497E-11  2.80249E-12  4.37575E-02 SpitzerIRS 
 6.94104E+00  5.56037E-11  2.78018E-12  4.35664E-02 SpitzerIRS 
 6.97128E+00  5.50782E-11  2.75391E-12  4.33788E-02 SpitzerIRS 
 7.00152E+00  5.63584E-11  2.81792E-12  4.32052E-02 SpitzerIRS 
 7.03177E+00  5.30247E-11  2.65123E-12  4.30038E-02 SpitzerIRS 
 7.06201E+00  5.30938E-11  2.65469E-12  4.28204E-02 SpitzerIRS 
 7.09225E+00  5.27658E-11  2.63829E-12  4.26387E-02 SpitzerIRS 
 7.12249E+00  5.17053E-11  2.58526E-12  4.24573E-02 SpitzerIRS 
 7.15273E+00  5.05955E-11  2.52977E-12  4.22913E-02 SpitzerIRS 
 7.18298E+00  5.10759E-11  2.55379E-12  4.20994E-02 SpitzerIRS 
 7.21322E+00  5.01024E-11  2.50512E-12  4.19236E-02 SpitzerIRS 
 7.24346E+00  4.94746E-11  2.47373E-12  4.17479E-02 SpitzerIRS 
 7.27370E+00  4.86523E-11  2.43262E-12  4.15739E-02 SpitzerIRS 
 7.30394E+00  4.90947E-11  2.45473E-12  4.14159E-02 SpitzerIRS 
 7.33419E+00  4.84837E-11  2.42418E-12  4.12321E-02 SpitzerIRS 
 7.36443E+00  4.69948E-11  2.34974E-12  4.10622E-02 SpitzerIRS 
 7.39467E+00  4.62979E-11  2.31490E-12  4.08946E-02 SpitzerIRS 
 7.42491E+00  4.71283E-11  2.35641E-12  4.07278E-02 SpitzerIRS 
 7.45515E+00  4.55177E-11  2.27589E-12  4.05753E-02 SpitzerIRS 
 7.48540E+00  4.57230E-11  2.28615E-12  4.03989E-02 SpitzerIRS 
 7.51564E+00  4.57270E-11  2.28635E-12  4.02357E-02 SpitzerIRS 
 7.54588E+00  4.54793E-11  2.27396E-12  4.00752E-02 SpitzerIRS 
 7.57612E+00  4.55304E-11  2.27652E-12  7.98302E-02 SpitzerIRS 
 7.63660E+00  4.37513E-11  2.18756E-12  7.92106E-02 SpitzerIRS 
 7.69709E+00  4.30170E-11  2.15085E-12  7.85744E-02 SpitzerIRS 
 7.75757E+00  4.19699E-11  2.09849E-12  7.79627E-02 SpitzerIRS 
 7.81805E+00  4.13214E-11  2.06607E-12  7.73722E-02 SpitzerIRS 
 7.87854E+00  4.10057E-11  2.05028E-12  7.67661E-02 SpitzerIRS 
 7.93902E+00  4.00115E-11  2.00057E-12  7.61925E-02 SpitzerIRS 
 7.99951E+00  3.94088E-11  1.97044E-12  7.56049E-02 SpitzerIRS 
 8.05999E+00  3.87003E-11  1.93502E-12  7.50376E-02 SpitzerIRS 
 8.12047E+00  3.75112E-11  1.87556E-12  7.44904E-02 SpitzerIRS 
 8.18096E+00  3.71005E-11  1.85502E-12  7.39275E-02 SpitzerIRS 
 8.24144E+00  3.63656E-11  1.81828E-12  7.33857E-02 SpitzerIRS 
 8.30192E+00  3.56613E-11  1.78307E-12  7.28619E-02 SpitzerIRS 
 8.36241E+00  3.52938E-11  1.76469E-12  7.23241E-02 SpitzerIRS 
 8.42289E+00  3.39262E-11  1.69631E-12  7.18045E-02 SpitzerIRS 
 8.48337E+00  3.32501E-11  1.66250E-12  7.13046E-02 SpitzerIRS 
 8.54386E+00  3.25302E-11  1.62651E-12  7.07872E-02 SpitzerIRS 
 8.60434E+00  3.19545E-11  1.59772E-12  7.03020E-02 SpitzerIRS 
 8.66483E+00  3.12830E-11  1.56415E-12  6.97995E-02 SpitzerIRS 
 8.72531E+00  3.06332E-11  1.53166E-12  6.93160E-02 SpitzerIRS 
 8.78579E+00  2.96612E-11  1.48306E-12  6.88497E-02 SpitzerIRS 
 8.84628E+00  2.89892E-11  1.44946E-12  6.83677E-02 SpitzerIRS 
 8.90676E+00  2.81891E-11  1.40945E-12  6.79034E-02 SpitzerIRS 
 8.96724E+00  2.74743E-11  1.37371E-12  6.74565E-02 SpitzerIRS 
 9.02773E+00  2.72901E-11  1.36451E-12  6.69933E-02 SpitzerIRS 
 9.08821E+00  2.70340E-11  1.35170E-12  6.65479E-02 SpitzerIRS 
 9.14869E+00  2.63446E-11  1.31723E-12  6.61183E-02 SpitzerIRS 
 9.20918E+00  2.57705E-11  1.28853E-12  6.56739E-02 SpitzerIRS 
 9.26966E+00  2.56411E-11  1.28206E-12  6.52553E-02 SpitzerIRS 
 9.33015E+00  2.51177E-11  1.25589E-12  6.48223E-02 SpitzerIRS 
 9.39063E+00  2.46756E-11  1.23378E-12  6.44053E-02 SpitzerIRS 
 9.45111E+00  2.40885E-11  1.20442E-12  6.40026E-02 SpitzerIRS 
 9.51160E+00  2.33150E-11  1.16575E-12  6.35857E-02 SpitzerIRS 
 9.57208E+00  2.29296E-11  1.14648E-12  6.31839E-02 SpitzerIRS 
 9.63256E+00  2.32640E-11  1.16320E-12  6.27976E-02 SpitzerIRS 
 9.69305E+00  2.25329E-11  1.12664E-12  6.23944E-02 SpitzerIRS 
 9.75353E+00  2.20110E-11  1.10055E-12  6.20089E-02 SpitzerIRS 
 9.81401E+00  2.17221E-11  1.08610E-12  6.16364E-02 SpitzerIRS 
 9.87450E+00  2.12445E-11  1.06222E-12  6.12492E-02 SpitzerIRS 
 9.93498E+00  2.12267E-11  1.06134E-12  6.08857E-02 SpitzerIRS 
 9.99547E+00  2.08589E-11  1.04294E-12  6.05071E-02 SpitzerIRS 
 1.00559E+01  2.00276E-11  1.00138E-12  6.01435E-02 SpitzerIRS 
 1.01164E+01  1.96902E-11  9.84509E-13  5.97938E-02 SpitzerIRS 
 1.01769E+01  1.97759E-11  9.88796E-13  5.94286E-02 SpitzerIRS 
 1.02374E+01  1.93116E-11  9.65581E-13  5.90775E-02 SpitzerIRS 
 1.02979E+01  1.88782E-11  9.43909E-13  5.87402E-02 SpitzerIRS 
 1.03584E+01  1.84541E-11  9.22707E-13  5.83876E-02 SpitzerIRS 
 1.04189E+01  1.82601E-11  9.13004E-13  5.80486E-02 SpitzerIRS 
 1.04793E+01  1.80986E-11  9.04929E-13  5.77232E-02 SpitzerIRS 
 1.05398E+01  1.78325E-11  8.91623E-13  5.73824E-02 SpitzerIRS 
 1.06003E+01  1.77045E-11  8.85223E-13  5.70654E-02 SpitzerIRS 
 1.06608E+01  1.72842E-11  8.64208E-13  5.67303E-02 SpitzerIRS 
 1.07213E+01  1.66516E-11  8.32581E-13  5.64112E-02 SpitzerIRS 
 1.07818E+01  1.67244E-11  8.36219E-13  5.61050E-02 SpitzerIRS 
 1.08422E+01  1.64211E-11  8.21057E-13  5.57809E-02 SpitzerIRS 
 1.09027E+01  1.60142E-11  8.00709E-13  5.54715E-02 SpitzerIRS 
 1.09632E+01  1.55217E-11  7.76086E-13  5.51764E-02 SpitzerIRS 
 1.10237E+01  1.57382E-11  7.86912E-13  5.48637E-02 SpitzerIRS 
 1.10842E+01  1.58925E-11  7.94624E-13  5.45643E-02 SpitzerIRS 
 1.11447E+01  1.56188E-11  7.80939E-13  5.42772E-02 SpitzerIRS 
 1.12051E+01  1.57661E-11  7.88305E-13  5.39752E-02 SpitzerIRS 
 1.12656E+01  1.55803E-11  7.79015E-13  5.36943E-02 SpitzerIRS 
 1.13261E+01  1.55795E-11  7.78975E-13  5.33987E-02 SpitzerIRS 
 1.13866E+01  1.51951E-11  7.59757E-13  5.31151E-02 SpitzerIRS 
 1.14471E+01  1.45736E-11  7.28678E-13  5.28432E-02 SpitzerIRS 
 1.15076E+01  1.44301E-11  7.21506E-13  5.25568E-02 SpitzerIRS 
 1.15680E+01  1.43566E-11  7.17831E-13  5.22820E-02 SpitzerIRS 
 1.16285E+01  1.37965E-11  6.89826E-13  5.20178E-02 SpitzerIRS 
 1.16890E+01  1.35048E-11  6.75240E-13  5.17418E-02 SpitzerIRS 
 1.17495E+01  1.32073E-11  6.60363E-13  5.14746E-02 SpitzerIRS 
 1.18100E+01  1.28753E-11  6.43765E-13  5.12186E-02 SpitzerIRS 
 1.18705E+01  1.25721E-11  6.28603E-13  5.09509E-02 SpitzerIRS 
 1.19309E+01  1.24703E-11  6.23515E-13  5.07001E-02 SpitzerIRS 
 1.19914E+01  1.24086E-11  6.20429E-13  5.04369E-02 SpitzerIRS 
 1.20519E+01  1.22784E-11  6.13920E-13  5.01813E-02 SpitzerIRS 
 1.21124E+01  1.19089E-11  5.95443E-13  4.99414E-02 SpitzerIRS 
 1.21729E+01  1.17361E-11  5.86804E-13  4.96850E-02 SpitzerIRS 
 1.22334E+01  1.16938E-11  5.84690E-13  4.94378E-02 SpitzerIRS 
 1.22938E+01  1.17059E-11  5.85295E-13  4.92035E-02 SpitzerIRS 
 1.23543E+01  1.13350E-11  5.66752E-13  4.89545E-02 SpitzerIRS 
 1.24148E+01  1.12867E-11  5.64334E-13  4.87160E-02 SpitzerIRS 
 1.24753E+01  1.08173E-11  5.40865E-13  4.84879E-02 SpitzerIRS 
 1.25358E+01  1.09722E-11  5.48610E-13  4.82459E-02 SpitzerIRS 
 1.25963E+01  1.08243E-11  5.41214E-13  4.80214E-02 SpitzerIRS 
 1.26567E+01  1.06074E-11  5.30369E-13  4.77856E-02 SpitzerIRS 
 1.27172E+01  1.08184E-11  5.40919E-13  4.75575E-02 SpitzerIRS 
 1.27777E+01  1.18760E-11  5.93802E-13  4.73395E-02 SpitzerIRS 
 1.28382E+01  1.18786E-11  5.93932E-13  4.71102E-02 SpitzerIRS 
 1.28987E+01  1.02227E-11  5.11135E-13  4.68885E-02 SpitzerIRS 
 1.29592E+01  9.77478E-12  4.88739E-13  4.66774E-02 SpitzerIRS 
 1.30197E+01  9.56843E-12  4.78421E-13  4.64529E-02 SpitzerIRS 
 1.30801E+01  9.41112E-12  4.70556E-13  4.62373E-02 SpitzerIRS 
 1.31406E+01  9.24886E-12  4.62443E-13  4.60336E-02 SpitzerIRS 
 1.32011E+01  9.19721E-12  4.59861E-13  4.58144E-02 SpitzerIRS 
 1.32616E+01  9.10739E-12  4.55370E-13  4.56047E-02 SpitzerIRS 
 1.33221E+01  9.13040E-12  4.56520E-13  4.54074E-02 SpitzerIRS 
 1.33826E+01  8.80460E-12  4.40230E-13  4.51932E-02 SpitzerIRS 
 1.34430E+01  8.55059E-12  4.27530E-13  4.49965E-02 SpitzerIRS 
 1.35035E+01  8.55835E-12  4.27918E-13  4.47883E-02 SpitzerIRS 
 1.35640E+01  8.38182E-12  4.19091E-13  4.45886E-02 SpitzerIRS 
 1.36245E+01  8.38057E-12  4.19029E-13  4.43973E-02 SpitzerIRS 
 1.36850E+01  8.29927E-12  4.14963E-13  4.41952E-02 SpitzerIRS 
 1.37454E+01  8.30665E-12  4.15333E-13  4.40000E-02 SpitzerIRS 
 1.38059E+01  7.83014E-12  3.91507E-13  4.38145E-02 SpitzerIRS 
 1.38664E+01  7.55230E-12  3.77615E-13  4.36162E-02 SpitzerIRS 
 1.39269E+01  7.72413E-12  3.86206E-13  4.21666E-02 SpitzerIRS 
 1.39856E+01  7.60172E-12  3.80086E-13  5.98650E-02 SpitzerIRS 
 1.40694E+01  7.43871E-12  3.71936E-13  6.01876E-02 SpitzerIRS 
 1.41540E+01  7.30088E-12  3.65044E-13  5.98282E-02 SpitzerIRS 
 1.42387E+01  7.25270E-12  3.62635E-13  5.94640E-02 SpitzerIRS 
 1.43234E+01  6.97709E-12  3.48854E-13  5.91208E-02 SpitzerIRS 
 1.44081E+01  6.82776E-12  3.41388E-13  5.87713E-02 SpitzerIRS 
 1.44927E+01  6.66383E-12  3.33191E-13  5.84230E-02 SpitzerIRS 
 1.45774E+01  6.59157E-12  3.29578E-13  5.80899E-02 SpitzerIRS 
 1.46621E+01  6.58849E-12  3.29424E-13  5.77537E-02 SpitzerIRS 
 1.47468E+01  6.50484E-12  3.25242E-13  5.74234E-02 SpitzerIRS 
 1.48315E+01  6.38269E-12  3.19134E-13  5.70881E-02 SpitzerIRS 
 1.49161E+01  6.20397E-12  3.10198E-13  5.67708E-02 SpitzerIRS 
 1.50008E+01  6.22379E-12  3.11190E-13  5.64503E-02 SpitzerIRS 
 1.50855E+01  5.96354E-12  2.98177E-13  5.61268E-02 SpitzerIRS 
 1.51701E+01  5.95034E-12  2.97517E-13  5.58201E-02 SpitzerIRS 
 1.52548E+01  5.98446E-12  2.99223E-13  5.55103E-02 SpitzerIRS 
 1.53395E+01  5.92068E-12  2.96034E-13  5.51967E-02 SpitzerIRS 
 1.54242E+01  5.83681E-12  2.91840E-13  5.49008E-02 SpitzerIRS 
 1.55089E+01  5.97720E-12  2.98860E-13  5.46017E-02 SpitzerIRS 
 1.55935E+01  5.99770E-12  2.99885E-13  5.42981E-02 SpitzerIRS 
 1.56782E+01  5.91641E-12  2.95821E-13  5.40113E-02 SpitzerIRS 
 1.57629E+01  5.83613E-12  2.91806E-13  5.37211E-02 SpitzerIRS 
 1.58476E+01  5.84671E-12  2.92336E-13  5.34277E-02 SpitzerIRS 
 1.59322E+01  5.84747E-12  2.92373E-13  5.31501E-02 SpitzerIRS 
 1.60169E+01  5.94644E-12  2.97322E-13  5.28691E-02 SpitzerIRS 
 1.61016E+01  5.85333E-12  2.92667E-13  5.25904E-02 SpitzerIRS 
 1.61863E+01  5.82247E-12  2.91123E-13  5.23104E-02 SpitzerIRS 
 1.62709E+01  6.01994E-12  3.00997E-13  5.20443E-02 SpitzerIRS 
 1.63556E+01  5.90336E-12  2.95168E-13  5.17736E-02 SpitzerIRS 
 1.64403E+01  6.06088E-12  3.03044E-13  5.15015E-02 SpitzerIRS 
 1.65250E+01  6.07813E-12  3.03907E-13  5.12436E-02 SpitzerIRS 
 1.66097E+01  6.02433E-12  3.01217E-13  5.09818E-02 SpitzerIRS 
 1.66943E+01  5.94551E-12  2.97275E-13  5.07184E-02 SpitzerIRS 
 1.67790E+01  6.21061E-12  3.10530E-13  5.04678E-02 SpitzerIRS 
 1.68637E+01  6.29097E-12  3.14549E-13  5.02144E-02 SpitzerIRS 
 1.69484E+01  6.29440E-12  3.14720E-13  4.99576E-02 SpitzerIRS 
 1.70330E+01  6.44902E-12  3.22451E-13  4.97146E-02 SpitzerIRS 
 1.71177E+01  6.50941E-12  3.25471E-13  4.94698E-02 SpitzerIRS 
 1.72024E+01  6.51758E-12  3.25879E-13  4.92199E-02 SpitzerIRS 
 1.72871E+01  6.50286E-12  3.25143E-13  4.89846E-02 SpitzerIRS 
 1.73717E+01  6.59489E-12  3.29744E-13  4.87464E-02 SpitzerIRS 
 1.74564E+01  6.59196E-12  3.29598E-13  4.85082E-02 SpitzerIRS 
 1.75411E+01  6.60966E-12  3.30483E-13  4.82695E-02 SpitzerIRS 
 1.76258E+01  6.63667E-12  3.31833E-13  4.80444E-02 SpitzerIRS 
 1.77105E+01  6.72390E-12  3.36195E-13  4.78124E-02 SpitzerIRS 
 1.77951E+01  7.02664E-12  3.51332E-13  4.75815E-02 SpitzerIRS 
 1.78798E+01  7.15985E-12  3.57993E-13  4.73607E-02 SpitzerIRS 
 1.79645E+01  7.14732E-12  3.57366E-13  4.71369E-02 SpitzerIRS 
 1.80492E+01  7.24087E-12  3.62043E-13  4.69113E-02 SpitzerIRS 
 1.81338E+01  7.05108E-12  3.52554E-13  4.66967E-02 SpitzerIRS 
 1.82185E+01  7.30814E-12  3.65407E-13  4.64796E-02 SpitzerIRS 
 1.83032E+01  7.49267E-12  3.74633E-13  4.62602E-02 SpitzerIRS 
 1.83879E+01  7.72179E-12  3.86090E-13  4.60516E-02 SpitzerIRS 
 1.84725E+01  7.75422E-12  3.87711E-13  4.58415E-02 SpitzerIRS 
 1.85572E+01  7.81940E-12  3.90970E-13  4.56259E-02 SpitzerIRS 
 1.86419E+01  8.05002E-12  4.02501E-13  4.54251E-02 SpitzerIRS 
 1.87266E+01  8.16389E-12  4.08194E-13  4.52191E-02 SpitzerIRS 
 1.88113E+01  8.38436E-12  4.19218E-13  4.50156E-02 SpitzerIRS 
 1.88959E+01  8.71714E-12  4.35857E-13  4.48086E-02 SpitzerIRS 
 1.89806E+01  8.76342E-12  4.38171E-13  4.46145E-02 SpitzerIRS 
 1.90653E+01  8.75420E-12  4.37710E-13  4.44147E-02 SpitzerIRS 
 1.91500E+01  8.90498E-12  4.45249E-13  4.42152E-02 SpitzerIRS 
 1.92346E+01  9.06464E-12  4.53232E-13  4.40242E-02 SpitzerIRS 
 1.93193E+01  9.36974E-12  4.68487E-13  4.38313E-02 SpitzerIRS 
 1.94040E+01  9.43994E-12  4.71997E-13  4.36353E-02 SpitzerIRS 
 1.94887E+01  9.68723E-12  4.84362E-13  4.34519E-02 SpitzerIRS 
 1.95734E+01  9.80731E-12  4.90365E-13  4.32619E-02 SpitzerIRS 
 1.96580E+01  9.95047E-12  4.97523E-13  4.30725E-02 SpitzerIRS 
 1.97427E+01  1.01471E-11  5.07356E-13  4.28908E-02 SpitzerIRS 
 1.98274E+01  1.04873E-11  5.24367E-13  4.27091E-02 SpitzerIRS 
 1.99121E+01  1.06068E-11  5.30339E-13  4.25225E-02 SpitzerIRS 
 1.99967E+01  1.08697E-11  5.43487E-13  4.23459E-02 SpitzerIRS 
 2.00814E+01  1.08719E-11  5.43596E-13  4.21684E-02 SpitzerIRS 
 2.01661E+01  1.11670E-11  5.58349E-13  4.19923E-02 SpitzerIRS 
 2.02508E+01  1.11500E-11  5.57498E-13  4.18103E-02 SpitzerIRS 
 2.03354E+01  1.12671E-11  5.63356E-13  4.16416E-02 SpitzerIRS 
 2.04201E+01  1.17407E-11  5.87037E-13  8.29324E-02 SpitzerIRS 
 2.05895E+01  1.24438E-11  6.22190E-13  8.22556E-02 SpitzerIRS 
 2.07588E+01  1.31898E-11  6.59490E-13  8.15807E-02 SpitzerIRS 
 2.09282E+01  1.40403E-11  7.02016E-13  8.09191E-02 SpitzerIRS 
 2.10975E+01  1.41679E-11  7.08394E-13  8.02743E-02 SpitzerIRS 
 2.12669E+01  1.41921E-11  7.09605E-13  7.96313E-02 SpitzerIRS 
 2.14362E+01  1.49020E-11  7.45098E-13  7.90064E-02 SpitzerIRS 
 2.16056E+01  1.55251E-11  7.76254E-13  7.83825E-02 SpitzerIRS 
 2.17750E+01  1.58943E-11  7.94713E-13  7.77729E-02 SpitzerIRS 
 2.19443E+01  1.66535E-11  8.32674E-13  7.71772E-02 SpitzerIRS 
 2.21137E+01  1.72291E-11  8.61455E-13  7.65816E-02 SpitzerIRS 
 2.22830E+01  1.68857E-11  8.44286E-13  7.59992E-02 SpitzerIRS 
 2.24524E+01  1.80517E-11  9.02583E-13  7.54308E-02 SpitzerIRS 
 2.26217E+01  1.90442E-11  9.52209E-13  7.48626E-02 SpitzerIRS 
 2.27911E+01  1.94104E-11  9.70519E-13  7.43094E-02 SpitzerIRS 
 2.29604E+01  1.97951E-11  9.89755E-13  7.37573E-02 SpitzerIRS 
 2.31298E+01  1.98454E-11  9.92270E-13  7.32169E-02 SpitzerIRS 
 2.32991E+01  2.05286E-11  1.02643E-12  7.26903E-02 SpitzerIRS 
 2.34685E+01  2.10557E-11  1.05279E-12  7.21606E-02 SpitzerIRS 
 2.36378E+01  2.18182E-11  1.09091E-12  7.16428E-02 SpitzerIRS 
 2.38072E+01  2.21577E-11  1.10789E-12  7.11386E-02 SpitzerIRS 
 2.39765E+01  2.22989E-11  1.11495E-12  7.06319E-02 SpitzerIRS 
 2.41459E+01  2.30442E-11  1.15221E-12  7.01403E-02 SpitzerIRS 
 2.43153E+01  2.34005E-11  1.17002E-12  6.96468E-02 SpitzerIRS 
 2.44846E+01  2.35311E-11  1.17655E-12  6.91663E-02 SpitzerIRS 
 2.46540E+01  2.41744E-11  1.20872E-12  6.86953E-02 SpitzerIRS 
 2.48233E+01  2.43428E-11  1.21714E-12  6.82221E-02 SpitzerIRS 
 2.49927E+01  2.46916E-11  1.23458E-12  6.77595E-02 SpitzerIRS 
 2.51620E+01  2.55408E-11  1.27704E-12  6.73078E-02 SpitzerIRS 
 2.53314E+01  2.58118E-11  1.29059E-12  6.68542E-02 SpitzerIRS 
 2.55007E+01  2.61333E-11  1.30667E-12  6.64138E-02 SpitzerIRS 
 2.56701E+01  2.66269E-11  1.33135E-12  6.59713E-02 SpitzerIRS 
 2.58394E+01  2.71282E-11  1.35641E-12  6.55390E-02 SpitzerIRS 
 2.60088E+01  2.78473E-11  1.39237E-12  6.51164E-02 SpitzerIRS 
 2.61781E+01  2.81229E-11  1.40614E-12  6.46914E-02 SpitzerIRS 
 2.63475E+01  2.89997E-11  1.44998E-12  6.42752E-02 SpitzerIRS 
 2.65168E+01  2.93302E-11  1.46651E-12  6.38700E-02 SpitzerIRS 
 2.66862E+01  3.00123E-11  1.50062E-12  6.34594E-02 SpitzerIRS 
 2.68556E+01  3.05664E-11  1.52832E-12  6.30629E-02 SpitzerIRS 
 2.70249E+01  3.10228E-11  1.55114E-12  6.26644E-02 SpitzerIRS 
 2.71943E+01  3.15990E-11  1.57995E-12  6.22753E-02 SpitzerIRS 
 2.73636E+01  3.23746E-11  1.61873E-12  6.18917E-02 SpitzerIRS 
 2.75330E+01  3.26858E-11  1.63429E-12  6.15081E-02 SpitzerIRS 
 2.77023E+01  3.31172E-11  1.65586E-12  6.11317E-02 SpitzerIRS 
 2.78717E+01  3.39702E-11  1.69851E-12  6.07645E-02 SpitzerIRS 
 2.80410E+01  3.42849E-11  1.71425E-12  6.03936E-02 SpitzerIRS 
 2.82104E+01  3.47787E-11  1.73893E-12  6.00346E-02 SpitzerIRS 
 2.83798E+01  3.52713E-11  1.76357E-12  5.96732E-02 SpitzerIRS 
 2.85491E+01  3.58852E-11  1.79426E-12  5.93189E-02 SpitzerIRS 
 2.87185E+01  3.67080E-11  1.83540E-12  5.89718E-02 SpitzerIRS 
 2.88878E+01  3.70947E-11  1.85474E-12  5.86237E-02 SpitzerIRS 
 2.90572E+01  3.79178E-11  1.89589E-12  5.82813E-02 SpitzerIRS 
 2.92265E+01  3.82471E-11  1.91236E-12  5.79481E-02 SpitzerIRS 
 2.93959E+01  3.91872E-11  1.95936E-12  5.76095E-02 SpitzerIRS 
 2.95652E+01  3.93880E-11  1.96940E-12  5.72832E-02 SpitzerIRS 
 2.97346E+01  3.97959E-11  1.98980E-12  5.69549E-02 SpitzerIRS 
 2.99039E+01  4.06802E-11  2.03401E-12  5.66314E-02 SpitzerIRS 
 3.00733E+01  4.13153E-11  2.06576E-12  5.63154E-02 SpitzerIRS 
 3.02426E+01  4.18552E-11  2.09276E-12  5.59971E-02 SpitzerIRS 
 3.04120E+01  4.23431E-11  2.11715E-12  5.56853E-02 SpitzerIRS 
 3.05813E+01  4.25891E-11  2.12945E-12  5.53802E-02 SpitzerIRS 
 3.07507E+01  4.38565E-11  2.19283E-12  5.50722E-02 SpitzerIRS 
 3.09201E+01  4.42870E-11  2.21435E-12  5.47735E-02 SpitzerIRS 
 3.10894E+01  4.43389E-11  2.21694E-12  5.44716E-02 SpitzerIRS 
 3.12588E+01  4.51329E-11  2.25665E-12  5.41768E-02 SpitzerIRS 
 3.14281E+01  4.62716E-11  2.31358E-12  5.38877E-02 SpitzerIRS 
 3.15975E+01  4.75705E-11  2.37853E-12  5.35961E-02 SpitzerIRS 
 3.17668E+01  4.77564E-11  2.38782E-12  5.33110E-02 SpitzerIRS 
 3.19362E+01  4.81879E-11  2.40940E-12  5.30298E-02 SpitzerIRS 
 3.21055E+01  4.87314E-11  2.43657E-12  5.27479E-02 SpitzerIRS 
 3.22749E+01  4.98065E-11  2.49032E-12  5.24752E-02 SpitzerIRS 
 3.24442E+01  5.14548E-11  2.57274E-12  5.21976E-02 SpitzerIRS 
 3.26136E+01  5.26687E-11  2.63344E-12  5.19262E-02 SpitzerIRS 
 3.27829E+01  5.30082E-11  2.65041E-12  5.16610E-02 SpitzerIRS 
 3.29523E+01  5.38403E-11  2.69202E-12  5.13925E-02 SpitzerIRS 
 3.31217E+01  5.43442E-11  2.71721E-12  5.11288E-02 SpitzerIRS 
 3.32910E+01  5.46308E-11  2.73154E-12  5.08735E-02 SpitzerIRS 
 3.34604E+01  5.61322E-11  2.80661E-12  5.06121E-02 SpitzerIRS 
 3.36297E+01  5.78029E-11  2.89014E-12  5.03593E-02 SpitzerIRS 
 3.37991E+01  5.76640E-11  2.88320E-12  5.01043E-02 SpitzerIRS 
 3.39684E+01  5.98940E-11  2.99470E-12  4.98566E-02 SpitzerIRS 
 3.41378E+01  5.89403E-11  2.94702E-12  4.96099E-02 SpitzerIRS 
 3.43071E+01  6.08247E-11  3.04124E-12  4.93623E-02 SpitzerIRS 
 3.44765E+01  6.12110E-11  3.06055E-12  4.91204E-02 SpitzerIRS 
 3.46458E+01  6.11334E-11  3.05667E-12  4.88841E-02 SpitzerIRS 
 3.48152E+01  6.28008E-11  3.14004E-12  4.86420E-02 SpitzerIRS 
 3.49845E+01  6.37549E-11  3.18774E-12  4.84102E-02 SpitzerIRS 
 3.51539E+01  6.27623E-11  3.13811E-12  4.81739E-02 SpitzerIRS 
 3.53232E+01  6.12297E-11  3.06148E-12  4.79426E-02 SpitzerIRS 
 3.54926E+01  6.61768E-11  3.30884E-12  4.77139E-02 SpitzerIRS 
