 2.11897E-01  2.06561E-11  1.03281E-12  1.00000E+00 XMM_UVW2 
 2.31107E-01  3.00951E-11  1.50475E-12  1.00000E+00 XMM_UVM2 
 2.90807E-01  1.24739E-10  6.23694E-12  1.00000E+00 XMM_UVW1 
 3.49816E-01  1.19980E-10  5.99900E-12  1.00000E+00 SKYMAPPER.U 
 3.87079E-01  2.95084E-10  1.47542E-11  1.00000E+00 SKYMAPPER.V 
 4.19600E-01  6.55814E-10  4.28683E-11  1.00000E+00 TYCHO2.BT 
 4.44203E-01  8.03131E-10  6.74900E-11  1.00000E+00 JOHNSON.B 
 4.96839E-01  1.49643E-09  7.48216E-11  1.00000E+00 SKYMAPPER.G 
 5.30700E-01  1.29588E-09  6.47940E-11  1.00000E+00 TYCHO2.VT 
 5.49300E-01  1.41404E-09  7.07020E-11  1.00000E+00 JOHNSON.V 
 6.04055E-01  1.68246E-09  8.41228E-11  1.00000E+00 SKYMAPPER.R 
 7.63491E-01  2.19890E-09  1.09945E-10  1.00000E+00 SDSS.IP 
 7.88595E-01  2.06427E-09  1.03214E-10  1.00000E+00 COUSINS.I 
 1.23370E+00  2.01116E-09  1.00558E-10  1.00000E+00 DENIS.J 
 1.23930E+00  1.84847E-09  9.24233E-11  1.00000E+00 2MASS.J 
 1.23999E+00  1.93174E-09  9.67080E-11  1.00000E+00 DENIS.J 
 1.24310E+00  1.92443E-09  9.62213E-11  1.00000E+00 JOHNSON.J 
 1.25002E+00  1.88746E-09  9.43732E-11  1.00000E+00 JOHNSON.J 
 1.63002E+00  1.67919E-09  8.39593E-11  1.00000E+00 JOHNSON.H 
 1.64420E+00  1.69349E-09  8.46747E-11  1.00000E+00 JOHNSON.H 
 1.64950E+00  1.65835E-09  8.29177E-11  1.00000E+00 2MASS.H 
 2.16050E+00  1.23378E-09  6.16888E-11  1.00000E+00 DENIS.KS 
 2.16390E+00  1.12030E-09  5.60149E-11  1.00000E+00 2MASS.KS 
 2.18790E+00  1.12653E-09  5.63267E-11  1.00000E+00 JOHNSON.K 
 2.19002E+00  1.08417E-09  5.42086E-11  1.00000E+00 JOHNSON.K 
 3.36820E+00  6.44596E-10  3.22298E-11  1.00000E+00 WISE.W1 
 3.40001E+00  5.81067E-10  3.52696E-11  1.00000E+00 JOHNSON.L 
 3.55690E+00  5.53574E-10  2.76787E-11  1.00000E+00 IRAC.36 
 4.50200E+00  3.47225E-10  1.73613E-11  1.00000E+00 IRAC.45 
 4.61790E+00  3.75112E-10  1.87556E-11  1.00000E+00 WISE.W2 
 5.02999E+00  3.02773E-10  1.51387E-11  1.00000E+00 JOHNSON.M 
 7.91580E+00  1.78236E-10  8.91182E-12  1.00000E+00 IRAC.80 
 9.09950E+00  1.79358E-10  1.31784E-11  1.00000E+00 AKARI.S9W 
 1.14099E+01  2.31743E-10  1.31374E-11  1.00000E+00 IRAS.F12 
 1.15598E+01  1.78686E-10  8.93428E-12  1.00000E+00 WISE.W3 
 1.15902E+01  1.55196E-10  7.75981E-12  1.00000E+00 IRAS12 
 1.20730E+01  1.86438E-10  9.32192E-12  1.00000E+00 WISE.W3 
 1.95050E+01  2.05497E-10  1.02749E-11  1.00000E+00 AKARI.L18W 
 2.21943E+01  2.61913E-10  1.30957E-11  1.00000E+00 WISE.W4 
 2.36108E+01  2.62833E-10  1.31417E-11  1.00000E+00 IRAS.F25 
 2.42035E+01  2.32120E-10  1.16060E-11  1.00000E+00 MIPS.24 
 6.04093E+01  1.18608E-10  9.92537E-12  1.00000E+00 IRAS.F60 
 8.78971E+01  7.25119E-11  3.62560E-12  1.00000E+00 AKARI.WIDES 
 1.01949E+02  6.61638E-11  3.30819E-12  1.00000E+00 IRAS100 
 1.20000E+03  5.17142E-13  2.58571E-14  1.00000E+00 generic 
 3.00000E+03  2.19848E-14  2.99792E-15  1.00000E+00 generic 
 1.20000E+04  1.02429E-16  1.49896E-17  1.00000E+00 generic 
 5.15676E+00  2.34861E-10  1.17431E-11  5.86405E-02 SpitzerIRS 
 5.18700E+00  2.29527E-10  1.14763E-11  5.83191E-02 SpitzerIRS 
 5.21725E+00  2.31480E-10  1.15740E-11  5.79621E-02 SpitzerIRS 
 5.24749E+00  2.27659E-10  1.13829E-11  5.76276E-02 SpitzerIRS 
 5.27773E+00  2.24034E-10  1.12017E-11  5.72970E-02 SpitzerIRS 
 5.30797E+00  2.21635E-10  1.10817E-11  5.69711E-02 SpitzerIRS 
 5.33821E+00  2.17081E-10  1.08541E-11  5.66671E-02 SpitzerIRS 
 5.36846E+00  2.15083E-10  1.07542E-11  5.63296E-02 SpitzerIRS 
 5.39870E+00  2.13817E-10  1.06908E-11  5.60127E-02 SpitzerIRS 
 5.42894E+00  2.11286E-10  1.05643E-11  5.57015E-02 SpitzerIRS 
 5.45918E+00  2.08384E-10  1.04192E-11  5.53924E-02 SpitzerIRS 
 5.48942E+00  2.05410E-10  1.02705E-11  5.51062E-02 SpitzerIRS 
 5.51967E+00  2.03894E-10  1.01947E-11  5.47864E-02 SpitzerIRS 
 5.54991E+00  2.01017E-10  1.00509E-11  5.44874E-02 SpitzerIRS 
 5.58015E+00  1.98510E-10  9.92550E-12  5.41919E-02 SpitzerIRS 
 5.61039E+00  1.96110E-10  9.80552E-12  5.38996E-02 SpitzerIRS 
 5.64063E+00  1.95364E-10  9.76821E-12  5.36288E-02 SpitzerIRS 
 5.67088E+00  1.94234E-10  9.71168E-12  5.33254E-02 SpitzerIRS 
 5.70112E+00  1.91862E-10  9.59308E-12  5.30417E-02 SpitzerIRS 
 5.73136E+00  1.89629E-10  9.48144E-12  5.27630E-02 SpitzerIRS 
 5.76160E+00  1.88951E-10  9.44753E-12  5.24851E-02 SpitzerIRS 
 5.79184E+00  1.87308E-10  9.36539E-12  5.22293E-02 SpitzerIRS 
 5.82209E+00  1.86718E-10  9.33588E-12  5.19398E-02 SpitzerIRS 
 5.85233E+00  1.84220E-10  9.21099E-12  5.16714E-02 SpitzerIRS 
 5.88257E+00  1.83175E-10  9.15874E-12  5.14058E-02 SpitzerIRS 
 5.91281E+00  1.82461E-10  9.12307E-12  5.11440E-02 SpitzerIRS 
 5.94305E+00  1.80460E-10  9.02302E-12  5.08996E-02 SpitzerIRS 
 5.97330E+00  1.79364E-10  8.96818E-12  5.06249E-02 SpitzerIRS 
 6.00354E+00  1.76555E-10  8.82777E-12  5.03706E-02 SpitzerIRS 
 6.03378E+00  1.75405E-10  8.77026E-12  5.01182E-02 SpitzerIRS 
 6.06402E+00  1.74575E-10  8.72874E-12  4.98676E-02 SpitzerIRS 
 6.09426E+00  1.72180E-10  8.60899E-12  4.96365E-02 SpitzerIRS 
 6.12451E+00  1.71337E-10  8.56683E-12  4.93755E-02 SpitzerIRS 
 6.15475E+00  1.71464E-10  8.57321E-12  4.91331E-02 SpitzerIRS 
 6.18499E+00  1.71797E-10  8.58986E-12  4.88921E-02 SpitzerIRS 
 6.21523E+00  1.68882E-10  8.44410E-12  4.86548E-02 SpitzerIRS 
 6.24547E+00  1.67116E-10  8.35578E-12  4.84354E-02 SpitzerIRS 
 6.27572E+00  1.68329E-10  8.41645E-12  4.81854E-02 SpitzerIRS 
 6.30596E+00  1.66421E-10  8.32103E-12  4.79550E-02 SpitzerIRS 
 6.33620E+00  1.63445E-10  8.17223E-12  4.77248E-02 SpitzerIRS 
 6.36644E+00  1.61939E-10  8.09694E-12  4.74995E-02 SpitzerIRS 
 6.39668E+00  1.60228E-10  8.01142E-12  4.72900E-02 SpitzerIRS 
 6.42693E+00  1.60043E-10  8.00215E-12  4.70520E-02 SpitzerIRS 
 6.45717E+00  1.58609E-10  7.93043E-12  4.68321E-02 SpitzerIRS 
 6.48741E+00  1.57621E-10  7.88104E-12  4.66135E-02 SpitzerIRS 
 6.51765E+00  1.56047E-10  7.80235E-12  4.63972E-02 SpitzerIRS 
 6.54789E+00  1.55297E-10  7.76483E-12  4.61970E-02 SpitzerIRS 
 6.57814E+00  1.53703E-10  7.68516E-12  4.59706E-02 SpitzerIRS 
 6.60838E+00  1.51545E-10  7.57726E-12  4.57602E-02 SpitzerIRS 
 6.63862E+00  1.50475E-10  7.52374E-12  4.55521E-02 SpitzerIRS 
 6.66886E+00  1.51062E-10  7.55311E-12  4.53446E-02 SpitzerIRS 
 6.69910E+00  1.49222E-10  7.46109E-12  4.51561E-02 SpitzerIRS 
 6.72935E+00  1.49069E-10  7.45345E-12  4.49370E-02 SpitzerIRS 
 6.75959E+00  1.47997E-10  7.39986E-12  4.47367E-02 SpitzerIRS 
 6.78983E+00  1.47339E-10  7.36693E-12  4.45366E-02 SpitzerIRS 
 6.82007E+00  1.46566E-10  7.32831E-12  4.43396E-02 SpitzerIRS 
 6.85031E+00  1.45517E-10  7.27585E-12  4.41587E-02 SpitzerIRS 
 6.88056E+00  1.44701E-10  7.23507E-12  4.39505E-02 SpitzerIRS 
 6.91080E+00  1.43847E-10  7.19237E-12  4.37570E-02 SpitzerIRS 
 6.94104E+00  1.43598E-10  7.17988E-12  4.35674E-02 SpitzerIRS 
 6.97128E+00  1.42979E-10  7.14894E-12  4.33780E-02 SpitzerIRS 
 7.00152E+00  1.42657E-10  7.13284E-12  4.32048E-02 SpitzerIRS 
 7.03177E+00  1.41274E-10  7.06368E-12  4.30045E-02 SpitzerIRS 
 7.06201E+00  1.39160E-10  6.95802E-12  4.28207E-02 SpitzerIRS 
 7.09225E+00  1.40690E-10  7.03452E-12  4.26380E-02 SpitzerIRS 
 7.12249E+00  1.39412E-10  6.97060E-12  4.24573E-02 SpitzerIRS 
 7.15273E+00  1.38881E-10  6.94407E-12  4.22922E-02 SpitzerIRS 
 7.18298E+00  1.39980E-10  6.99902E-12  4.20987E-02 SpitzerIRS 
 7.21322E+00  1.39093E-10  6.95464E-12  4.19237E-02 SpitzerIRS 
 7.24346E+00  1.39015E-10  6.95076E-12  4.17479E-02 SpitzerIRS 
 7.27370E+00  1.38899E-10  6.94495E-12  4.15736E-02 SpitzerIRS 
 7.30394E+00  1.37442E-10  6.87212E-12  4.14163E-02 SpitzerIRS 
 7.33419E+00  1.35430E-10  6.77150E-12  4.12318E-02 SpitzerIRS 
 7.36443E+00  1.36127E-10  6.80637E-12  4.10622E-02 SpitzerIRS 
 7.39467E+00  1.30671E-10  6.53353E-12  4.08945E-02 SpitzerIRS 
 7.42491E+00  1.35661E-10  6.78307E-12  4.07275E-02 SpitzerIRS 
 7.45515E+00  1.34084E-10  6.70420E-12  4.05762E-02 SpitzerIRS 
 7.48540E+00  1.37397E-10  6.86985E-12  4.03985E-02 SpitzerIRS 
 7.51564E+00  1.35218E-10  6.76089E-12  4.02361E-02 SpitzerIRS 
 7.54588E+00  1.32748E-10  6.63739E-12  4.00748E-02 SpitzerIRS 
 7.57612E+00  1.32544E-10  6.62718E-12  7.98296E-02 SpitzerIRS 
 7.63660E+00  1.31094E-10  6.55470E-12  7.92110E-02 SpitzerIRS 
 7.69709E+00  1.31276E-10  6.56382E-12  7.85746E-02 SpitzerIRS 
 7.75757E+00  1.31682E-10  6.58408E-12  7.79629E-02 SpitzerIRS 
 7.81805E+00  1.31713E-10  6.58564E-12  7.73721E-02 SpitzerIRS 
 7.87854E+00  1.31372E-10  6.56858E-12  7.67657E-02 SpitzerIRS 
 7.93902E+00  1.32458E-10  6.62292E-12  7.61929E-02 SpitzerIRS 
 7.99951E+00  1.35010E-10  6.75049E-12  7.56045E-02 SpitzerIRS 
 8.05999E+00  1.37631E-10  6.88155E-12  7.50374E-02 SpitzerIRS 
 8.12047E+00  1.39771E-10  6.98855E-12  7.44904E-02 SpitzerIRS 
 8.18096E+00  1.41861E-10  7.09307E-12  7.39279E-02 SpitzerIRS 
 8.24144E+00  1.44342E-10  7.21710E-12  7.33856E-02 SpitzerIRS 
 8.30192E+00  1.46862E-10  7.34309E-12  7.28621E-02 SpitzerIRS 
 8.36241E+00  1.48645E-10  7.43227E-12  7.23238E-02 SpitzerIRS 
 8.42289E+00  1.51190E-10  7.55951E-12  7.18046E-02 SpitzerIRS 
 8.48337E+00  1.53144E-10  7.65722E-12  7.13052E-02 SpitzerIRS 
 8.54386E+00  1.54877E-10  7.74385E-12  7.07864E-02 SpitzerIRS 
 8.60434E+00  1.56864E-10  7.84321E-12  7.03024E-02 SpitzerIRS 
 8.66483E+00  1.60453E-10  8.02265E-12  6.97998E-02 SpitzerIRS 
 8.72531E+00  1.62781E-10  8.13903E-12  6.93158E-02 SpitzerIRS 
 8.78579E+00  1.65971E-10  8.29854E-12  6.88495E-02 SpitzerIRS 
 8.84628E+00  1.68974E-10  8.44872E-12  6.83674E-02 SpitzerIRS 
 8.90676E+00  1.72083E-10  8.60417E-12  6.79039E-02 SpitzerIRS 
 8.96724E+00  1.76053E-10  8.80267E-12  6.74562E-02 SpitzerIRS 
 9.02773E+00  1.82332E-10  9.11661E-12  6.69938E-02 SpitzerIRS 
 9.08821E+00  1.85369E-10  9.26846E-12  6.65476E-02 SpitzerIRS 
 9.14869E+00  1.89401E-10  9.47004E-12  6.61185E-02 SpitzerIRS 
 9.20918E+00  1.92313E-10  9.61567E-12  6.56739E-02 SpitzerIRS 
 9.26966E+00  1.96558E-10  9.82788E-12  6.52554E-02 SpitzerIRS 
 9.33015E+00  1.98803E-10  9.94014E-12  6.48219E-02 SpitzerIRS 
 9.39063E+00  2.00611E-10  1.00306E-11  6.44051E-02 SpitzerIRS 
 9.45111E+00  2.01927E-10  1.00964E-11  6.40029E-02 SpitzerIRS 
 9.51160E+00  2.01508E-10  1.00754E-11  6.35853E-02 SpitzerIRS 
 9.57208E+00  2.01401E-10  1.00700E-11  6.31843E-02 SpitzerIRS 
 9.63256E+00  2.03576E-10  1.01788E-11  6.27979E-02 SpitzerIRS 
 9.69305E+00  2.05290E-10  1.02645E-11  6.23937E-02 SpitzerIRS 
 9.75353E+00  2.05876E-10  1.02938E-11  6.20095E-02 SpitzerIRS 
 9.81401E+00  2.09624E-10  1.04812E-11  6.16369E-02 SpitzerIRS 
 9.87450E+00  2.10776E-10  1.05388E-11  6.12480E-02 SpitzerIRS 
 9.93498E+00  2.12320E-10  1.06160E-11  6.08856E-02 SpitzerIRS 
 9.99547E+00  2.13558E-10  1.06779E-11  6.05078E-02 SpitzerIRS 
 1.00559E+01  2.13713E-10  1.06857E-11  6.01435E-02 SpitzerIRS 
 1.01164E+01  2.12549E-10  1.06275E-11  5.97938E-02 SpitzerIRS 
 1.01769E+01  2.13170E-10  1.06585E-11  5.94286E-02 SpitzerIRS 
 1.02374E+01  2.11489E-10  1.05744E-11  5.90775E-02 SpitzerIRS 
 1.02979E+01  2.11918E-10  1.05959E-11  5.87402E-02 SpitzerIRS 
 1.03584E+01  2.11866E-10  1.05933E-11  5.83866E-02 SpitzerIRS 
 1.04188E+01  2.12083E-10  1.06041E-11  5.80496E-02 SpitzerIRS 
 1.04793E+01  2.11653E-10  1.05826E-11  5.77232E-02 SpitzerIRS 
 1.05398E+01  2.11031E-10  1.05516E-11  5.73824E-02 SpitzerIRS 
 1.06003E+01  2.11125E-10  1.05562E-11  5.70654E-02 SpitzerIRS 
 1.06608E+01  2.10495E-10  1.05248E-11  5.67294E-02 SpitzerIRS 
 1.07213E+01  2.10362E-10  1.05181E-11  5.64122E-02 SpitzerIRS 
 1.07818E+01  2.11522E-10  1.05761E-11  5.61050E-02 SpitzerIRS 
 1.08422E+01  2.12442E-10  1.06221E-11  5.57818E-02 SpitzerIRS 
 1.09027E+01  2.11961E-10  1.05980E-11  5.54715E-02 SpitzerIRS 
 1.09632E+01  2.13358E-10  1.06679E-11  5.51755E-02 SpitzerIRS 
 1.10237E+01  2.14426E-10  1.07213E-11  5.48637E-02 SpitzerIRS 
 1.10842E+01  2.14762E-10  1.07381E-11  5.45652E-02 SpitzerIRS 
 1.11447E+01  2.12059E-10  1.06029E-11  5.42763E-02 SpitzerIRS 
 1.12051E+01  2.12377E-10  1.06189E-11  5.39752E-02 SpitzerIRS 
 1.12656E+01  2.11210E-10  1.05605E-11  5.36943E-02 SpitzerIRS 
 1.13261E+01  2.10373E-10  1.05187E-11  5.33987E-02 SpitzerIRS 
 1.13866E+01  2.05268E-10  1.02634E-11  5.31151E-02 SpitzerIRS 
 1.14471E+01  2.00504E-10  1.00252E-11  5.28423E-02 SpitzerIRS 
 1.15076E+01  1.94429E-10  9.72144E-12  5.25568E-02 SpitzerIRS 
 1.15680E+01  1.89666E-10  9.48329E-12  5.22820E-02 SpitzerIRS 
 1.16285E+01  1.85884E-10  9.29418E-12  5.20187E-02 SpitzerIRS 
 1.16890E+01  1.83883E-10  9.19417E-12  5.17409E-02 SpitzerIRS 
 1.17495E+01  1.80442E-10  9.02208E-12  5.14754E-02 SpitzerIRS 
 1.18100E+01  1.77589E-10  8.87945E-12  5.12186E-02 SpitzerIRS 
 1.18705E+01  1.74421E-10  8.72106E-12  5.09509E-02 SpitzerIRS 
 1.19309E+01  1.74686E-10  8.73429E-12  5.07001E-02 SpitzerIRS 
 1.19914E+01  1.71892E-10  8.59458E-12  5.04369E-02 SpitzerIRS 
 1.20519E+01  1.69455E-10  8.47277E-12  5.01813E-02 SpitzerIRS 
 1.21124E+01  1.68929E-10  8.44647E-12  4.99423E-02 SpitzerIRS 
 1.21729E+01  1.67857E-10  8.39285E-12  4.96834E-02 SpitzerIRS 
 1.22334E+01  1.66320E-10  8.31598E-12  4.94394E-02 SpitzerIRS 
 1.22938E+01  1.66253E-10  8.31266E-12  4.92027E-02 SpitzerIRS 
 1.23543E+01  1.67766E-10  8.38830E-12  4.89553E-02 SpitzerIRS 
 1.24148E+01  1.69195E-10  8.45975E-12  4.87152E-02 SpitzerIRS 
 1.24753E+01  1.68461E-10  8.42304E-12  4.84879E-02 SpitzerIRS 
 1.25358E+01  1.68542E-10  8.42709E-12  4.82459E-02 SpitzerIRS 
 1.25963E+01  1.68093E-10  8.40466E-12  4.80222E-02 SpitzerIRS 
 1.26568E+01  1.68733E-10  8.43666E-12  4.77848E-02 SpitzerIRS 
 1.27172E+01  1.67745E-10  8.38727E-12  4.75567E-02 SpitzerIRS 
 1.27777E+01  1.69387E-10  8.46936E-12  4.73410E-02 SpitzerIRS 
 1.28382E+01  1.68927E-10  8.44637E-12  4.71094E-02 SpitzerIRS 
 1.28987E+01  1.66599E-10  8.32993E-12  4.68885E-02 SpitzerIRS 
 1.29592E+01  1.64517E-10  8.22586E-12  4.66774E-02 SpitzerIRS 
 1.30197E+01  1.64735E-10  8.23677E-12  4.64529E-02 SpitzerIRS 
 1.30801E+01  1.64542E-10  8.22709E-12  4.62381E-02 SpitzerIRS 
 1.31406E+01  1.64348E-10  8.21738E-12  4.60329E-02 SpitzerIRS 
 1.32011E+01  1.64814E-10  8.24072E-12  4.58144E-02 SpitzerIRS 
 1.32616E+01  1.64396E-10  8.21981E-12  4.56054E-02 SpitzerIRS 
 1.33221E+01  1.64370E-10  8.21850E-12  4.54059E-02 SpitzerIRS 
 1.33826E+01  1.64707E-10  8.23537E-12  4.51932E-02 SpitzerIRS 
 1.34430E+01  1.64562E-10  8.22811E-12  4.49973E-02 SpitzerIRS 
 1.35035E+01  1.66640E-10  8.33199E-12  4.47883E-02 SpitzerIRS 
 1.35640E+01  1.66513E-10  8.32565E-12  4.45886E-02 SpitzerIRS 
 1.36245E+01  1.67418E-10  8.37089E-12  4.43980E-02 SpitzerIRS 
 1.36850E+01  1.67668E-10  8.38341E-12  4.41945E-02 SpitzerIRS 
 1.37454E+01  1.68210E-10  8.41051E-12  4.40000E-02 SpitzerIRS 
 1.38059E+01  1.68545E-10  8.42727E-12  4.38145E-02 SpitzerIRS 
 1.38664E+01  1.66995E-10  8.34977E-12  4.36162E-02 SpitzerIRS 
 1.39269E+01  1.67928E-10  8.39639E-12  4.24955E-02 SpitzerIRS 
 1.39861E+01  1.71144E-10  8.55722E-12  5.95356E-02 SpitzerIRS 
 1.40694E+01  1.75733E-10  8.78664E-12  6.01876E-02 SpitzerIRS 
 1.41540E+01  1.75539E-10  8.77695E-12  5.98275E-02 SpitzerIRS 
 1.42387E+01  1.77822E-10  8.89111E-12  5.94647E-02 SpitzerIRS 
 1.43234E+01  1.77519E-10  8.87597E-12  5.91194E-02 SpitzerIRS 
 1.44081E+01  1.79454E-10  8.97270E-12  5.87727E-02 SpitzerIRS 
 1.44927E+01  1.80982E-10  9.04909E-12  5.84230E-02 SpitzerIRS 
 1.45774E+01  1.81873E-10  9.09363E-12  5.80899E-02 SpitzerIRS 
 1.46621E+01  1.83518E-10  9.17591E-12  5.77544E-02 SpitzerIRS 
 1.47468E+01  1.84733E-10  9.23664E-12  5.74227E-02 SpitzerIRS 
 1.48315E+01  1.85552E-10  9.27761E-12  5.70875E-02 SpitzerIRS 
 1.49161E+01  1.87122E-10  9.35611E-12  5.67715E-02 SpitzerIRS 
 1.50008E+01  1.89237E-10  9.46186E-12  5.64503E-02 SpitzerIRS 
 1.50855E+01  1.90413E-10  9.52065E-12  5.61268E-02 SpitzerIRS 
 1.51701E+01  1.92410E-10  9.62051E-12  5.58201E-02 SpitzerIRS 
 1.52548E+01  1.94703E-10  9.73514E-12  5.55103E-02 SpitzerIRS 
 1.53395E+01  1.96499E-10  9.82497E-12  5.51980E-02 SpitzerIRS 
 1.54242E+01  1.99265E-10  9.96323E-12  5.48995E-02 SpitzerIRS 
 1.55089E+01  2.00685E-10  1.00343E-11  5.46017E-02 SpitzerIRS 
 1.55935E+01  2.01997E-10  1.00998E-11  5.42981E-02 SpitzerIRS 
 1.56782E+01  2.02706E-10  1.01353E-11  5.40113E-02 SpitzerIRS 
 1.57629E+01  2.03956E-10  1.01978E-11  5.37211E-02 SpitzerIRS 
 1.58476E+01  2.06532E-10  1.03266E-11  5.34271E-02 SpitzerIRS 
 1.59322E+01  2.09808E-10  1.04904E-11  5.31507E-02 SpitzerIRS 
 1.60169E+01  2.12472E-10  1.06236E-11  5.28691E-02 SpitzerIRS 
 1.61016E+01  2.15585E-10  1.07793E-11  5.25910E-02 SpitzerIRS 
 1.61863E+01  2.18056E-10  1.09028E-11  5.23097E-02 SpitzerIRS 
 1.62709E+01  2.19191E-10  1.09595E-11  5.20443E-02 SpitzerIRS 
 1.63556E+01  2.16910E-10  1.08455E-11  5.17730E-02 SpitzerIRS 
 1.64403E+01  2.17335E-10  1.08668E-11  5.15021E-02 SpitzerIRS 
 1.65250E+01  2.16493E-10  1.08246E-11  5.12430E-02 SpitzerIRS 
 1.66097E+01  2.15544E-10  1.07772E-11  5.09830E-02 SpitzerIRS 
 1.66943E+01  2.14552E-10  1.07276E-11  5.07184E-02 SpitzerIRS 
 1.67790E+01  2.15521E-10  1.07760E-11  5.04666E-02 SpitzerIRS 
 1.68637E+01  2.16071E-10  1.08035E-11  5.02150E-02 SpitzerIRS 
 1.69484E+01  2.17422E-10  1.08711E-11  4.99570E-02 SpitzerIRS 
 1.70330E+01  2.18469E-10  1.09234E-11  4.97151E-02 SpitzerIRS 
 1.71177E+01  2.19062E-10  1.09531E-11  4.94704E-02 SpitzerIRS 
 1.72024E+01  2.20788E-10  1.10394E-11  4.92193E-02 SpitzerIRS 
 1.72871E+01  2.22722E-10  1.11361E-11  4.89846E-02 SpitzerIRS 
 1.73717E+01  2.25242E-10  1.12621E-11  4.87464E-02 SpitzerIRS 
 1.74564E+01  2.27246E-10  1.13623E-11  4.85082E-02 SpitzerIRS 
 1.75411E+01  2.32008E-10  1.16004E-11  4.82706E-02 SpitzerIRS 
 1.76258E+01  2.33817E-10  1.16909E-11  4.80427E-02 SpitzerIRS 
 1.77105E+01  2.38688E-10  1.19344E-11  4.78130E-02 SpitzerIRS 
 1.77951E+01  2.36880E-10  1.18440E-11  4.75810E-02 SpitzerIRS 
 1.78798E+01  2.37942E-10  1.18971E-11  4.73612E-02 SpitzerIRS 
 1.79645E+01  2.39171E-10  1.19586E-11  4.71369E-02 SpitzerIRS 
 1.80492E+01  2.42677E-10  1.21338E-11  4.69113E-02 SpitzerIRS 
 1.81338E+01  2.46395E-10  1.23198E-11  4.66961E-02 SpitzerIRS 
 1.82185E+01  2.50462E-10  1.25231E-11  4.64807E-02 SpitzerIRS 
 1.83032E+01  2.50675E-10  1.25338E-11  4.62597E-02 SpitzerIRS 
 1.83879E+01  2.56174E-10  1.28087E-11  4.60516E-02 SpitzerIRS 
 1.84725E+01  2.58734E-10  1.29367E-11  4.58415E-02 SpitzerIRS 
 1.85572E+01  2.60347E-10  1.30173E-11  4.56259E-02 SpitzerIRS 
 1.86419E+01  2.61491E-10  1.30746E-11  4.54251E-02 SpitzerIRS 
 1.87266E+01  2.60810E-10  1.30405E-11  4.52197E-02 SpitzerIRS 
 1.88113E+01  2.62888E-10  1.31444E-11  4.50156E-02 SpitzerIRS 
 1.88959E+01  2.68282E-10  1.34141E-11  4.48075E-02 SpitzerIRS 
 1.89806E+01  2.67219E-10  1.33609E-11  4.46145E-02 SpitzerIRS 
 1.90653E+01  2.64085E-10  1.32043E-11  4.44158E-02 SpitzerIRS 
 1.91500E+01  2.63138E-10  1.31569E-11  4.42142E-02 SpitzerIRS 
 1.92346E+01  2.63684E-10  1.31842E-11  4.40253E-02 SpitzerIRS 
 1.93193E+01  2.62560E-10  1.31280E-11  4.38307E-02 SpitzerIRS 
 1.94040E+01  2.66218E-10  1.33109E-11  4.36364E-02 SpitzerIRS 
 1.94887E+01  2.59945E-10  1.29973E-11  4.34509E-02 SpitzerIRS 
 1.95734E+01  2.67168E-10  1.33584E-11  4.32619E-02 SpitzerIRS 
 1.96580E+01  2.59375E-10  1.29687E-11  4.30720E-02 SpitzerIRS 
 1.97427E+01  2.62210E-10  1.31105E-11  4.28913E-02 SpitzerIRS 
 1.98274E+01  2.56301E-10  1.28151E-11  4.27091E-02 SpitzerIRS 
 1.99121E+01  2.57168E-10  1.28584E-11  4.25225E-02 SpitzerIRS 
 1.99967E+01  2.52908E-10  1.26454E-11  4.23459E-02 SpitzerIRS 
 2.00814E+01  2.52070E-10  1.26035E-11  4.21689E-02 SpitzerIRS 
 2.01661E+01  2.47902E-10  1.23951E-11  4.19913E-02 SpitzerIRS 
 2.02508E+01  2.46991E-10  1.23496E-11  4.18103E-02 SpitzerIRS 
 2.03354E+01  2.47661E-10  1.23830E-11  4.16421E-02 SpitzerIRS 
 2.04201E+01  2.31252E-10  1.15626E-11  8.29334E-02 SpitzerIRS 
 2.05895E+01  2.45583E-10  1.22792E-11  8.22547E-02 SpitzerIRS 
 2.07588E+01  2.47944E-10  1.23972E-11  8.15807E-02 SpitzerIRS 
 2.09282E+01  2.50417E-10  1.25208E-11  8.09196E-02 SpitzerIRS 
 2.10975E+01  2.46508E-10  1.23254E-11  8.02743E-02 SpitzerIRS 
 2.12669E+01  2.43053E-10  1.21527E-11  7.96308E-02 SpitzerIRS 
 2.14362E+01  2.45105E-10  1.22552E-11  7.90064E-02 SpitzerIRS 
 2.16056E+01  2.42493E-10  1.21247E-11  7.83825E-02 SpitzerIRS 
 2.17750E+01  2.44134E-10  1.22067E-11  7.77729E-02 SpitzerIRS 
 2.19443E+01  2.42412E-10  1.21206E-11  7.71777E-02 SpitzerIRS 
 2.21137E+01  2.42933E-10  1.21467E-11  7.65816E-02 SpitzerIRS 
 2.22830E+01  2.41603E-10  1.20801E-11  7.59987E-02 SpitzerIRS 
 2.24524E+01  2.40740E-10  1.20370E-11  7.54308E-02 SpitzerIRS 
 2.26217E+01  2.43102E-10  1.21551E-11  7.48626E-02 SpitzerIRS 
 2.27911E+01  2.43249E-10  1.21624E-11  7.43094E-02 SpitzerIRS 
 2.29604E+01  2.42881E-10  1.21441E-11  7.37569E-02 SpitzerIRS 
 2.31298E+01  2.43222E-10  1.21611E-11  7.32177E-02 SpitzerIRS 
 2.32991E+01  2.40303E-10  1.20152E-11  7.26903E-02 SpitzerIRS 
 2.34685E+01  2.40999E-10  1.20499E-11  7.21597E-02 SpitzerIRS 
 2.36378E+01  2.38911E-10  1.19456E-11  7.16432E-02 SpitzerIRS 
 2.38072E+01  2.36197E-10  1.18098E-11  7.11386E-02 SpitzerIRS 
 2.39765E+01  2.31805E-10  1.15902E-11  7.06315E-02 SpitzerIRS 
 2.41459E+01  2.27712E-10  1.13856E-11  7.01399E-02 SpitzerIRS 
 2.43153E+01  2.25663E-10  1.12831E-11  6.96480E-02 SpitzerIRS 
 2.44846E+01  2.21473E-10  1.10737E-11  6.91655E-02 SpitzerIRS 
 2.46540E+01  2.18236E-10  1.09118E-11  6.86957E-02 SpitzerIRS 
 2.48233E+01  2.15833E-10  1.07916E-11  6.82213E-02 SpitzerIRS 
 2.49927E+01  2.12880E-10  1.06440E-11  6.77603E-02 SpitzerIRS 
 2.51620E+01  2.12304E-10  1.06152E-11  6.73082E-02 SpitzerIRS 
 2.53314E+01  2.10512E-10  1.05256E-11  6.68534E-02 SpitzerIRS 
 2.55007E+01  2.06246E-10  1.03123E-11  6.64138E-02 SpitzerIRS 
 2.56701E+01  2.06050E-10  1.03025E-11  6.59713E-02 SpitzerIRS 
 2.58394E+01  2.05361E-10  1.02680E-11  6.55390E-02 SpitzerIRS 
 2.60088E+01  2.04110E-10  1.02055E-11  6.51168E-02 SpitzerIRS 
 2.61781E+01  2.01534E-10  1.00767E-11  6.46914E-02 SpitzerIRS 
 2.63475E+01  2.02792E-10  1.01396E-11  6.42759E-02 SpitzerIRS 
 2.65169E+01  2.01429E-10  1.00714E-11  6.38688E-02 SpitzerIRS 
 2.66862E+01  2.01869E-10  1.00934E-11  6.34597E-02 SpitzerIRS 
 2.68556E+01  2.02276E-10  1.01138E-11  6.30637E-02 SpitzerIRS 
 2.70249E+01  2.02977E-10  1.01488E-11  6.26636E-02 SpitzerIRS 
 2.71943E+01  2.02846E-10  1.01423E-11  6.22745E-02 SpitzerIRS 
 2.73636E+01  2.02663E-10  1.01332E-11  6.18924E-02 SpitzerIRS 
 2.75330E+01  2.03198E-10  1.01599E-11  6.15077E-02 SpitzerIRS 
 2.77023E+01  2.02939E-10  1.01470E-11  6.11324E-02 SpitzerIRS 
 2.78717E+01  2.02493E-10  1.01246E-11  6.07642E-02 SpitzerIRS 
 2.80410E+01  2.00099E-10  1.00050E-11  6.03940E-02 SpitzerIRS 
 2.82104E+01  2.03303E-10  1.01652E-11  6.00343E-02 SpitzerIRS 
 2.83798E+01  1.96511E-10  9.82555E-12  5.96732E-02 SpitzerIRS 
 2.85491E+01  1.95690E-10  9.78449E-12  5.93189E-02 SpitzerIRS 
 2.87185E+01  1.94638E-10  9.73189E-12  5.89725E-02 SpitzerIRS 
 2.88878E+01  1.92954E-10  9.64772E-12  5.86223E-02 SpitzerIRS 
 2.90572E+01  1.91880E-10  9.59400E-12  5.82820E-02 SpitzerIRS 
 2.92265E+01  1.89885E-10  9.49425E-12  5.79477E-02 SpitzerIRS 
 2.93959E+01  1.90205E-10  9.51026E-12  5.76098E-02 SpitzerIRS 
 2.95652E+01  1.87863E-10  9.39315E-12  5.72835E-02 SpitzerIRS 
 2.97346E+01  1.86000E-10  9.30001E-12  5.69542E-02 SpitzerIRS 
 2.99039E+01  1.86384E-10  9.31920E-12  5.66310E-02 SpitzerIRS 
 3.00733E+01  1.84520E-10  9.22602E-12  5.63164E-02 SpitzerIRS 
 3.02426E+01  1.84176E-10  9.20879E-12  5.59964E-02 SpitzerIRS 
 3.04120E+01  1.82992E-10  9.14959E-12  5.56856E-02 SpitzerIRS 
 3.05813E+01  1.80664E-10  9.03320E-12  5.53798E-02 SpitzerIRS 
 3.07507E+01  1.82149E-10  9.10745E-12  5.50719E-02 SpitzerIRS 
 3.09200E+01  1.80008E-10  9.00040E-12  5.47745E-02 SpitzerIRS 
 3.10894E+01  1.78660E-10  8.93300E-12  5.44716E-02 SpitzerIRS 
 3.12588E+01  1.77771E-10  8.88853E-12  5.41765E-02 SpitzerIRS 
 3.14281E+01  1.76806E-10  8.84029E-12  5.38877E-02 SpitzerIRS 
 3.15975E+01  1.76680E-10  8.83401E-12  5.35961E-02 SpitzerIRS 
 3.17668E+01  1.79339E-10  8.96693E-12  5.33110E-02 SpitzerIRS 
 3.19362E+01  1.80590E-10  9.02949E-12  5.30308E-02 SpitzerIRS 
 3.21055E+01  1.81086E-10  9.05429E-12  5.27473E-02 SpitzerIRS 
 3.22749E+01  1.82967E-10  9.14833E-12  5.24746E-02 SpitzerIRS 
 3.24442E+01  1.87013E-10  9.35067E-12  5.21972E-02 SpitzerIRS 
 3.26136E+01  1.89774E-10  9.48870E-12  5.19259E-02 SpitzerIRS 
 3.27829E+01  1.90935E-10  9.54675E-12  5.16619E-02 SpitzerIRS 
 3.29523E+01  1.92546E-10  9.62728E-12  5.13919E-02 SpitzerIRS 
 3.31217E+01  1.92225E-10  9.61127E-12  5.11297E-02 SpitzerIRS 
 3.32910E+01  1.95864E-10  9.79322E-12  5.08732E-02 SpitzerIRS 
 3.34604E+01  1.91978E-10  9.59889E-12  5.06115E-02 SpitzerIRS 
 3.36297E+01  1.84149E-10  9.20746E-12  5.03596E-02 SpitzerIRS 
 3.37991E+01  1.90212E-10  9.51062E-12  5.01049E-02 SpitzerIRS 
 3.39684E+01  1.94810E-10  9.74051E-12  4.98563E-02 SpitzerIRS 
 3.41378E+01  1.84267E-10  9.21335E-12  4.96102E-02 SpitzerIRS 
 3.43071E+01  1.82701E-10  9.13506E-12  4.93623E-02 SpitzerIRS 
 3.44765E+01  1.75278E-10  8.76392E-12  4.91204E-02 SpitzerIRS 
 3.46458E+01  1.74189E-10  8.70945E-12  4.88832E-02 SpitzerIRS 
 3.48152E+01  1.74272E-10  8.71361E-12  4.86426E-02 SpitzerIRS 
 3.49845E+01  1.72116E-10  8.60581E-12  4.84105E-02 SpitzerIRS 
 3.51539E+01  1.67981E-10  8.39905E-12  4.81739E-02 SpitzerIRS 
 3.53233E+01  1.59670E-10  7.98351E-12  4.79424E-02 SpitzerIRS 
 3.54926E+01  1.68455E-10  8.42277E-12  4.77136E-02 SpitzerIRS 
 5.52756E+01  1.18553E-10  5.92767E-12  1.00650E-01 PACSspec 
 5.58320E+01  1.16937E-10  5.84687E-12  9.97358E-02 PACSspec 
 5.63888E+01  1.12300E-10  5.61500E-12  9.97031E-02 PACSspec 
 5.69511E+01  1.07605E-10  5.38025E-12  1.00520E-01 PACSspec 
 5.75235E+01  1.17177E-10  5.85887E-12  1.00450E-01 PACSspec 
 5.81013E+01  1.23168E-10  6.15839E-12  9.95273E-02 PACSspec 
 5.86796E+01  1.13206E-10  5.66032E-12  9.94536E-02 PACSspec 
 5.92632E+01  1.12378E-10  5.61888E-12  1.00198E-01 PACSspec 
 5.98570E+01  1.10959E-10  5.54794E-12  1.00088E-01 PACSspec 
 6.04561E+01  1.10376E-10  5.51880E-12  9.99677E-02 PACSspec 
 6.10605E+01  1.01260E-10  5.06302E-12  9.98374E-02 PACSspec 
 6.16701E+01  1.00843E-10  5.04217E-12  9.96965E-02 PACSspec 
 6.22849E+01  9.88995E-11  4.94497E-12  1.00335E-01 PACSspec 
 6.29099E+01  1.01610E-10  5.08050E-12  1.00158E-01 PACSspec 
 6.35399E+01  9.68572E-11  4.84286E-12  9.99710E-02 PACSspec 
 6.41752E+01  9.84745E-11  4.92372E-12  9.97727E-02 PACSspec 
 6.48155E+01  1.07212E-10  5.36059E-12  1.00324E-01 PACSspec 
 6.54657E+01  1.07598E-10  5.37989E-12  1.00089E-01 PACSspec 
 6.61210E+01  9.83878E-11  4.91939E-12  9.98434E-02 PACSspec 
 6.67811E+01  1.05145E-10  5.25727E-12  1.00324E-01 PACSspec 
 6.74511E+01  9.73374E-11  4.86687E-12  1.00041E-01 PACSspec 
 6.81259E+01  9.61430E-11  4.80715E-12  9.97464E-02 PACSspec 
 6.88054E+01  9.30183E-11  4.65092E-12  9.94401E-02 PACSspec 
 6.94896E+01  9.16078E-11  4.58039E-12  9.98297E-02 PACSspec 
 7.01833E+01  9.25220E-11  4.62610E-12  2.38880E-02 PACSspec 
 7.03510E+01  9.27032E-11  4.63516E-12  7.61155E-02 PACSspec 
 7.08865E+01  1.00923E-10  5.04617E-12  2.39157E-02 PACSspec 
 7.10560E+01  8.16681E-11  4.08341E-12  7.64075E-02 PACSspec 
 7.15989E+01  9.60600E-11  4.80300E-12  2.27410E-02 PACSspec 
 7.17617E+01  7.40104E-11  3.70052E-12  3.06860E-02 PACSspec 
 7.19819E+01  8.12098E-11  5.62101E-12  6.88546E-02 PACSspec 
 7.24776E+01  9.06470E-11  4.53235E-12  1.00124E-01 PACSspec 
 7.32032E+01  8.42147E-11  4.21073E-12  9.96833E-02 PACSspec 
 7.39330E+01  8.92580E-11  4.46290E-12  9.98912E-02 PACSspec 
 7.46715E+01  8.59765E-11  4.29882E-12  1.00062E-01 PACSspec 
 7.54187E+01  8.63173E-11  4.31586E-12  1.00197E-01 PACSspec 
 7.61743E+01  8.24602E-11  4.12301E-12  1.00294E-01 PACSspec 
 7.69383E+01  9.06773E-11  4.53387E-12  9.97235E-02 PACSspec 
 7.77056E+01  8.85523E-11  4.42762E-12  9.97598E-02 PACSspec 
 7.84808E+01  7.95327E-11  3.97663E-12  1.00373E-01 PACSspec 
 7.92685E+01  8.84325E-11  4.42163E-12  1.00315E-01 PACSspec 
 8.00637E+01  8.34515E-11  4.17258E-12  9.96191E-02 PACSspec 
 8.08613E+01  7.32638E-11  3.66319E-12  9.94958E-02 PACSspec 
 8.16658E+01  8.31874E-11  4.15937E-12  1.00498E-01 PACSspec 
 8.24865E+01  7.16975E-11  3.58487E-12  1.00260E-01 PACSspec 
 8.33136E+01  7.60831E-11  3.80416E-12  9.99778E-02 PACSspec 
 8.41465E+01  7.84669E-11  3.92334E-12  1.00211E-01 PACSspec 
 8.49897E+01  7.43923E-11  3.71961E-12  9.98226E-02 PACSspec 
 8.58381E+01  8.49974E-11  4.24987E-12  9.99295E-02 PACSspec 
 8.66959E+01  7.79071E-11  3.89535E-12  9.99646E-02 PACSspec 
 8.75626E+01  7.94731E-11  3.97365E-12  9.99239E-02 PACSspec 
 8.84375E+01  8.07486E-11  4.03743E-12  9.98083E-02 PACSspec 
 8.93202E+01  8.46809E-11  4.23405E-12  1.00119E-01 PACSspec 
 9.02145E+01  6.97511E-11  3.48755E-12  1.00325E-01 PACSspec 
 9.11195E+01  7.80034E-11  3.90017E-12  9.99316E-02 PACSspec 
 9.20301E+01  7.70383E-11  3.85192E-12  9.99324E-02 PACSspec 
 9.29498E+01  7.46412E-11  3.73206E-12  9.98176E-02 PACSspec 
 9.38776E+01  7.50420E-11  3.75210E-12  8.49287E-02 PACSspec 
 9.46749E+01  8.59229E-11  4.29615E-12  8.26683E-01 PACSspec 
 1.02501E+02  7.15693E-11  3.57847E-12  1.00970E-01 PACSspec 
 1.03536E+02  7.12028E-11  3.56014E-12  9.90598E-02 PACSspec 
 1.04562E+02  7.05663E-11  3.52832E-12  9.98459E-02 PACSspec 
 1.05606E+02  7.09513E-11  3.54757E-12  1.00612E-01 PACSspec 
 1.06669E+02  7.11098E-11  3.55549E-12  1.00041E-01 PACSspec 
 1.07736E+02  7.09104E-11  3.54552E-12  9.94740E-02 PACSspec 
 1.08807E+02  6.83653E-11  3.41827E-12  1.00216E-01 PACSspec 
 1.09898E+02  6.95319E-11  3.47659E-12  9.96407E-02 PACSspec 
 1.10993E+02  7.01088E-11  3.50544E-12  9.90712E-02 PACSspec 
 1.12093E+02  6.91970E-11  3.45985E-12  1.01068E-01 PACSspec 
 1.13225E+02  6.66096E-11  3.33048E-12  1.00472E-01 PACSspec 
 1.14363E+02  6.67350E-11  3.33675E-12  9.98828E-02 PACSspec 
 1.15505E+02  6.60289E-11  3.30144E-12  1.00554E-01 PACSspec 
 1.16667E+02  6.40046E-11  3.20023E-12  9.99531E-02 PACSspec 
 1.17833E+02  6.33081E-11  3.16540E-12  9.93551E-02 PACSspec 
 1.19004E+02  6.52693E-11  3.26347E-12  9.99961E-02 PACSspec 
 1.20194E+02  6.25584E-11  3.12792E-12  1.00616E-01 PACSspec 
 1.21403E+02  6.12580E-11  3.06290E-12  9.99927E-02 PACSspec 
 1.22617E+02  6.17603E-11  3.08802E-12  9.93721E-02 PACSspec 
 1.23835E+02  5.97415E-11  2.98708E-12  9.99594E-02 PACSspec 
 1.25073E+02  5.96998E-11  2.98499E-12  1.00524E-01 PACSspec 
 1.26330E+02  5.94231E-11  2.97115E-12  9.98746E-02 PACSspec 
 1.27592E+02  5.89206E-11  2.94603E-12  9.92263E-02 PACSspec 
 1.28858E+02  5.71049E-11  2.85525E-12  9.97546E-02 PACSspec 
 1.30144E+02  5.73279E-11  2.86639E-12  1.00258E-01 PACSspec 
 1.31448E+02  5.70037E-11  2.85018E-12  9.95790E-02 PACSspec 
 1.32757E+02  5.59757E-11  2.79879E-12  1.00051E-01 PACSspec 
 1.34086E+02  5.68565E-11  2.84283E-12  1.00497E-01 PACSspec 
 1.35433E+02  5.51396E-11  2.75698E-12  9.97835E-02 PACSspec 
 1.36785E+02  5.54336E-11  2.77168E-12  1.00196E-01 PACSspec 
 1.38155E+02  5.50517E-11  2.75258E-12  1.00580E-01 PACSspec 
 1.39545E+02  5.36241E-11  2.68120E-12  5.21030E-02 PACSspec 
 1.40272E+02  5.85688E-11  2.92844E-12  4.74779E-02 PACSspec 
 1.40938E+02  5.27424E-11  2.63712E-12  5.28120E-02 PACSspec 
 1.41682E+02  5.30935E-11  2.65468E-12  4.71161E-02 PACSspec 
 1.42350E+02  5.23856E-11  2.61928E-12  5.24055E-02 PACSspec 
 1.43096E+02  5.38979E-11  2.69490E-12  4.78394E-02 PACSspec 
 1.43780E+02  5.15654E-11  2.57827E-12  5.19933E-02 PACSspec 
 1.44528E+02  5.22563E-11  2.61281E-12  4.74608E-02 PACSspec 
 1.45214E+02  5.12128E-11  2.56064E-12  5.15799E-02 PACSspec 
 1.45963E+02  5.04324E-11  2.52162E-12  2.13897E-02 PACSspec 
 1.46275E+02  5.33291E-11  2.66645E-12  7.80004E-02 PACSspec 
 1.47416E+02  5.13313E-11  2.56657E-12  1.00862E-01 PACSspec 
 1.48903E+02  5.10227E-11  2.55114E-12  9.99996E-02 PACSspec 
 1.50392E+02  4.70816E-11  2.35408E-12  9.91338E-02 PACSspec 
 1.51883E+02  4.87790E-11  2.43895E-12  1.00332E-01 PACSspec 
 1.53406E+02  4.86598E-11  2.43299E-12  1.00444E-01 PACSspec 
 1.54947E+02  4.98510E-11  2.49255E-12  1.00519E-01 PACSspec 
 1.56505E+02  4.69662E-11  2.34831E-12  9.95541E-02 PACSspec 
 1.58063E+02  4.69512E-11  2.34756E-12  9.95768E-02 PACSspec 
 1.59637E+02  4.85284E-11  2.42642E-12  1.00549E-01 PACSspec 
 1.61242E+02  4.34616E-11  2.17308E-12  9.94995E-02 PACSspec 
 1.62846E+02  4.32384E-11  2.16192E-12  1.00371E-01 PACSspec 
 1.64481E+02  4.39608E-11  2.19804E-12  1.00217E-01 PACSspec 
 1.66129E+02  4.37871E-11  2.18935E-12  1.00017E-01 PACSspec 
 1.67791E+02  4.28747E-11  2.14374E-12  9.97766E-02 PACSspec 
 1.69465E+02  4.26401E-11  2.13200E-12  9.94884E-02 PACSspec 
 1.71151E+02  4.38576E-11  2.19288E-12  1.00063E-01 PACSspec 
 1.72863E+02  4.22266E-11  2.11133E-12  1.00553E-01 PACSspec 
 1.74602E+02  4.06011E-11  2.03006E-12  1.00075E-01 PACSspec 
 1.76349E+02  3.93240E-11  1.96620E-12  9.90831E-02 PACSspec 
 1.91314E+02  3.59903E-11  2.27455E-12  5.67582E-02 SPIREspec 
 1.92400E+02  4.23156E-11  2.11578E-12  1.00078E-01 SPIREspec 
 1.94326E+02  4.23704E-11  2.11852E-12  1.00098E-01 SPIREspec 
 1.96271E+02  4.24478E-11  2.12239E-12  1.00109E-01 SPIREspec 
 1.98236E+02  4.23889E-11  2.11945E-12  9.90996E-02 SPIREspec 
 2.00200E+02  4.13384E-11  2.06692E-12  1.00091E-01 SPIREspec 
 2.02204E+02  3.88442E-11  1.94221E-12  1.00071E-01 SPIREspec 
 2.04228E+02  3.91412E-11  1.95706E-12  1.00042E-01 SPIREspec 
 2.06271E+02  3.73507E-11  1.86754E-12  9.99997E-02 SPIREspec 
 2.08333E+02  3.64048E-11  1.82024E-12  9.99471E-02 SPIREspec 
 2.10416E+02  3.61906E-11  1.80953E-12  9.98835E-02 SPIREspec 
 2.12517E+02  3.44112E-11  1.72056E-12  9.98065E-02 SPIREspec 
 2.14638E+02  3.57162E-11  1.78581E-12  1.00813E-01 SPIREspec 
 2.16802E+02  3.41234E-11  1.70617E-12  9.96273E-02 SPIREspec 
 2.18962E+02  3.27355E-11  1.63677E-12  9.95138E-02 SPIREspec 
 2.21141E+02  3.27075E-11  1.63537E-12  1.00514E-01 SPIREspec 
 2.23364E+02  3.06050E-11  1.53025E-12  1.00394E-01 SPIREspec 
 2.25606E+02  3.07861E-11  1.53930E-12  9.91116E-02 SPIREspec 
 2.27842E+02  3.05294E-11  1.52647E-12  1.00104E-01 SPIREspec 
 2.30123E+02  2.94334E-11  1.47167E-12  1.01115E-01 SPIREspec 
 2.32450E+02  2.86380E-11  1.43190E-12  9.97771E-02 SPIREspec 
 2.34769E+02  2.83554E-11  1.41777E-12  9.95852E-02 SPIREspec 
 2.37107E+02  2.88773E-11  1.44386E-12  9.93775E-02 SPIREspec 
 2.39464E+02  2.58666E-11  1.29333E-12  1.00375E-01 SPIREspec 
 2.41867E+02  2.65636E-11  1.32818E-12  1.00159E-01 SPIREspec 
 2.44290E+02  2.66961E-11  1.33480E-12  9.99260E-02 SPIREspec 
 2.46731E+02  2.72378E-11  1.36189E-12  1.00935E-01 SPIREspec 
 2.49221E+02  2.59683E-11  1.29841E-12  9.94211E-02 SPIREspec 
 2.51699E+02  2.54282E-11  1.27141E-12  9.91357E-02 SPIREspec 
 2.54194E+02  2.46384E-11  1.23192E-12  1.00128E-01 SPIREspec 
 2.56739E+02  2.44126E-11  1.22063E-12  9.98314E-02 SPIREspec 
 2.59302E+02  2.56347E-11  1.28173E-12  9.95154E-02 SPIREspec 
 2.61883E+02  2.34665E-11  1.17333E-12  1.00516E-01 SPIREspec 
 2.64515E+02  2.23406E-11  1.11703E-12  1.00187E-01 SPIREspec 
 2.67165E+02  2.34710E-11  1.17355E-12  9.98388E-02 SPIREspec 
 2.69833E+02  2.22662E-11  1.11331E-12  1.00845E-01 SPIREspec 
 2.72554E+02  2.20614E-11  1.10307E-12  1.00482E-01 SPIREspec 
 2.75292E+02  2.20810E-11  1.10405E-12  1.00097E-01 SPIREspec 
 2.78048E+02  2.22035E-11  1.11018E-12  9.96917E-02 SPIREspec 
 2.80820E+02  2.03620E-11  1.01810E-12  9.92623E-02 SPIREspec 
 2.83607E+02  1.97984E-11  9.89918E-13  1.00257E-01 SPIREspec 
 2.86451E+02  2.02415E-11  1.01207E-12  9.98125E-02 SPIREspec 
 2.89310E+02  1.90557E-11  9.52786E-13  9.93422E-02 SPIREspec 
 2.92184E+02  1.98905E-11  9.94523E-13  1.06510E-01 SPIREspec 
 2.95296E+02  1.64701E-11  8.23504E-13  9.36843E-02 SPIREspec 
 2.98063E+02  1.61910E-11  8.09549E-13  9.93377E-02 SPIREspec 
 3.01023E+02  1.83995E-11  9.19973E-13  1.00335E-01 SPIREspec 
 3.04044E+02  1.71258E-11  8.56291E-13  1.01351E-01 SPIREspec 
 3.07125E+02  1.68045E-11  8.40224E-13  1.00822E-01 SPIREspec 
 3.10222E+02  1.67796E-11  8.38982E-13  9.86842E-02 SPIREspec 
 3.13283E+02  1.56614E-11  7.83070E-13  9.66861E-02 SPIREspec 
 3.16312E+02  1.66939E-11  8.34693E-13  1.03654E-01 SPIREspec 
 3.19591E+02  1.49035E-11  7.45177E-13  1.00065E-01 SPIREspec 
 3.22789E+02  1.51366E-11  7.56828E-13  9.94295E-02 SPIREspec 
 3.25998E+02  1.54664E-11  7.73321E-13  9.87654E-02 SPIREspec 
 3.29218E+02  1.41265E-11  7.06325E-13  9.97506E-02 SPIREspec 
 3.32502E+02  1.34014E-11  6.70072E-13  1.00756E-01 SPIREspec 
 3.35852E+02  1.47675E-11  7.38375E-13  1.00068E-01 SPIREspec 
 3.39213E+02  1.40952E-11  7.04758E-13  9.93492E-02 SPIREspec 
 3.42583E+02  1.35039E-11  6.75196E-13  1.00346E-01 SPIREspec 
 3.46021E+02  1.28668E-11  6.43341E-13  1.01363E-01 SPIREspec 
 3.49528E+02  1.22783E-11  6.13915E-13  1.00618E-01 SPIREspec 
 3.53045E+02  1.26530E-11  6.32649E-13  9.98396E-02 SPIREspec 
 3.56570E+02  1.18842E-11  5.94210E-13  9.90277E-02 SPIREspec 
 3.60101E+02  1.18725E-11  5.93627E-13  1.00018E-01 SPIREspec 
 3.63702E+02  1.15541E-11  5.77705E-13  1.01029E-01 SPIREspec 
 3.67377E+02  1.21125E-11  6.05626E-13  1.00186E-01 SPIREspec 
 3.71058E+02  1.13046E-11  5.65229E-13  9.93067E-02 SPIREspec 
 3.74742E+02  1.11462E-11  5.57311E-13  9.83916E-02 SPIREspec 
 3.78430E+02  1.13115E-11  5.65573E-13  9.93693E-02 SPIREspec 
 3.82190E+02  1.10524E-11  5.52622E-13  1.00367E-01 SPIREspec 
 3.86026E+02  9.88923E-12  4.94461E-13  1.01384E-01 SPIREspec 
 3.89940E+02  1.05065E-11  5.25323E-13  1.00433E-01 SPIREspec 
 3.93856E+02  1.06061E-11  5.30307E-13  9.94431E-02 SPIREspec 
 3.97772E+02  1.06559E-11  5.32793E-13  1.00442E-01 SPIREspec 
 4.01768E+02  1.02100E-11  5.10501E-13  9.94117E-02 SPIREspec 
 4.05762E+02  9.86428E-12  4.93214E-13  1.00410E-01 SPIREspec 
 4.09836E+02  8.80284E-12  4.40142E-13  1.01428E-01 SPIREspec 
 4.13993E+02  9.20671E-12  4.60335E-13  9.82441E-02 SPIREspec 
 4.18060E+02  9.34425E-12  4.67213E-13  9.92189E-02 SPIREspec 
 4.22208E+02  9.38234E-12  4.69117E-13  1.00213E-01 SPIREspec 
 4.26439E+02  9.58730E-12  4.79365E-13  9.90524E-02 SPIREspec 
 4.30663E+02  9.03392E-12  4.51696E-13  1.00044E-01 SPIREspec 
 4.34972E+02  8.76819E-12  4.38409E-13  1.01055E-01 SPIREspec 
 4.39367E+02  8.40386E-12  4.20193E-13  9.98447E-02 SPIREspec 
 4.43754E+02  8.41612E-12  4.20806E-13  1.00852E-01 SPIREspec 
 4.48229E+02  7.53592E-12  3.76796E-13  1.01879E-01 SPIREspec 
 4.52796E+02  7.64785E-12  3.82392E-13  9.83081E-02 SPIREspec 
 4.57247E+02  7.89507E-12  3.94754E-13  9.92843E-02 SPIREspec 
 4.61787E+02  7.22440E-12  3.61220E-13  1.00280E-01 SPIREspec 
 4.66418E+02  7.74268E-12  3.87134E-13  9.89166E-02 SPIREspec 
 4.71032E+02  6.94215E-12  3.47108E-13  9.99048E-02 SPIREspec 
 4.75737E+02  6.25927E-12  3.12963E-13  1.00913E-01 SPIREspec 
 4.80538E+02  5.51619E-12  2.75810E-13  9.94905E-02 SPIREspec 
 4.85319E+02  6.35319E-12  3.17660E-13  1.00490E-01 SPIREspec 
 4.90196E+02  5.85778E-12  3.95853E-13  1.01510E-01 SPIREspec 
 4.95172E+02  5.74084E-12  3.63446E-13  1.00025E-01 SPIREspec 
 5.00125E+02  5.77319E-12  2.88660E-13  9.84848E-02 SPIREspec 
 5.05051E+02  4.59835E-12  2.90384E-13  9.94645E-02 SPIREspec 
 5.10074E+02  4.95661E-12  2.47830E-13  1.00464E-01 SPIREspec 
 5.15198E+02  4.65362E-12  2.32681E-13  9.88554E-02 SPIREspec 
 5.20291E+02  4.02480E-12  4.77943E-13  9.98422E-02 SPIREspec 
 5.25486E+02  4.44152E-12  5.25648E-13  1.00849E-01 SPIREspec 
 5.30786E+02  4.63804E-12  3.97484E-13  1.01877E-01 SPIREspec 
 5.36193E+02  4.71478E-12  2.35739E-13  1.00190E-01 SPIREspec 
 5.41565E+02  5.05615E-12  3.50372E-13  9.84413E-02 SPIREspec 
 5.46896E+02  3.49325E-12  1.74663E-13  9.94200E-02 SPIREspec 
 5.52334E+02  3.68804E-12  1.84402E-13  1.00419E-01 SPIREspec 
 5.57880E+02  4.76450E-12  2.53845E-13  1.01437E-01 SPIREspec 
 5.63539E+02  4.12715E-12  3.89988E-13  9.96016E-02 SPIREspec 
 5.69152E+02  4.81462E-12  4.77652E-13  9.77011E-02 SPIREspec 
 5.74713E+02  3.31404E-12  3.33771E-13  1.01597E-01 SPIREspec 
 5.80552E+02  4.80821E-12  5.01966E-13  1.02639E-01 SPIREspec 
 5.86510E+02  2.36282E-12  2.54919E-13  9.77198E-02 SPIREspec 
 5.92242E+02  2.66019E-12  2.40567E-13  9.86843E-02 SPIREspec 
 5.98086E+02  3.43533E-12  2.76632E-13  1.02719E-01 SPIREspec 
 6.04230E+02  3.22976E-12  5.44141E-13  1.00702E-01 SPIREspec 
 6.10314E+02  3.01883E-12  2.31710E-13  9.86133E-02 SPIREspec 
 6.16333E+02  2.70858E-12  2.05050E-13  9.95954E-02 SPIREspec 
 6.22471E+02  2.81640E-12  1.83328E-13  1.00597E-01 SPIREspec 
 6.28733E+02  3.16198E-12  3.18753E-13  9.84126E-02 SPIREspec 
 6.34921E+02  3.57023E-12  4.22331E-13  9.93908E-02 SPIREspec 
 6.41231E+02  3.06415E-12  1.53208E-13  1.00389E-01 SPIREspec 
 6.47668E+02  2.87273E-12  4.99671E-13  1.01407E-01 SPIREspec 
 6.54236E+02  4.78445E-12  2.39222E-13  1.02445E-01 SPIREspec 
 6.60939E+02  2.80961E-12  2.93433E-13  1.00134E-01 SPIREspec 
 6.67557E+02  3.13449E-12  6.38851E-13  9.91408E-02 SPIREspec 
