 3.51600E-01  7.67157E-12  3.83578E-13  1.00000E+00 SDSS.U 
 4.67700E-01  1.22385E-11  6.11924E-13  1.00000E+00 SDSS.G 
 6.16800E-01  3.68228E-11  1.84114E-12  1.00000E+00 SDSS.R 
 6.24700E-01  3.92322E-11  5.13107E-12  1.00000E+00 SDSS.RP 
 7.49600E-01  8.25029E-11  4.12515E-12  1.00000E+00 SDSS.I 
 8.97000E-01  1.73171E-10  8.65855E-12  1.00000E+00 SDSS.Z 
 1.23930E+00  3.16823E-10  1.58411E-11  1.00000E+00 2MASS.J 
 1.64950E+00  4.23526E-10  2.11763E-11  1.00000E+00 2MASS.H 
 2.16390E+00  3.37393E-10  1.68696E-11  1.00000E+00 2MASS.KS 
 3.36820E+00  2.18823E-10  1.09412E-11  1.00000E+00 WISE.W1 
 3.55690E+00  1.59214E-10  7.96070E-12  1.00000E+00 IRAC.36 
 4.50200E+00  1.23926E-10  6.19629E-12  1.00000E+00 IRAC.45 
 4.61790E+00  1.61053E-10  8.05263E-12  1.00000E+00 WISE.W2 
 5.74500E+00  7.98925E-11  3.99462E-12  1.00000E+00 IRAC.58 
 7.91580E+00  7.41926E-11  3.70963E-12  1.00000E+00 IRAC.80 
 9.09950E+00  7.17894E-11  4.54655E-12  1.00000E+00 AKARI.S9W 
 1.20730E+01  7.23321E-11  3.61661E-12  1.00000E+00 WISE.W3 
 1.95050E+01  5.52245E-11  6.44004E-12  1.00000E+00 AKARI.L18W 
 2.21943E+01  6.59726E-11  3.29863E-12  1.00000E+00 WISE.W4 
 2.42035E+01  4.86287E-11  2.43144E-12  1.00000E+00 MIPS.24 
 7.00000E+01  3.12641E-11  2.99792E-12  1.00000E+00 PACS.70 
 7.00000E+01  2.56965E-11  2.14137E-12  1.00000E+00 MIPS.70 
 7.04471E+01  2.54568E-11  5.08966E-12  1.00000E+00 MIPS.70 
 8.78971E+01  2.86739E-11  1.45638E-12  1.00000E+00 AKARI.WIDES 
 1.00000E+02  2.84803E-11  2.69813E-12  1.00000E+00 PACS.100 
 1.60000E+02  2.37960E-11  3.56004E-12  1.00000E+00 PACS.160 
 3.50000E+02  9.47344E-12  7.02371E-13  1.00000E+00 generic 
 4.50000E+02  2.91132E-12  3.73075E-13  1.00000E+00 generic 
 8.50000E+02  4.26763E-13  4.26763E-14  1.00000E+00 generic 
 2.70000E+03  2.08744E-14  1.04372E-15  1.00000E+00 generic 
 7.00000E+03  6.93805E-16  1.15634E-16  1.00000E+00 generic 
 7.80000E+03  4.86586E-16  8.95534E-17  1.00000E+00 generic 
 8.60000E+03  2.78877E-16  6.23987E-17  1.00000E+00 generic 
 9.60000E+03  1.85184E-16  5.37128E-17  1.00000E+00 generic 
 1.08000E+04  1.33241E-16  4.10827E-17  1.00000E+00 generic 
 5.18700E+00  8.36726E-11  4.36944E-12  5.82225E-02 SpitzerIRS 
 5.21720E+00  9.28591E-11  4.64296E-12  5.80771E-02 SpitzerIRS 
 5.24750E+00  1.03886E-10  7.38698E-12  5.75512E-02 SpitzerIRS 
 5.27770E+00  9.99516E-11  6.98685E-12  5.74114E-02 SpitzerIRS 
 5.30800E+00  9.45069E-11  4.72535E-12  5.68953E-02 SpitzerIRS 
 5.33820E+00  9.59940E-11  4.79970E-12  5.67607E-02 SpitzerIRS 
 5.36850E+00  1.00824E-10  5.04122E-12  5.62541E-02 SpitzerIRS 
 5.39870E+00  9.80835E-11  4.90418E-12  5.59394E-02 SpitzerIRS 
 5.42890E+00  9.13475E-11  4.56738E-12  5.58124E-02 SpitzerIRS 
 5.45920E+00  9.36357E-11  4.68179E-12  5.53195E-02 SpitzerIRS 
 5.48940E+00  9.18208E-11  4.59104E-12  5.51973E-02 SpitzerIRS 
 5.51970E+00  9.31688E-11  4.65844E-12  5.47131E-02 SpitzerIRS 
 5.54990E+00  9.23918E-11  4.61959E-12  5.45956E-02 SpitzerIRS 
 5.58020E+00  8.70334E-11  4.35167E-12  5.41199E-02 SpitzerIRS 
 5.61040E+00  8.67306E-11  4.33653E-12  5.38286E-02 SpitzerIRS 
 5.64060E+00  8.67658E-11  4.33829E-12  5.37177E-02 SpitzerIRS 
 5.67090E+00  8.22686E-11  4.53582E-12  5.32543E-02 SpitzerIRS 
 5.70110E+00  8.29739E-11  4.14870E-12  5.31476E-02 SpitzerIRS 
 5.73140E+00  8.42614E-11  4.21307E-12  5.26922E-02 SpitzerIRS 
 5.76160E+00  8.21547E-11  4.10773E-12  5.24160E-02 SpitzerIRS 
 5.79180E+00  8.06859E-11  4.03429E-12  5.23153E-02 SpitzerIRS 
 5.82210E+00  8.21506E-11  4.10753E-12  5.18713E-02 SpitzerIRS 
 5.85230E+00  8.22082E-11  4.11041E-12  5.17745E-02 SpitzerIRS 
 5.88260E+00  8.34308E-11  4.17154E-12  5.13378E-02 SpitzerIRS 
 5.91280E+00  7.98713E-11  3.99357E-12  5.10756E-02 SpitzerIRS 
 5.94300E+00  7.70744E-11  3.85372E-12  5.09844E-02 SpitzerIRS 
 5.97330E+00  7.41990E-11  3.70995E-12  5.05583E-02 SpitzerIRS 
 6.00350E+00  7.90891E-11  3.95445E-12  5.04706E-02 SpitzerIRS 
 6.03380E+00  7.76734E-11  3.88367E-12  5.00514E-02 SpitzerIRS 
 6.06400E+00  7.57193E-11  3.78597E-12  4.99670E-02 SpitzerIRS 
 6.09430E+00  7.40688E-11  3.70344E-12  4.95545E-02 SpitzerIRS 
 6.12450E+00  7.39189E-11  3.69595E-12  4.93101E-02 SpitzerIRS 
 6.15470E+00  7.32835E-11  3.66417E-12  4.92307E-02 SpitzerIRS 
 6.18500E+00  7.49651E-11  3.74825E-12  4.88278E-02 SpitzerIRS 
 6.21520E+00  7.45140E-11  3.72570E-12  4.87514E-02 SpitzerIRS 
 6.24550E+00  7.62886E-11  3.81443E-12  4.83548E-02 SpitzerIRS 
 6.27570E+00  7.20568E-11  3.60284E-12  4.82815E-02 SpitzerIRS 
 6.30600E+00  7.04222E-11  3.52111E-12  4.78909E-02 SpitzerIRS 
 6.33620E+00  7.00393E-11  3.50196E-12  4.76626E-02 SpitzerIRS 
 6.36640E+00  6.52994E-11  5.15633E-12  4.75936E-02 SpitzerIRS 
 6.39670E+00  7.23716E-11  3.61858E-12  4.72118E-02 SpitzerIRS 
 6.42690E+00  6.90695E-11  3.45347E-12  4.71456E-02 SpitzerIRS 
 6.45720E+00  7.41728E-11  3.70864E-12  4.67695E-02 SpitzerIRS 
 6.48740E+00  7.34624E-11  3.67312E-12  4.67059E-02 SpitzerIRS 
 6.51770E+00  7.00805E-11  3.50403E-12  4.63354E-02 SpitzerIRS 
 6.54790E+00  7.16665E-11  3.58333E-12  4.61217E-02 SpitzerIRS 
 6.57810E+00  7.31650E-11  3.65825E-12  4.60619E-02 SpitzerIRS 
 6.60840E+00  7.57193E-11  3.78597E-12  4.56994E-02 SpitzerIRS 
 6.63860E+00  7.53433E-11  3.76716E-12  4.56422E-02 SpitzerIRS 
 6.66890E+00  7.11214E-11  3.55607E-12  4.52848E-02 SpitzerIRS 
 6.69910E+00  7.02280E-11  3.51140E-12  4.52300E-02 SpitzerIRS 
 6.72940E+00  6.84105E-11  3.42052E-12  4.48777E-02 SpitzerIRS 
 6.75960E+00  6.79496E-11  3.39748E-12  4.46772E-02 SpitzerIRS 
 6.78980E+00  6.68791E-11  3.34395E-12  4.46258E-02 SpitzerIRS 
 6.82010E+00  6.76062E-11  3.38031E-12  4.42809E-02 SpitzerIRS 
 6.85030E+00  7.06779E-11  3.53390E-12  4.42316E-02 SpitzerIRS 
 6.88060E+00  6.88155E-11  3.44078E-12  4.38915E-02 SpitzerIRS 
 6.91080E+00  6.63371E-11  3.31686E-12  4.36997E-02 SpitzerIRS 
 6.94100E+00  6.66532E-11  5.17003E-12  4.36537E-02 SpitzerIRS 
 6.97130E+00  6.25662E-11  3.12831E-12  4.33205E-02 SpitzerIRS 
 7.00150E+00  6.28102E-11  3.14051E-12  4.32764E-02 SpitzerIRS 
 7.03180E+00  6.55665E-11  3.27833E-12  4.29478E-02 SpitzerIRS 
 7.06200E+00  6.75531E-11  3.37765E-12  4.27641E-02 SpitzerIRS 
 7.09220E+00  6.68977E-11  3.34488E-12  4.27230E-02 SpitzerIRS 
 7.12250E+00  6.18989E-11  3.09494E-12  4.24008E-02 SpitzerIRS 
 7.15270E+00  6.21992E-11  3.10996E-12  4.23616E-02 SpitzerIRS 
 7.18300E+00  6.45745E-11  3.27631E-12  4.20437E-02 SpitzerIRS 
 7.21320E+00  6.62243E-11  3.77795E-12  4.20063E-02 SpitzerIRS 
 7.24350E+00  6.32157E-11  3.16079E-12  4.16926E-02 SpitzerIRS 
 7.27370E+00  5.77642E-11  2.88821E-12  4.15194E-02 SpitzerIRS 
 7.30390E+00  5.51898E-11  2.75949E-12  4.14847E-02 SpitzerIRS 
 7.33420E+00  6.07989E-11  3.03995E-12  4.11770E-02 SpitzerIRS 
 7.36440E+00  6.13190E-11  3.06595E-12  4.11439E-02 SpitzerIRS 
 7.39470E+00  5.84285E-11  2.92142E-12  4.08401E-02 SpitzerIRS 
 7.42490E+00  5.93779E-11  2.96889E-12  4.08086E-02 SpitzerIRS 
 7.45520E+00  6.42315E-11  3.21157E-12  4.05086E-02 SpitzerIRS 
 7.48540E+00  6.81736E-11  3.40868E-12  4.03452E-02 SpitzerIRS 
 7.51560E+00  5.97144E-11  2.98572E-12  4.03161E-02 SpitzerIRS 
 7.54590E+00  6.10836E-11  5.76470E-12  4.00217E-02 SpitzerIRS 
 7.57610E+00  6.13348E-11  3.06674E-12  7.98564E-02 SpitzerIRS 
 7.63660E+00  6.19912E-11  3.09956E-12  7.92237E-02 SpitzerIRS 
 7.69710E+00  6.05303E-11  3.02651E-12  7.86010E-02 SpitzerIRS 
 7.75760E+00  6.19209E-11  3.09604E-12  7.78591E-02 SpitzerIRS 
 7.81800E+00  6.01809E-11  3.00905E-12  7.73855E-02 SpitzerIRS 
 7.87850E+00  6.01373E-11  3.00687E-12  7.67913E-02 SpitzerIRS 
 7.93900E+00  5.94109E-11  2.97055E-12  7.62061E-02 SpitzerIRS 
 7.99950E+00  6.06930E-11  3.03465E-12  7.56297E-02 SpitzerIRS 
 8.06000E+00  6.17996E-11  3.08998E-12  7.50620E-02 SpitzerIRS 
 8.12050E+00  6.24800E-11  3.12400E-12  7.45028E-02 SpitzerIRS 
 8.18100E+00  6.47626E-11  3.23813E-12  7.38296E-02 SpitzerIRS 
 8.24140E+00  6.62232E-11  3.31116E-12  7.34099E-02 SpitzerIRS 
 8.30190E+00  6.64520E-11  3.32260E-12  7.28749E-02 SpitzerIRS 
 8.36240E+00  6.90902E-11  3.45451E-12  7.23477E-02 SpitzerIRS 
 8.42290E+00  6.94838E-11  3.47419E-12  7.18280E-02 SpitzerIRS 
 8.48340E+00  6.90271E-11  3.45136E-12  7.13157E-02 SpitzerIRS 
 8.54390E+00  7.03980E-11  3.51990E-12  7.06937E-02 SpitzerIRS 
 8.60430E+00  7.27644E-11  3.63822E-12  7.03137E-02 SpitzerIRS 
 8.66480E+00  7.03465E-11  3.51732E-12  6.98227E-02 SpitzerIRS 
 8.72530E+00  7.52908E-11  3.76454E-12  6.93386E-02 SpitzerIRS 
 8.78580E+00  7.52057E-11  3.76029E-12  6.88611E-02 SpitzerIRS 
 8.84630E+00  7.59724E-11  3.79862E-12  6.83902E-02 SpitzerIRS 
 8.90680E+00  7.91285E-11  3.95643E-12  6.78134E-02 SpitzerIRS 
 8.96720E+00  8.08188E-11  4.04094E-12  6.74681E-02 SpitzerIRS 
 9.02770E+00  8.20937E-11  4.10468E-12  6.70160E-02 SpitzerIRS 
 9.08820E+00  8.27644E-11  4.13822E-12  6.65698E-02 SpitzerIRS 
 9.14870E+00  8.37703E-11  4.18852E-12  6.61296E-02 SpitzerIRS 
 9.20920E+00  8.56485E-11  4.28242E-12  6.56952E-02 SpitzerIRS 
 9.26970E+00  8.67195E-11  4.33597E-12  6.51585E-02 SpitzerIRS 
 9.33010E+00  8.60874E-11  4.30437E-12  6.48439E-02 SpitzerIRS 
 9.39060E+00  8.84954E-11  4.42477E-12  6.44261E-02 SpitzerIRS 
 9.45110E+00  8.85696E-11  4.42848E-12  6.40137E-02 SpitzerIRS 
 9.51160E+00  8.75808E-11  4.37904E-12  6.36065E-02 SpitzerIRS 
 9.57210E+00  8.73467E-11  4.36733E-12  6.32045E-02 SpitzerIRS 
 9.63260E+00  8.82577E-11  4.41289E-12  6.28075E-02 SpitzerIRS 
 9.69310E+00  8.76295E-11  4.38148E-12  6.23124E-02 SpitzerIRS 
 9.75350E+00  8.73020E-11  4.36510E-12  6.20290E-02 SpitzerIRS 
 9.81400E+00  8.55695E-11  4.27847E-12  6.16466E-02 SpitzerIRS 
 9.87450E+00  8.80144E-11  4.40072E-12  6.12689E-02 SpitzerIRS 
 9.93500E+00  8.90808E-11  4.45404E-12  6.08958E-02 SpitzerIRS 
 9.99550E+00  8.77558E-11  4.38779E-12  6.05272E-02 SpitzerIRS 
 1.00560E+01  8.71086E-11  4.35543E-12  6.00636E-02 SpitzerIRS 
 1.01164E+01  8.67426E-11  4.33713E-12  5.98039E-02 SpitzerIRS 
 1.01769E+01  8.62681E-11  4.31341E-12  5.94484E-02 SpitzerIRS 
 1.02374E+01  8.49647E-11  4.24824E-12  5.90970E-02 SpitzerIRS 
 1.02979E+01  8.34495E-11  4.17248E-12  5.87498E-02 SpitzerIRS 
 1.03584E+01  8.30171E-11  4.15086E-12  5.83102E-02 SpitzerIRS 
 1.04188E+01  8.43918E-11  4.21959E-12  5.80681E-02 SpitzerIRS 
 1.04793E+01  8.17504E-11  4.08752E-12  5.77329E-02 SpitzerIRS 
 1.05398E+01  8.13266E-11  4.06633E-12  5.74015E-02 SpitzerIRS 
 1.06003E+01  7.91090E-11  3.95545E-12  5.70739E-02 SpitzerIRS 
 1.06608E+01  7.83170E-11  3.91585E-12  5.67500E-02 SpitzerIRS 
 1.07213E+01  7.92061E-11  3.96030E-12  5.63365E-02 SpitzerIRS 
 1.07817E+01  7.89125E-11  3.94563E-12  5.61136E-02 SpitzerIRS 
 1.08422E+01  7.81735E-11  3.90868E-12  5.58005E-02 SpitzerIRS 
 1.09027E+01  7.87049E-11  3.93525E-12  5.54908E-02 SpitzerIRS 
 1.09632E+01  7.79725E-11  3.89863E-12  5.51846E-02 SpitzerIRS 
 1.10237E+01  7.85889E-11  3.92944E-12  5.48818E-02 SpitzerIRS 
 1.10842E+01  7.75730E-11  3.87865E-12  5.45822E-02 SpitzerIRS 
 1.11447E+01  7.58123E-11  3.79061E-12  5.41962E-02 SpitzerIRS 
 1.12051E+01  7.71106E-11  3.85553E-12  5.39933E-02 SpitzerIRS 
 1.12656E+01  7.65794E-11  3.82897E-12  5.37033E-02 SpitzerIRS 
 1.13261E+01  7.29755E-11  3.64877E-12  5.34164E-02 SpitzerIRS 
 1.13866E+01  7.24719E-11  3.62360E-12  5.31326E-02 SpitzerIRS 
 1.14471E+01  7.17982E-11  3.58991E-12  5.28518E-02 SpitzerIRS 
 1.15076E+01  7.14546E-11  3.57273E-12  5.24871E-02 SpitzerIRS 
 1.15680E+01  6.84251E-11  3.42126E-12  5.22994E-02 SpitzerIRS 
 1.16285E+01  6.70173E-11  3.35086E-12  5.20273E-02 SpitzerIRS 
 1.16890E+01  6.62267E-11  3.31134E-12  5.17581E-02 SpitzerIRS 
 1.17495E+01  6.23263E-11  3.11632E-12  5.14916E-02 SpitzerIRS 
 1.18100E+01  6.19639E-11  3.09819E-12  5.12278E-02 SpitzerIRS 
 1.18705E+01  5.98903E-11  2.99452E-12  5.08824E-02 SpitzerIRS 
 1.19309E+01  5.84488E-11  2.92244E-12  5.07087E-02 SpitzerIRS 
 1.19914E+01  5.83790E-11  2.91895E-12  5.04528E-02 SpitzerIRS 
 1.20519E+01  5.82351E-11  2.91176E-12  5.01996E-02 SpitzerIRS 
 1.21124E+01  5.68503E-11  2.84251E-12  4.99488E-02 SpitzerIRS 
 1.21729E+01  5.69692E-11  2.84846E-12  4.97006E-02 SpitzerIRS 
 1.22334E+01  5.51926E-11  2.75963E-12  4.93730E-02 SpitzerIRS 
 1.22938E+01  5.40240E-11  2.70120E-12  4.92118E-02 SpitzerIRS 
 1.23543E+01  5.36891E-11  2.68445E-12  4.89708E-02 SpitzerIRS 
 1.24148E+01  5.31715E-11  2.65857E-12  4.87322E-02 SpitzerIRS 
 1.24753E+01  5.38436E-11  2.69218E-12  4.84958E-02 SpitzerIRS 
 1.25358E+01  5.37248E-11  2.68624E-12  4.82618E-02 SpitzerIRS 
 1.25963E+01  5.21102E-11  2.60551E-12  4.79506E-02 SpitzerIRS 
 1.26567E+01  5.33064E-11  2.66532E-12  4.78008E-02 SpitzerIRS 
 1.27172E+01  5.24682E-11  2.62341E-12  4.75734E-02 SpitzerIRS 
 1.27777E+01  5.12484E-11  2.56242E-12  4.73481E-02 SpitzerIRS 
 1.28382E+01  5.12357E-11  2.56179E-12  4.71250E-02 SpitzerIRS 
 1.28987E+01  5.10140E-11  2.55070E-12  4.69040E-02 SpitzerIRS 
 1.29592E+01  5.02114E-11  2.51057E-12  4.66850E-02 SpitzerIRS 
 1.30197E+01  4.88060E-11  2.44030E-12  4.63912E-02 SpitzerIRS 
 1.30801E+01  5.01690E-11  2.50845E-12  4.62535E-02 SpitzerIRS 
 1.31406E+01  5.04673E-11  2.52337E-12  4.60405E-02 SpitzerIRS 
 1.32011E+01  4.96388E-11  2.48194E-12  4.58295E-02 SpitzerIRS 
 1.32616E+01  5.00430E-11  2.50215E-12  4.56204E-02 SpitzerIRS 
 1.33221E+01  4.97708E-11  2.48854E-12  4.54133E-02 SpitzerIRS 
 1.33826E+01  4.99490E-11  2.49745E-12  4.51332E-02 SpitzerIRS 
 1.34430E+01  4.99721E-11  2.49860E-12  4.50048E-02 SpitzerIRS 
 1.35035E+01  4.94929E-11  2.47464E-12  4.48032E-02 SpitzerIRS 
 1.35640E+01  5.04259E-11  2.52129E-12  4.46034E-02 SpitzerIRS 
 1.36245E+01  5.07785E-11  2.53892E-12  4.44053E-02 SpitzerIRS 
 1.36850E+01  5.02538E-11  2.51269E-12  4.42090E-02 SpitzerIRS 
 1.37455E+01  4.92824E-11  2.46412E-12  4.39417E-02 SpitzerIRS 
 1.38059E+01  5.03197E-11  2.51599E-12  4.38218E-02 SpitzerIRS 
 1.38664E+01  5.14190E-11  2.57095E-12  4.36306E-02 SpitzerIRS 
 1.39269E+01  5.00741E-11  2.50371E-12  4.34411E-02 SpitzerIRS 
 1.39874E+01  5.20287E-11  2.60143E-12  1.19107E-01 SpitzerIRS 
 1.41540E+01  5.51759E-11  2.75879E-12  5.98417E-02 SpitzerIRS 
 1.42387E+01  5.22242E-11  2.61121E-12  5.94858E-02 SpitzerIRS 
 1.43234E+01  5.14780E-11  2.57390E-12  5.91340E-02 SpitzerIRS 
 1.44081E+01  5.30563E-11  2.65282E-12  5.87170E-02 SpitzerIRS 
 1.44927E+01  5.09532E-11  2.54766E-12  5.84432E-02 SpitzerIRS 
 1.45774E+01  4.92628E-11  2.46314E-12  5.81036E-02 SpitzerIRS 
 1.46621E+01  5.03399E-11  2.51700E-12  5.77680E-02 SpitzerIRS 
 1.47468E+01  5.01138E-11  2.50569E-12  5.74362E-02 SpitzerIRS 
 1.48315E+01  5.10323E-11  2.55162E-12  5.70408E-02 SpitzerIRS 
 1.49161E+01  5.04575E-11  2.52287E-12  5.67843E-02 SpitzerIRS 
 1.50008E+01  4.93572E-11  2.46786E-12  5.64637E-02 SpitzerIRS 
 1.50855E+01  4.87701E-11  2.43850E-12  5.60803E-02 SpitzerIRS 
 1.51701E+01  4.70752E-11  2.35376E-12  5.58335E-02 SpitzerIRS 
 1.52548E+01  4.90719E-11  2.45359E-12  5.55235E-02 SpitzerIRS 
 1.53395E+01  4.85762E-11  2.42881E-12  5.52169E-02 SpitzerIRS 
 1.54242E+01  4.84435E-11  2.42218E-12  5.49137E-02 SpitzerIRS 
 1.55089E+01  4.93156E-11  2.46578E-12  5.45493E-02 SpitzerIRS 
 1.55935E+01  4.94556E-11  2.47278E-12  5.43175E-02 SpitzerIRS 
 1.56782E+01  4.83184E-11  2.41592E-12  5.40241E-02 SpitzerIRS 
 1.57629E+01  4.78914E-11  2.39457E-12  5.37338E-02 SpitzerIRS 
 1.58476E+01  4.92831E-11  2.46416E-12  5.33835E-02 SpitzerIRS 
 1.59322E+01  5.03461E-11  2.51731E-12  5.31628E-02 SpitzerIRS 
 1.60169E+01  5.05984E-11  2.52992E-12  5.28816E-02 SpitzerIRS 
 1.61016E+01  5.08908E-11  2.54454E-12  5.26035E-02 SpitzerIRS 
 1.61863E+01  4.92650E-11  3.09307E-12  5.23282E-02 SpitzerIRS 
 1.62710E+01  5.22863E-11  2.61432E-12  5.19943E-02 SpitzerIRS 
 1.63556E+01  5.08831E-11  2.54416E-12  5.17865E-02 SpitzerIRS 
 1.64403E+01  5.12446E-11  2.56223E-12  5.15197E-02 SpitzerIRS 
 1.65250E+01  5.30211E-11  2.65105E-12  5.12557E-02 SpitzerIRS 
 1.66097E+01  5.39221E-11  2.69611E-12  5.09341E-02 SpitzerIRS 
 1.66943E+01  5.21081E-11  2.60540E-12  5.07359E-02 SpitzerIRS 
 1.67790E+01  5.17235E-11  2.58618E-12  5.04798E-02 SpitzerIRS 
 1.68637E+01  5.08326E-11  2.54163E-12  5.02262E-02 SpitzerIRS 
 1.69484E+01  5.20415E-11  2.60207E-12  4.99162E-02 SpitzerIRS 
 1.70330E+01  5.30942E-11  2.65471E-12  4.97270E-02 SpitzerIRS 
 1.71177E+01  5.23429E-11  2.61714E-12  4.94809E-02 SpitzerIRS 
 1.72024E+01  5.31691E-11  2.65846E-12  4.92373E-02 SpitzerIRS 
 1.72871E+01  5.40150E-11  2.70075E-12  4.89382E-02 SpitzerIRS 
 1.73717E+01  5.31825E-11  2.65912E-12  4.87575E-02 SpitzerIRS 
 1.74564E+01  5.39497E-11  2.69749E-12  4.85209E-02 SpitzerIRS 
 1.75411E+01  5.38584E-11  2.69292E-12  4.82866E-02 SpitzerIRS 
 1.76258E+01  5.26641E-11  2.63321E-12  4.80546E-02 SpitzerIRS 
 1.77105E+01  5.44486E-11  2.72243E-12  4.77683E-02 SpitzerIRS 
 1.77951E+01  5.35176E-11  2.67588E-12  4.75974E-02 SpitzerIRS 
 1.78798E+01  5.08077E-11  2.83364E-12  4.73719E-02 SpitzerIRS 
 1.79645E+01  5.18915E-11  2.59457E-12  4.71485E-02 SpitzerIRS 
 1.80492E+01  5.28804E-11  2.64402E-12  4.68719E-02 SpitzerIRS 
 1.81338E+01  5.55021E-11  2.77510E-12  4.67084E-02 SpitzerIRS 
 1.82185E+01  5.61968E-11  2.80984E-12  4.64912E-02 SpitzerIRS 
 1.83032E+01  5.50588E-11  2.75294E-12  4.62761E-02 SpitzerIRS 
 1.83879E+01  5.48231E-11  2.74116E-12  4.60085E-02 SpitzerIRS 
 1.84725E+01  5.35123E-11  2.67561E-12  4.58519E-02 SpitzerIRS 
 1.85572E+01  5.70241E-11  2.85120E-12  4.56427E-02 SpitzerIRS 
 1.86419E+01  5.69901E-11  2.84951E-12  4.54353E-02 SpitzerIRS 
 1.87266E+01  5.63818E-11  2.81909E-12  4.52298E-02 SpitzerIRS 
 1.88113E+01  5.68451E-11  2.84225E-12  4.49730E-02 SpitzerIRS 
 1.88959E+01  5.49421E-11  2.74711E-12  4.48245E-02 SpitzerIRS 
 1.89806E+01  5.38172E-11  2.69086E-12  4.46245E-02 SpitzerIRS 
 1.90653E+01  5.35011E-11  3.41222E-12  4.44263E-02 SpitzerIRS 
 1.91500E+01  5.29263E-11  2.64631E-12  4.41775E-02 SpitzerIRS 
 1.92346E+01  5.51966E-11  2.75983E-12  4.40352E-02 SpitzerIRS 
 1.93193E+01  5.58267E-11  2.79134E-12  4.38422E-02 SpitzerIRS 
 1.94040E+01  5.75576E-11  2.87788E-12  4.36508E-02 SpitzerIRS 
 1.94887E+01  5.23233E-11  2.61617E-12  4.34611E-02 SpitzerIRS 
 1.95734E+01  5.24829E-11  2.62415E-12  4.32219E-02 SpitzerIRS 
 1.96580E+01  5.20008E-11  2.60004E-12  4.30868E-02 SpitzerIRS 
 1.97427E+01  5.21528E-11  2.60764E-12  4.29019E-02 SpitzerIRS 
 1.98274E+01  5.18892E-11  2.59446E-12  4.27187E-02 SpitzerIRS 
 1.99121E+01  5.24453E-11  2.62227E-12  4.24867E-02 SpitzerIRS 
 1.99967E+01  5.43868E-11  2.71934E-12  8.47140E-02 SpitzerIRS 
 2.01661E+01  5.20093E-11  2.60046E-12  8.39528E-02 SpitzerIRS 
 2.03354E+01  5.21542E-11  2.60771E-12  8.33030E-02 SpitzerIRS 
 2.05048E+01  5.14455E-11  2.57228E-12  8.26148E-02 SpitzerIRS 
 2.06742E+01  5.12096E-11  2.56048E-12  8.18895E-02 SpitzerIRS 
 2.08435E+01  5.12179E-11  2.56090E-12  8.12723E-02 SpitzerIRS 
 2.10129E+01  4.64764E-11  2.32382E-12  8.05696E-02 SpitzerIRS 
 2.11822E+01  4.71438E-11  2.35719E-12  7.99728E-02 SpitzerIRS 
 2.13516E+01  5.19971E-11  2.59986E-12  7.92915E-02 SpitzerIRS 
 2.15209E+01  4.86167E-11  2.43084E-12  7.87142E-02 SpitzerIRS 
 2.16903E+01  4.55667E-11  2.27834E-12  7.80533E-02 SpitzerIRS 
 2.18596E+01  4.70749E-11  2.35374E-12  7.74946E-02 SpitzerIRS 
 2.20290E+01  4.86453E-11  2.43227E-12  7.68532E-02 SpitzerIRS 
 2.21983E+01  4.70346E-11  2.35173E-12  7.63122E-02 SpitzerIRS 
 2.23677E+01  4.26347E-11  2.13173E-12  7.56895E-02 SpitzerIRS 
 2.25370E+01  4.45425E-11  2.22713E-12  7.51653E-02 SpitzerIRS 
 2.27064E+01  4.69142E-11  2.34571E-12  7.45605E-02 SpitzerIRS 
 2.28757E+01  4.64608E-11  2.32304E-12  7.40524E-02 SpitzerIRS 
 2.30451E+01  4.27656E-11  2.13828E-12  7.35080E-02 SpitzerIRS 
 2.32145E+01  4.17252E-11  2.08626E-12  7.29286E-02 SpitzerIRS 
 2.33838E+01  4.42898E-11  2.21449E-12  7.24433E-02 SpitzerIRS 
 2.35532E+01  4.64672E-11  2.32336E-12  7.18798E-02 SpitzerIRS 
 2.37225E+01  4.58867E-11  2.29433E-12  7.14090E-02 SpitzerIRS 
 2.38919E+01  4.31709E-11  2.15855E-12  7.08608E-02 SpitzerIRS 
 2.40612E+01  4.24672E-11  2.12336E-12  7.04038E-02 SpitzerIRS 
 2.42306E+01  4.28001E-11  2.14000E-12  6.98703E-02 SpitzerIRS 
 2.43999E+01  4.39861E-11  2.19931E-12  6.94265E-02 SpitzerIRS 
 2.45693E+01  4.21527E-11  2.10764E-12  6.89071E-02 SpitzerIRS 
 2.47386E+01  4.09227E-11  2.04613E-12  6.84760E-02 SpitzerIRS 
 2.49080E+01  4.15916E-11  2.07958E-12  6.80103E-02 SpitzerIRS 
 2.50774E+01  4.22311E-11  2.11156E-12  6.75110E-02 SpitzerIRS 
 2.52467E+01  4.19551E-11  2.09775E-12  6.70583E-02 SpitzerIRS 
 2.54160E+01  4.03840E-11  2.01920E-12  6.66509E-02 SpitzerIRS 
 2.55854E+01  3.89086E-11  1.94543E-12  6.62096E-02 SpitzerIRS 
 2.57548E+01  3.85968E-11  1.92984E-12  6.57353E-02 SpitzerIRS 
 2.59241E+01  3.98446E-11  1.99223E-12  6.53446E-02 SpitzerIRS 
 2.60935E+01  4.06521E-11  2.03261E-12  6.48821E-02 SpitzerIRS 
 2.62628E+01  4.02702E-11  2.01351E-12  6.45019E-02 SpitzerIRS 
 2.64322E+01  3.89029E-11  1.94514E-12  6.40507E-02 SpitzerIRS 
 2.66015E+01  3.76061E-11  1.88030E-12  6.36806E-02 SpitzerIRS 
 2.67709E+01  3.77410E-11  1.88705E-12  6.32403E-02 SpitzerIRS 
 2.69402E+01  3.76574E-11  1.88287E-12  6.28800E-02 SpitzerIRS 
 2.71096E+01  4.04499E-11  2.02250E-12  6.24502E-02 SpitzerIRS 
 2.72789E+01  4.04692E-11  2.02346E-12  6.20993E-02 SpitzerIRS 
 2.74483E+01  3.85276E-11  1.92638E-12  6.16796E-02 SpitzerIRS 
 2.76176E+01  3.73351E-11  1.86676E-12  6.13377E-02 SpitzerIRS 
 2.77870E+01  3.70018E-11  1.85009E-12  6.09638E-02 SpitzerIRS 
 2.79564E+01  3.75411E-11  1.87705E-12  6.05586E-02 SpitzerIRS 
 2.81257E+01  3.79685E-11  1.89843E-12  6.02296E-02 SpitzerIRS 
 2.82951E+01  3.87361E-11  1.93680E-12  5.98337E-02 SpitzerIRS 
 2.84644E+01  3.82066E-11  1.91033E-12  5.95129E-02 SpitzerIRS 
 2.86338E+01  3.74434E-11  1.87217E-12  5.91259E-02 SpitzerIRS 
 2.88031E+01  3.52676E-11  1.76338E-12  5.88131E-02 SpitzerIRS 
 2.89725E+01  3.50904E-11  1.75452E-12  5.84347E-02 SpitzerIRS 
 2.91418E+01  3.39061E-11  1.69531E-12  5.81296E-02 SpitzerIRS 
 2.93112E+01  3.58294E-11  1.79147E-12  5.77595E-02 SpitzerIRS 
 2.94805E+01  3.56348E-11  1.78174E-12  5.74617E-02 SpitzerIRS 
 2.96499E+01  3.45081E-11  1.72540E-12  5.71334E-02 SpitzerIRS 
 2.98193E+01  3.57135E-11  1.78568E-12  5.67753E-02 SpitzerIRS 
 2.99886E+01  3.45442E-11  1.72721E-12  5.64881E-02 SpitzerIRS 
 3.01580E+01  3.47220E-11  1.73610E-12  5.61377E-02 SpitzerIRS 
 3.03273E+01  3.52715E-11  1.76358E-12  5.58573E-02 SpitzerIRS 
 3.04967E+01  3.44592E-11  1.72296E-12  5.55142E-02 SpitzerIRS 
 3.06660E+01  3.43755E-11  1.71878E-12  5.52403E-02 SpitzerIRS 
 3.08354E+01  3.42129E-11  1.71065E-12  5.49044E-02 SpitzerIRS 
 3.10047E+01  3.24288E-11  2.94622E-12  5.46369E-02 SpitzerIRS 
 3.11741E+01  3.44605E-11  1.72303E-12  5.43079E-02 SpitzerIRS 
 3.13434E+01  3.44207E-11  1.72104E-12  5.40465E-02 SpitzerIRS 
 3.15128E+01  3.37971E-11  1.68986E-12  5.37242E-02 SpitzerIRS 
 3.16821E+01  3.32485E-11  1.66242E-12  5.34687E-02 SpitzerIRS 
 3.18515E+01  3.34735E-11  1.67368E-12  5.31843E-02 SpitzerIRS 
 3.20209E+01  3.42879E-11  2.39490E-12  5.28717E-02 SpitzerIRS 
 3.21902E+01  3.33895E-11  1.66948E-12  5.26247E-02 SpitzerIRS 
 3.23596E+01  3.52965E-11  1.76482E-12  5.23183E-02 SpitzerIRS 
 3.25289E+01  3.53791E-11  1.76896E-12  5.20768E-02 SpitzerIRS 
 3.26983E+01  3.38820E-11  1.69410E-12  5.17764E-02 SpitzerIRS 
 3.28676E+01  3.45931E-11  1.72966E-12  5.15401E-02 SpitzerIRS 
 3.30370E+01  3.50337E-11  1.75169E-12  5.12456E-02 SpitzerIRS 
 3.32063E+01  3.47161E-11  2.34823E-12  5.10144E-02 SpitzerIRS 
 3.33757E+01  3.38563E-11  1.69282E-12  5.07255E-02 SpitzerIRS 
 3.35450E+01  3.30956E-11  1.65478E-12  5.04993E-02 SpitzerIRS 
 3.37144E+01  3.70695E-11  1.85347E-12  5.02159E-02 SpitzerIRS 
 3.38837E+01  3.64941E-11  1.97215E-12  4.99945E-02 SpitzerIRS 
 3.40531E+01  3.78347E-11  1.89173E-12  4.97458E-02 SpitzerIRS 
 3.42225E+01  3.09573E-11  1.54787E-12  4.94704E-02 SpitzerIRS 
 3.43918E+01  3.10176E-11  1.55088E-12  4.92559E-02 SpitzerIRS 
 3.45612E+01  3.16341E-11  1.58171E-12  4.89856E-02 SpitzerIRS 
 3.47305E+01  3.24562E-11  1.62281E-12  4.87756E-02 SpitzerIRS 
 3.48999E+01  3.35210E-11  2.71532E-12  4.85102E-02 SpitzerIRS 
 3.50692E+01  3.39456E-11  2.49534E-12  4.83045E-02 SpitzerIRS 
 3.52386E+01  3.20809E-11  1.60405E-12  4.80439E-02 SpitzerIRS 
 3.54079E+01  3.27869E-11  1.63935E-12  4.78424E-02 SpitzerIRS 
 3.55773E+01  3.49835E-11  1.74917E-12  4.75865E-02 SpitzerIRS 
 3.57466E+01  3.09432E-11  1.54716E-12  4.73891E-02 SpitzerIRS 
 3.59160E+01  3.29667E-11  1.64833E-12  4.71378E-02 SpitzerIRS 
 3.60853E+01  3.31833E-11  1.65917E-12  4.69166E-02 SpitzerIRS 
