     0.200047     0.129396   0.00646979  <UV>
     0.250383     0.198253   0.00991265  <UV>
     0.299628     0.432357    0.0216179  <UV>
     0.341800     0.654970    0.0327485  GENEVA.U
     0.399500      1.49280    0.0746400  GENEVA.B1
     0.410700      1.67720     0.167720  STROMGREN.V
     0.419200      1.68590    0.0842950  GENEVA.B
     0.419600      1.66270    0.0831350  TYCHO2.BT
     0.447500      1.96700    0.0983500  GENEVA.B2
     0.467000      1.96590     0.196590  STROMGREN.B
     0.530700      2.00540     0.100270  TYCHO2.VT
     0.539200      2.18330     0.109165  GENEVA.V1
     0.547500      2.18310     0.109155  GENEVA.V
     0.549300      2.02610     0.101305  JOHNSON.V
     0.576200      2.26140     0.113070  GENEVA.G
     0.689900      1.90510     0.200000  USNOB1.R1
     0.900000      1.79000     0.100000  generic
      1.23930      1.86190    0.0930950  2MASS.J
      1.24310      1.94980    0.0974900  JOHNSON.J
      1.64420      1.81940    0.0909700  JOHNSON.H
      1.64950      1.78730    0.0893650  2MASS.H
      2.16390      1.82370    0.0911850  2MASS.KS
      2.18790      1.84910    0.0924550  JOHNSON.K
      2.45351      1.94515     0.188535  ISOspec
      2.73730      1.85510    0.0927548  ISOspec
      2.99375      1.80796    0.0903979  ISOspec
      3.19377      1.72562    0.0862811  ISOspec
      3.22571      1.83761    0.0918804  ISOspec
      3.25797      1.92028    0.0960142  ISOspec
      3.29055      2.24132     0.112066  ISOspec
      3.32345      1.98094     0.124146  ISOspec
      3.35669      1.78783    0.0893916  ISOspec
      3.39025      1.74093    0.0870464  ISOspec
      3.59882      1.73818    0.0869092  ISOspec
      3.99517      1.66663     0.166393  ISOspec
      4.50185      1.43592     0.302746  ISOspec
      4.99765      1.11888     0.406011  ISOspec
      5.48859     0.890811    0.0445405  SpitzerIRS
      6.03373      1.46944    0.0734719  SpitzerIRS
      6.10929      1.45023    0.0725114  SpitzerIRS
      6.18494      2.08320     0.104160  SpitzerIRS
      6.27567      2.89729     0.144864  SpitzerIRS
      6.36639      1.83134    0.0915669  SpitzerIRS
      6.44196      1.39549    0.0697744  SpitzerIRS
      6.51760      1.25669    0.0628343  SpitzerIRS
      7.00061      1.29497    0.0647487  SpitzerIRS
      7.48527      1.90575    0.0952873  SpitzerIRS
      7.58611      2.31552     0.115776  SpitzerIRS
      7.75741      2.93228     0.146614  SpitzerIRS
      7.87838      3.24751     0.162376  SpitzerIRS
      7.99936      3.19523     0.159762  SpitzerIRS
      8.15066      2.91858     0.145929  SpitzerIRS
      8.27162      2.59390     0.129695  SpitzerIRS
      8.42289      2.30521     0.115260  SpitzerIRS
      8.51356      2.32851     0.116425  SpitzerIRS
      8.57405      2.41032     0.120516  SpitzerIRS
      8.66483      2.51469     0.125735  SpitzerIRS
      8.75550      2.25700     0.112850  SpitzerIRS
      8.81598      2.00925     0.100463  SpitzerIRS
      8.90676      1.70539    0.0852697  SpitzerIRS
      9.51031      1.45875    0.0729373  SpitzerIRS
      10.0847      1.47824    0.0739118  SpitzerIRS
      10.5986      1.59385    0.0796927  SpitzerIRS
      10.9329      1.76621    0.0883105  SpitzerIRS
      11.0236      1.94612    0.0973058  SpitzerIRS
      11.1445      2.41965     0.120982  SpitzerIRS
      11.2655      3.13574     0.156787  SpitzerIRS
      11.3865      2.89349     0.144675  SpitzerIRS
      11.5075      2.37748     0.118874  SpitzerIRS
      11.5982      2.13750     0.106875  SpitzerIRS
      12.0730      2.57470     0.128735  WISE.W3
      12.3240      2.02462     0.101231  SpitzerIRS
      12.4450      2.10382     0.105191  SpitzerIRS
      12.5962      2.23744     0.111872  SpitzerIRS
      12.7171      2.32870     0.116435  SpitzerIRS
      12.8381      2.29306     0.114653  SpitzerIRS
      12.9894      2.16482     0.108241  SpitzerIRS
      13.1103      2.17607     0.108804  SpitzerIRS
      15.0064      4.82818     0.636288  ISOspec
      15.9859      4.84518     0.242259  SpitzerIRS
      18.8000      10.5000     0.525000  generic
      18.9734      9.18600     0.459300  SpitzerIRS
      19.5050      8.89600     0.444800  AKARI.L18W
      22.0339      12.3674     0.618372  SpitzerIRS
      22.1943      14.0210     0.701050  WISE.W4
      24.5000      13.0000     0.650000  generic
      25.9876      14.7118     0.735590  SpitzerIRS
      29.9936      16.9483     0.847417  SpitzerIRS
      34.9619      18.2194      2.11336  ISOspec
      39.9883      17.6934      2.98440  ISOspec
      59.9895      19.9982     0.999909  PACSspec
      63.1800      18.8900     0.944500  mono
      69.9927      20.1447      1.00723  PACSspec
      72.8400      17.9200     0.896000  mono
      78.7400      17.8200     0.891000  mono
      79.9916      18.9321     0.946607  PACSspec
      87.8971      19.9900      1.23000  AKARI.WIDES
      90.0060      17.3290     0.866449  PACSspec
      90.1600      17.0000     0.850000  mono
      98.4925      19.0246     0.951230  PACSspec
      114.969      19.3448     0.967238  PACSspec
      129.990      18.2928     0.914638  PACSspec
      144.967      16.8555     0.842775  PACSspec
      145.530      13.7600     0.688000  mono
      148.761      13.3200      1.89000  AKARI.WIDEL
      157.740      14.4800     0.724000  mono
      159.982      15.6888     0.784440  PACSspec
      162.594      15.4700     0.773500  AKARI.N160
      179.530      13.1200     0.656000  mono
      180.001      12.4899     0.624496  PACSspec
      201.825      13.5218      1.05807  SPIREspec
      249.478      9.72843     0.806028  SPIREspec
      301.298      7.07915     0.681111  SPIREspec
      349.243      5.25293     0.474624  SPIREspec
      399.205      4.00700     0.359019  SPIREspec
      450.000      3.34000     0.167000  SCUBA.450WB
      498.957      2.07160     0.383662  SPIREspec
      598.687      1.21055     0.407270  SPIREspec
      800.000     0.554000    0.0340000  generic
      850.000     0.565000    0.0282500  SCUBA.850WB
      1100.00     0.287000    0.0143500  generic
      1200.00     0.178500   0.00892500  generic
      1300.00     0.197000    0.0150000  generic
      1300.00     0.169000   0.00845000  generic
      2000.00    0.0700000    0.0190000  generic
      7000.00   0.00180000  0.000300000  generic
