 3.41800E-01  3.99641E-10  1.99821E-11  1.00000E+00 GENEVA.U 
 3.99500E-01  8.02648E-10  4.01324E-11  1.00000E+00 GENEVA.B1 
 4.19200E-01  1.02339E-09  5.11693E-11  1.00000E+00 GENEVA.B 
 4.19600E-01  1.06171E-09  5.30853E-11  1.00000E+00 TYCHO2.BT 
 4.43400E-01  1.20066E-09  6.74560E-11  1.00000E+00 JOHNSON.B 
 4.47500E-01  1.29604E-09  6.48021E-11  1.00000E+00 GENEVA.B2 
 5.30700E-01  1.73684E-09  8.68421E-11  1.00000E+00 TYCHO2.VT 
 5.39200E-01  1.82044E-09  9.10219E-11  1.00000E+00 GENEVA.V1 
 5.47500E-01  1.86857E-09  9.34285E-11  1.00000E+00 GENEVA.V 
 5.49300E-01  1.74931E-09  8.74654E-11  1.00000E+00 JOHNSON.V 
 5.76200E-01  2.07508E-09  1.03754E-10  1.00000E+00 GENEVA.G 
 1.23930E+00  1.71559E-09  8.57794E-11  1.00000E+00 2MASS.J 
 1.24310E+00  1.78773E-09  8.93867E-11  1.00000E+00 JOHNSON.J 
 1.64420E+00  1.61728E-09  8.08639E-11  1.00000E+00 JOHNSON.H 
 1.64950E+00  1.58664E-09  7.93319E-11  1.00000E+00 2MASS.H 
 2.16390E+00  1.39748E-09  6.98740E-11  1.00000E+00 2MASS.KS 
 2.18790E+00  1.40517E-09  7.02585E-11  1.00000E+00 JOHNSON.K 
 3.55690E+00  9.01341E-10  4.50671E-11  1.00000E+00 IRAC.36 
 4.50200E+00  6.19203E-10  3.09601E-11  1.00000E+00 IRAC.45 
 7.91580E+00  2.99993E-10  1.49997E-11  1.00000E+00 IRAC.80 
 1.14099E+01  2.25175E-10  1.57622E-11  1.00000E+00 IRAS.F12 
 1.19000E+01  2.16657E-10  1.51156E-11  1.00000E+00 generic 
 1.20730E+01  1.83712E-10  9.18560E-12  1.00000E+00 WISE.W3 
 1.95050E+01  2.81272E-10  1.40636E-11  1.00000E+00 AKARI.L18W 
 2.21943E+01  3.46552E-10  1.73276E-11  1.00000E+00 WISE.W4 
 2.36108E+01  4.01233E-10  2.80863E-11  1.00000E+00 IRAS.F25 
 2.42035E+01  4.03547E-10  2.01773E-11  1.00000E+00 MIPS.24 
 6.04093E+01  3.26049E-10  2.93444E-11  1.00000E+00 IRAS.F60 
 6.62934E+01  1.90294E-10  1.82697E-11  1.00000E+00 AKARI.N60 
 7.04471E+01  1.61503E-10  8.07515E-12  1.00000E+00 MIPS.70 
 8.78971E+01  1.93013E-10  9.65063E-12  1.00000E+00 AKARI.WIDES 
 1.01119E+02  1.42901E-10  1.28611E-11  1.00000E+00 IRAS.F100 
 1.48761E+02  7.26905E-11  8.98807E-12  1.00000E+00 AKARI.WIDEL 
 1.64750E+02  5.87411E-11  2.93706E-12  1.00000E+00 MIPS.160 
 3.50000E+02  1.19917E-11  5.99585E-13  1.00000E+00 generic 
 4.50000E+02  7.59474E-12  5.32964E-13  1.00000E+00 generic 
 8.00000E+02  8.73146E-13  9.36851E-14  1.00000E+00 generic 
 1.10000E+03  3.10694E-13  3.81554E-14  1.00000E+00 generic 
 1.20000E+03  1.97363E-13  9.99308E-15  1.00000E+00 generic 
 1.30000E+03  1.47590E-13  1.84488E-14  1.00000E+00 generic 
 3.10000E+03  4.44853E-15  6.76951E-16  1.00000E+00 generic 
 5.15676E+00  6.42137E-10  3.21068E-11  5.86399E-02 SpitzerIRS 
 5.18700E+00  6.17716E-10  3.08858E-11  5.83191E-02 SpitzerIRS 
 5.21725E+00  5.52437E-10  2.76219E-11  5.79625E-02 SpitzerIRS 
 5.24749E+00  5.20471E-10  2.60236E-11  5.76272E-02 SpitzerIRS 
 5.27773E+00  5.22444E-10  2.61222E-11  5.72972E-02 SpitzerIRS 
 5.30797E+00  5.13868E-10  2.56934E-11  5.69711E-02 SpitzerIRS 
 5.33821E+00  4.99405E-10  2.49702E-11  5.66671E-02 SpitzerIRS 
 5.36846E+00  4.89729E-10  2.44864E-11  5.63296E-02 SpitzerIRS 
 5.39870E+00  4.85161E-10  2.42581E-11  5.60126E-02 SpitzerIRS 
 5.42894E+00  4.87429E-10  2.43715E-11  5.57017E-02 SpitzerIRS 
 5.45918E+00  4.85660E-10  2.42830E-11  5.53931E-02 SpitzerIRS 
 5.48942E+00  4.70250E-10  2.35125E-11  5.51055E-02 SpitzerIRS 
 5.51967E+00  4.65741E-10  2.32871E-11  5.47866E-02 SpitzerIRS 
 5.54991E+00  4.57425E-10  2.28713E-11  5.44875E-02 SpitzerIRS 
 5.58015E+00  4.48346E-10  2.24173E-11  5.41917E-02 SpitzerIRS 
 5.61039E+00  4.50185E-10  2.25092E-11  5.38996E-02 SpitzerIRS 
 5.64063E+00  4.55358E-10  2.27679E-11  5.36286E-02 SpitzerIRS 
 5.67088E+00  4.46262E-10  2.23131E-11  5.33254E-02 SpitzerIRS 
 5.70112E+00  4.38672E-10  2.19336E-11  5.30420E-02 SpitzerIRS 
 5.73136E+00  4.32813E-10  2.16407E-11  5.27625E-02 SpitzerIRS 
 5.76160E+00  4.29923E-10  2.14962E-11  5.24852E-02 SpitzerIRS 
 5.79184E+00  4.25873E-10  2.12936E-11  5.22293E-02 SpitzerIRS 
 5.82209E+00  4.25154E-10  2.12577E-11  5.19396E-02 SpitzerIRS 
 5.85233E+00  4.20788E-10  2.10394E-11  5.16712E-02 SpitzerIRS 
 5.88257E+00  4.17384E-10  2.08692E-11  5.14066E-02 SpitzerIRS 
 5.91281E+00  4.14024E-10  2.07012E-11  5.11429E-02 SpitzerIRS 
 5.94305E+00  4.15695E-10  2.07848E-11  5.09003E-02 SpitzerIRS 
 5.97330E+00  4.11656E-10  2.05828E-11  5.06251E-02 SpitzerIRS 
 6.00354E+00  4.07400E-10  2.03700E-11  5.03708E-02 SpitzerIRS 
 6.03378E+00  4.07138E-10  2.03569E-11  5.01175E-02 SpitzerIRS 
 6.06402E+00  3.98087E-10  1.99044E-11  4.98682E-02 SpitzerIRS 
 6.09426E+00  3.94484E-10  1.97242E-11  4.96360E-02 SpitzerIRS 
 6.12451E+00  3.92203E-10  1.96102E-11  4.93752E-02 SpitzerIRS 
 6.15475E+00  3.99230E-10  1.99615E-11  4.91334E-02 SpitzerIRS 
 6.18499E+00  4.07887E-10  2.03944E-11  4.88926E-02 SpitzerIRS 
 6.21523E+00  4.14510E-10  2.07255E-11  4.86544E-02 SpitzerIRS 
 6.24547E+00  4.20408E-10  2.10204E-11  4.84351E-02 SpitzerIRS 
 6.27572E+00  4.22485E-10  2.11242E-11  4.81859E-02 SpitzerIRS 
 6.30596E+00  4.13268E-10  2.06634E-11  4.79550E-02 SpitzerIRS 
 6.33620E+00  3.95138E-10  1.97569E-11  4.77253E-02 SpitzerIRS 
 6.36644E+00  3.82552E-10  1.91276E-11  4.74994E-02 SpitzerIRS 
 6.39668E+00  3.76618E-10  1.88309E-11  4.72898E-02 SpitzerIRS 
 6.42693E+00  3.66069E-10  1.83034E-11  4.70520E-02 SpitzerIRS 
 6.45717E+00  3.55791E-10  1.77896E-11  4.68318E-02 SpitzerIRS 
 6.48741E+00  3.47924E-10  1.73962E-11  4.66137E-02 SpitzerIRS 
 6.51765E+00  3.41684E-10  1.70842E-11  4.63969E-02 SpitzerIRS 
 6.54789E+00  3.38557E-10  1.69279E-11  4.61973E-02 SpitzerIRS 
 6.57814E+00  3.37766E-10  1.68883E-11  4.59711E-02 SpitzerIRS 
 6.60838E+00  3.39273E-10  1.69636E-11  4.57599E-02 SpitzerIRS 
 6.63862E+00  3.31454E-10  1.65727E-11  4.55518E-02 SpitzerIRS 
 6.66886E+00  3.28933E-10  1.64467E-11  4.53451E-02 SpitzerIRS 
 6.69910E+00  3.24407E-10  1.62203E-11  4.51555E-02 SpitzerIRS 
 6.72935E+00  3.16605E-10  1.58303E-11  4.49378E-02 SpitzerIRS 
 6.75959E+00  3.17197E-10  1.58598E-11  4.47363E-02 SpitzerIRS 
 6.78983E+00  3.09181E-10  1.54591E-11  4.45366E-02 SpitzerIRS 
 6.82007E+00  3.10513E-10  1.55256E-11  4.43396E-02 SpitzerIRS 
 6.85031E+00  3.11498E-10  1.55749E-11  4.41592E-02 SpitzerIRS 
 6.88056E+00  3.08957E-10  1.54478E-11  4.39501E-02 SpitzerIRS 
 6.91080E+00  3.05614E-10  1.52807E-11  4.37572E-02 SpitzerIRS 
 6.94104E+00  3.00250E-10  1.50125E-11  4.35674E-02 SpitzerIRS 
 6.97128E+00  2.95686E-10  1.47843E-11  4.33780E-02 SpitzerIRS 
 7.00152E+00  2.95447E-10  1.47723E-11  4.32049E-02 SpitzerIRS 
 7.03177E+00  2.94216E-10  1.47108E-11  4.30042E-02 SpitzerIRS 
 7.06201E+00  2.91820E-10  1.45910E-11  4.28210E-02 SpitzerIRS 
 7.09225E+00  2.91246E-10  1.45623E-11  4.26378E-02 SpitzerIRS 
 7.12249E+00  2.87866E-10  1.43933E-11  4.24576E-02 SpitzerIRS 
 7.15273E+00  2.80647E-10  1.40324E-11  4.22911E-02 SpitzerIRS 
 7.18298E+00  2.77793E-10  1.38896E-11  4.21001E-02 SpitzerIRS 
 7.21322E+00  2.77527E-10  1.38764E-11  4.19229E-02 SpitzerIRS 
 7.24346E+00  2.76477E-10  1.38238E-11  4.17479E-02 SpitzerIRS 
 7.27370E+00  2.74652E-10  1.37326E-11  4.15738E-02 SpitzerIRS 
 7.30394E+00  2.70462E-10  1.35231E-11  4.14161E-02 SpitzerIRS 
 7.33419E+00  2.66959E-10  1.33480E-11  4.12321E-02 SpitzerIRS 
 7.36443E+00  2.67118E-10  1.33559E-11  4.10621E-02 SpitzerIRS 
 7.39467E+00  2.58382E-10  1.29191E-11  4.08943E-02 SpitzerIRS 
 7.42491E+00  2.63963E-10  1.31982E-11  4.07276E-02 SpitzerIRS 
 7.45515E+00  2.61389E-10  1.30695E-11  4.05762E-02 SpitzerIRS 
 7.48540E+00  2.60252E-10  1.30126E-11  4.03981E-02 SpitzerIRS 
 7.51564E+00  2.61315E-10  1.30657E-11  4.02366E-02 SpitzerIRS 
 7.54588E+00  2.57569E-10  1.28784E-11  4.00743E-02 SpitzerIRS 
 7.57612E+00  2.60448E-10  1.30224E-11  7.98303E-02 SpitzerIRS 
 7.63660E+00  2.61314E-10  1.30657E-11  7.92105E-02 SpitzerIRS 
 7.69709E+00  2.62915E-10  1.31458E-11  7.85748E-02 SpitzerIRS 
 7.75757E+00  2.63483E-10  1.31742E-11  7.79626E-02 SpitzerIRS 
 7.81805E+00  2.62888E-10  1.31444E-11  7.73726E-02 SpitzerIRS 
 7.87854E+00  2.66308E-10  1.33154E-11  7.67659E-02 SpitzerIRS 
 7.93902E+00  2.71323E-10  1.35662E-11  7.61929E-02 SpitzerIRS 
 7.99951E+00  2.78763E-10  1.39382E-11  7.56049E-02 SpitzerIRS 
 8.05999E+00  2.83559E-10  1.41780E-11  7.50376E-02 SpitzerIRS 
 8.12047E+00  2.89048E-10  1.44524E-11  7.44899E-02 SpitzerIRS 
 8.18096E+00  2.92687E-10  1.46343E-11  7.39281E-02 SpitzerIRS 
 8.24144E+00  2.94759E-10  1.47379E-11  7.33849E-02 SpitzerIRS 
 8.30192E+00  2.92413E-10  1.46206E-11  7.28629E-02 SpitzerIRS 
 8.36241E+00  2.93943E-10  1.46972E-11  7.23232E-02 SpitzerIRS 
 8.42289E+00  2.86904E-10  1.43452E-11  7.18048E-02 SpitzerIRS 
 8.48337E+00  2.79138E-10  1.39569E-11  7.13047E-02 SpitzerIRS 
 8.54386E+00  2.75669E-10  1.37834E-11  7.07870E-02 SpitzerIRS 
 8.60434E+00  2.82149E-10  1.41074E-11  7.03021E-02 SpitzerIRS 
 8.66483E+00  3.03208E-10  1.51604E-11  6.97994E-02 SpitzerIRS 
 8.72531E+00  3.07076E-10  1.53538E-11  6.93158E-02 SpitzerIRS 
 8.78579E+00  3.08557E-10  1.54279E-11  6.88498E-02 SpitzerIRS 
 8.84628E+00  3.11772E-10  1.55886E-11  6.83678E-02 SpitzerIRS 
 8.90676E+00  3.16224E-10  1.58112E-11  6.79038E-02 SpitzerIRS 
 8.96724E+00  3.26829E-10  1.63414E-11  6.74558E-02 SpitzerIRS 
 9.02773E+00  3.41088E-10  1.70544E-11  6.69938E-02 SpitzerIRS 
 9.08821E+00  3.52442E-10  1.76221E-11  6.65480E-02 SpitzerIRS 
 9.14869E+00  3.63955E-10  1.81977E-11  6.61182E-02 SpitzerIRS 
 9.20918E+00  3.74377E-10  1.87188E-11  6.56740E-02 SpitzerIRS 
 9.26966E+00  3.85602E-10  1.92801E-11  6.52556E-02 SpitzerIRS 
 9.33015E+00  3.92263E-10  1.96132E-11  6.48225E-02 SpitzerIRS 
 9.39063E+00  4.02835E-10  2.01417E-11  6.44043E-02 SpitzerIRS 
 9.45111E+00  4.10678E-10  2.05339E-11  6.40026E-02 SpitzerIRS 
 9.51160E+00  4.16281E-10  2.08140E-11  6.35860E-02 SpitzerIRS 
 9.57208E+00  4.21866E-10  2.10933E-11  6.31834E-02 SpitzerIRS 
 9.63256E+00  4.26683E-10  2.13341E-11  6.27984E-02 SpitzerIRS 
 9.69305E+00  4.29350E-10  2.14675E-11  6.23939E-02 SpitzerIRS 
 9.75353E+00  4.26827E-10  2.13413E-11  6.20085E-02 SpitzerIRS 
 9.81401E+00  4.31540E-10  2.15770E-11  6.16373E-02 SpitzerIRS 
 9.87450E+00  4.29756E-10  2.14878E-11  6.12488E-02 SpitzerIRS 
 9.93498E+00  4.27198E-10  2.13599E-11  6.08853E-02 SpitzerIRS 
 9.99547E+00  4.24337E-10  2.12169E-11  6.05075E-02 SpitzerIRS 
 1.00559E+01  4.20583E-10  2.10291E-11  6.01435E-02 SpitzerIRS 
 1.01164E+01  4.13877E-10  2.06938E-11  5.97938E-02 SpitzerIRS 
 1.01769E+01  4.04689E-10  2.02344E-11  5.94286E-02 SpitzerIRS 
 1.02374E+01  3.97340E-10  1.98670E-11  5.90775E-02 SpitzerIRS 
 1.02979E+01  3.90367E-10  1.95184E-11  5.87402E-02 SpitzerIRS 
 1.03584E+01  3.84522E-10  1.92261E-11  5.83876E-02 SpitzerIRS 
 1.04189E+01  3.78764E-10  1.89382E-11  5.80486E-02 SpitzerIRS 
 1.04793E+01  3.73145E-10  1.86573E-11  5.77232E-02 SpitzerIRS 
 1.05398E+01  3.68105E-10  1.84053E-11  5.73824E-02 SpitzerIRS 
 1.06003E+01  3.63179E-10  1.81590E-11  5.70644E-02 SpitzerIRS 
 1.06608E+01  3.58798E-10  1.79399E-11  5.67313E-02 SpitzerIRS 
 1.07213E+01  3.54176E-10  1.77088E-11  5.64112E-02 SpitzerIRS 
 1.07818E+01  3.48756E-10  1.74378E-11  5.61041E-02 SpitzerIRS 
 1.08422E+01  3.45522E-10  1.72761E-11  5.57828E-02 SpitzerIRS 
 1.09027E+01  3.40488E-10  1.70244E-11  5.54715E-02 SpitzerIRS 
 1.09632E+01  3.36194E-10  1.68097E-11  5.51755E-02 SpitzerIRS 
 1.10237E+01  3.30056E-10  1.65028E-11  5.48646E-02 SpitzerIRS 
 1.10842E+01  3.26460E-10  1.63230E-11  5.45634E-02 SpitzerIRS 
 1.11447E+01  3.26731E-10  1.63366E-11  5.42772E-02 SpitzerIRS 
 1.12051E+01  3.30299E-10  1.65150E-11  5.39752E-02 SpitzerIRS 
 1.12656E+01  3.27689E-10  1.63845E-11  5.36943E-02 SpitzerIRS 
 1.13261E+01  3.16278E-10  1.58139E-11  5.33987E-02 SpitzerIRS 
 1.13866E+01  2.98683E-10  1.49341E-11  5.31151E-02 SpitzerIRS 
 1.14471E+01  2.82548E-10  1.41274E-11  5.28432E-02 SpitzerIRS 
 1.15076E+01  2.69278E-10  1.34639E-11  5.25568E-02 SpitzerIRS 
 1.15680E+01  2.56477E-10  1.28238E-11  5.22820E-02 SpitzerIRS 
 1.16285E+01  2.44799E-10  1.22399E-11  5.20187E-02 SpitzerIRS 
 1.16890E+01  2.37793E-10  1.18896E-11  5.17409E-02 SpitzerIRS 
 1.17495E+01  2.29739E-10  1.14870E-11  5.14746E-02 SpitzerIRS 
 1.18100E+01  2.21675E-10  1.10838E-11  5.12186E-02 SpitzerIRS 
 1.18705E+01  2.15211E-10  1.07605E-11  5.09509E-02 SpitzerIRS 
 1.19309E+01  2.11489E-10  1.05744E-11  5.07001E-02 SpitzerIRS 
 1.19914E+01  2.06276E-10  1.03138E-11  5.04360E-02 SpitzerIRS 
 1.20519E+01  1.99582E-10  9.97911E-12  5.01821E-02 SpitzerIRS 
 1.21124E+01  1.92605E-10  9.63023E-12  4.99414E-02 SpitzerIRS 
 1.21729E+01  1.87655E-10  9.38277E-12  4.96842E-02 SpitzerIRS 
 1.22334E+01  1.83520E-10  9.17602E-12  4.94386E-02 SpitzerIRS 
 1.22938E+01  1.80640E-10  9.03199E-12  4.92035E-02 SpitzerIRS 
 1.23543E+01  1.79111E-10  8.95554E-12  4.89545E-02 SpitzerIRS 
 1.24148E+01  1.76812E-10  8.84060E-12  4.87160E-02 SpitzerIRS 
 1.24753E+01  1.74337E-10  8.71686E-12  4.84879E-02 SpitzerIRS 
 1.25358E+01  1.73347E-10  8.66734E-12  4.82459E-02 SpitzerIRS 
 1.25963E+01  1.72843E-10  8.64215E-12  4.80214E-02 SpitzerIRS 
 1.26567E+01  1.72282E-10  8.61412E-12  4.77856E-02 SpitzerIRS 
 1.27172E+01  1.70786E-10  8.53931E-12  4.75575E-02 SpitzerIRS 
 1.27777E+01  1.70337E-10  8.51685E-12  4.73395E-02 SpitzerIRS 
 1.28382E+01  1.69697E-10  8.48483E-12  4.71102E-02 SpitzerIRS 
 1.28987E+01  1.67304E-10  8.36521E-12  4.68885E-02 SpitzerIRS 
 1.29592E+01  1.64929E-10  8.24644E-12  4.66782E-02 SpitzerIRS 
 1.30197E+01  1.64595E-10  8.22973E-12  4.64521E-02 SpitzerIRS 
 1.30801E+01  1.65970E-10  8.29849E-12  4.62381E-02 SpitzerIRS 
 1.31406E+01  1.65222E-10  8.26108E-12  4.60336E-02 SpitzerIRS 
 1.32011E+01  1.65704E-10  8.28521E-12  4.58144E-02 SpitzerIRS 
 1.32616E+01  1.66001E-10  8.30006E-12  4.56039E-02 SpitzerIRS 
 1.33221E+01  1.67006E-10  8.35032E-12  4.54066E-02 SpitzerIRS 
 1.33826E+01  1.67175E-10  8.35876E-12  4.51932E-02 SpitzerIRS 
 1.34430E+01  1.68255E-10  8.41273E-12  4.49973E-02 SpitzerIRS 
 1.35035E+01  1.70386E-10  8.51931E-12  4.47883E-02 SpitzerIRS 
 1.35640E+01  1.70210E-10  8.51052E-12  4.45886E-02 SpitzerIRS 
 1.36245E+01  1.71667E-10  8.58334E-12  4.43980E-02 SpitzerIRS 
 1.36850E+01  1.73654E-10  8.68268E-12  4.41945E-02 SpitzerIRS 
 1.37454E+01  1.74155E-10  8.70773E-12  4.40000E-02 SpitzerIRS 
 1.38059E+01  1.74918E-10  8.74592E-12  4.38145E-02 SpitzerIRS 
 1.38664E+01  1.75419E-10  8.77093E-12  4.36154E-02 SpitzerIRS 
 1.39269E+01  1.76259E-10  8.81295E-12  4.23554E-02 SpitzerIRS 
 1.39859E+01  1.86555E-10  9.32774E-12  5.96773E-02 SpitzerIRS 
 1.40694E+01  1.95898E-10  9.79490E-12  6.01869E-02 SpitzerIRS 
 1.41540E+01  1.97034E-10  9.85168E-12  5.98275E-02 SpitzerIRS 
 1.42387E+01  2.00669E-10  1.00334E-11  5.94647E-02 SpitzerIRS 
 1.43234E+01  2.00072E-10  1.00036E-11  5.91201E-02 SpitzerIRS 
 1.44081E+01  2.02961E-10  1.01480E-11  5.87727E-02 SpitzerIRS 
 1.44927E+01  2.06156E-10  1.03078E-11  5.84224E-02 SpitzerIRS 
 1.45774E+01  2.07862E-10  1.03931E-11  5.80906E-02 SpitzerIRS 
 1.46621E+01  2.11296E-10  1.05648E-11  5.77537E-02 SpitzerIRS 
 1.47468E+01  2.14268E-10  1.07134E-11  5.74227E-02 SpitzerIRS 
 1.48315E+01  2.19005E-10  1.09503E-11  5.70881E-02 SpitzerIRS 
 1.49161E+01  2.21656E-10  1.10828E-11  5.67708E-02 SpitzerIRS 
 1.50008E+01  2.26824E-10  1.13412E-11  5.64503E-02 SpitzerIRS 
 1.50855E+01  2.32603E-10  1.16301E-11  5.61268E-02 SpitzerIRS 
 1.51701E+01  2.37047E-10  1.18524E-11  5.58208E-02 SpitzerIRS 
 1.52548E+01  2.42156E-10  1.21078E-11  5.55096E-02 SpitzerIRS 
 1.53395E+01  2.48190E-10  1.24095E-11  5.51973E-02 SpitzerIRS 
 1.54242E+01  2.54484E-10  1.27242E-11  5.49002E-02 SpitzerIRS 
 1.55089E+01  2.60849E-10  1.30424E-11  5.46017E-02 SpitzerIRS 
 1.55935E+01  2.68262E-10  1.34131E-11  5.42981E-02 SpitzerIRS 
 1.56782E+01  2.74199E-10  1.37100E-11  5.40106E-02 SpitzerIRS 
 1.57629E+01  2.81787E-10  1.40894E-11  5.37218E-02 SpitzerIRS 
 1.58476E+01  2.90937E-10  1.45469E-11  5.34277E-02 SpitzerIRS 
 1.59322E+01  3.00098E-10  1.50049E-11  5.31507E-02 SpitzerIRS 
 1.60169E+01  3.09775E-10  1.54887E-11  5.28685E-02 SpitzerIRS 
 1.61016E+01  3.17377E-10  1.58689E-11  5.25910E-02 SpitzerIRS 
 1.61863E+01  3.26274E-10  1.63137E-11  5.23097E-02 SpitzerIRS 
 1.62709E+01  3.32824E-10  1.66412E-11  5.20443E-02 SpitzerIRS 
 1.63556E+01  3.37047E-10  1.68524E-11  5.17736E-02 SpitzerIRS 
 1.64403E+01  3.45797E-10  1.72899E-11  5.15015E-02 SpitzerIRS 
 1.65250E+01  3.49645E-10  1.74823E-11  5.12430E-02 SpitzerIRS 
 1.66097E+01  3.51811E-10  1.75905E-11  5.09830E-02 SpitzerIRS 
 1.66943E+01  3.52988E-10  1.76494E-11  5.07184E-02 SpitzerIRS 
 1.67790E+01  3.56508E-10  1.78254E-11  5.04672E-02 SpitzerIRS 
 1.68637E+01  3.65191E-10  1.82596E-11  5.02138E-02 SpitzerIRS 
 1.69484E+01  3.69175E-10  1.84587E-11  4.99576E-02 SpitzerIRS 
 1.70330E+01  3.72673E-10  1.86337E-11  4.97157E-02 SpitzerIRS 
 1.71177E+01  3.79325E-10  1.89662E-11  4.94698E-02 SpitzerIRS 
 1.72024E+01  3.83301E-10  1.91650E-11  4.92187E-02 SpitzerIRS 
 1.72871E+01  3.89350E-10  1.94675E-11  4.89852E-02 SpitzerIRS 
 1.73717E+01  4.00096E-10  2.00048E-11  4.87464E-02 SpitzerIRS 
 1.74564E+01  4.05544E-10  2.02772E-11  4.85082E-02 SpitzerIRS 
 1.75411E+01  4.11111E-10  2.05555E-11  4.82700E-02 SpitzerIRS 
 1.76258E+01  4.14776E-10  2.07388E-11  4.80438E-02 SpitzerIRS 
 1.77105E+01  4.24219E-10  2.12109E-11  4.78124E-02 SpitzerIRS 
 1.77951E+01  4.23800E-10  2.11900E-11  4.75810E-02 SpitzerIRS 
 1.78798E+01  4.26270E-10  2.13135E-11  4.73607E-02 SpitzerIRS 
 1.79645E+01  4.34595E-10  2.17298E-11  4.71369E-02 SpitzerIRS 
 1.80492E+01  4.43631E-10  2.21816E-11  4.69119E-02 SpitzerIRS 
 1.81338E+01  4.43802E-10  2.21901E-11  4.66961E-02 SpitzerIRS 
 1.82185E+01  4.54397E-10  2.27199E-11  4.64802E-02 SpitzerIRS 
 1.83032E+01  4.55860E-10  2.27930E-11  4.62608E-02 SpitzerIRS 
 1.83879E+01  4.66240E-10  2.33120E-11  4.60510E-02 SpitzerIRS 
 1.84725E+01  4.71403E-10  2.35701E-11  4.58421E-02 SpitzerIRS 
 1.85572E+01  4.74904E-10  2.37452E-11  4.56253E-02 SpitzerIRS 
 1.86419E+01  4.79158E-10  2.39579E-11  4.54251E-02 SpitzerIRS 
 1.87266E+01  4.77836E-10  2.38918E-11  4.52191E-02 SpitzerIRS 
 1.88113E+01  4.82367E-10  2.41183E-11  4.50161E-02 SpitzerIRS 
 1.88959E+01  4.91966E-10  2.45983E-11  4.48080E-02 SpitzerIRS 
 1.89806E+01  4.88906E-10  2.44453E-11  4.46145E-02 SpitzerIRS 
 1.90653E+01  4.86712E-10  2.43356E-11  4.44153E-02 SpitzerIRS 
 1.91500E+01  4.86204E-10  2.43102E-11  4.42147E-02 SpitzerIRS 
 1.92346E+01  4.86704E-10  2.43352E-11  4.40247E-02 SpitzerIRS 
 1.93193E+01  4.86068E-10  2.43034E-11  4.38313E-02 SpitzerIRS 
 1.94040E+01  4.93237E-10  2.46618E-11  4.36358E-02 SpitzerIRS 
 1.94887E+01  4.81888E-10  2.40944E-11  4.34509E-02 SpitzerIRS 
 1.95734E+01  4.97263E-10  2.48632E-11  4.32619E-02 SpitzerIRS 
 1.96580E+01  4.81180E-10  2.40590E-11  4.30720E-02 SpitzerIRS 
 1.97427E+01  4.86984E-10  2.43492E-11  4.28918E-02 SpitzerIRS 
 1.98274E+01  4.78005E-10  2.39002E-11  4.27086E-02 SpitzerIRS 
 1.99121E+01  4.83562E-10  2.41781E-11  4.25225E-02 SpitzerIRS 
 1.99967E+01  4.77742E-10  2.38871E-11  4.23459E-02 SpitzerIRS 
 2.00814E+01  4.78762E-10  2.39381E-11  4.21684E-02 SpitzerIRS 
 2.01661E+01  4.77097E-10  2.38548E-11  4.19923E-02 SpitzerIRS 
 2.02508E+01  4.72605E-10  2.36303E-11  4.18103E-02 SpitzerIRS 
 2.03354E+01  4.75165E-10  2.37582E-11  4.16416E-02 SpitzerIRS 
 2.04201E+01  4.69201E-10  2.34600E-11  8.29329E-02 SpitzerIRS 
 2.05895E+01  4.80859E-10  2.40429E-11  8.22556E-02 SpitzerIRS 
 2.07588E+01  4.74199E-10  2.37100E-11  8.15807E-02 SpitzerIRS 
 2.09282E+01  4.87593E-10  2.43797E-11  8.09182E-02 SpitzerIRS 
 2.10975E+01  4.77020E-10  2.38510E-11  8.02743E-02 SpitzerIRS 
 2.12669E+01  4.76504E-10  2.38252E-11  7.96313E-02 SpitzerIRS 
 2.14362E+01  4.88322E-10  2.44161E-11  7.90073E-02 SpitzerIRS 
 2.16056E+01  4.81225E-10  2.40613E-11  7.83820E-02 SpitzerIRS 
 2.17750E+01  4.79330E-10  2.39665E-11  7.77729E-02 SpitzerIRS 
 2.19443E+01  4.87107E-10  2.43554E-11  7.71772E-02 SpitzerIRS 
 2.21137E+01  4.90018E-10  2.45009E-11  7.65816E-02 SpitzerIRS 
 2.22830E+01  4.90971E-10  2.45485E-11  7.60001E-02 SpitzerIRS 
 2.24524E+01  4.91314E-10  2.45657E-11  7.54304E-02 SpitzerIRS 
 2.26217E+01  4.95241E-10  2.47621E-11  7.48617E-02 SpitzerIRS 
 2.27911E+01  4.95903E-10  2.47952E-11  7.43102E-02 SpitzerIRS 
 2.29604E+01  4.94795E-10  2.47398E-11  7.37565E-02 SpitzerIRS 
 2.31298E+01  4.96133E-10  2.48067E-11  7.32173E-02 SpitzerIRS 
 2.32991E+01  4.90643E-10  2.45322E-11  7.26898E-02 SpitzerIRS 
 2.34685E+01  4.87502E-10  2.43751E-11  7.21606E-02 SpitzerIRS 
 2.36378E+01  4.85919E-10  2.42959E-11  7.16432E-02 SpitzerIRS 
 2.38072E+01  4.84650E-10  2.42325E-11  7.11386E-02 SpitzerIRS 
 2.39765E+01  4.79651E-10  2.39825E-11  7.06319E-02 SpitzerIRS 
 2.41459E+01  4.68791E-10  2.34395E-11  7.01399E-02 SpitzerIRS 
 2.43153E+01  4.65365E-10  2.32682E-11  6.96476E-02 SpitzerIRS 
 2.44846E+01  4.60098E-10  2.30049E-11  6.91659E-02 SpitzerIRS 
 2.46540E+01  4.59093E-10  2.29546E-11  6.86953E-02 SpitzerIRS 
 2.48233E+01  4.57960E-10  2.28980E-11  6.82221E-02 SpitzerIRS 
 2.49927E+01  4.51960E-10  2.25980E-11  6.77591E-02 SpitzerIRS 
 2.51620E+01  4.49920E-10  2.24960E-11  6.73086E-02 SpitzerIRS 
 2.53314E+01  4.46067E-10  2.23033E-11  6.68538E-02 SpitzerIRS 
 2.55007E+01  4.45937E-10  2.22969E-11  6.64134E-02 SpitzerIRS 
 2.56701E+01  4.45096E-10  2.22548E-11  6.59713E-02 SpitzerIRS 
 2.58394E+01  4.44100E-10  2.22050E-11  6.55397E-02 SpitzerIRS 
 2.60088E+01  4.43255E-10  2.21628E-11  6.51164E-02 SpitzerIRS 
 2.61781E+01  4.39914E-10  2.19957E-11  6.46910E-02 SpitzerIRS 
 2.63475E+01  4.40250E-10  2.20125E-11  6.42759E-02 SpitzerIRS 
 2.65169E+01  4.37614E-10  2.18807E-11  6.38688E-02 SpitzerIRS 
 2.66862E+01  4.39675E-10  2.19837E-11  6.34601E-02 SpitzerIRS 
 2.68556E+01  4.43020E-10  2.21510E-11  6.30629E-02 SpitzerIRS 
 2.70249E+01  4.43475E-10  2.21738E-11  6.26644E-02 SpitzerIRS 
 2.71943E+01  4.43575E-10  2.21788E-11  6.22741E-02 SpitzerIRS 
 2.73636E+01  4.44168E-10  2.22084E-11  6.18924E-02 SpitzerIRS 
 2.75330E+01  4.43577E-10  2.21789E-11  6.15081E-02 SpitzerIRS 
 2.77023E+01  4.38938E-10  2.19469E-11  6.11317E-02 SpitzerIRS 
 2.78717E+01  4.38694E-10  2.19347E-11  6.07649E-02 SpitzerIRS 
 2.80410E+01  4.36724E-10  2.18362E-11  6.03929E-02 SpitzerIRS 
 2.82104E+01  4.39894E-10  2.19947E-11  6.00350E-02 SpitzerIRS 
 2.83798E+01  4.31280E-10  2.15640E-11  5.96735E-02 SpitzerIRS 
 2.85491E+01  4.32151E-10  2.16076E-11  5.93182E-02 SpitzerIRS 
 2.87185E+01  4.28030E-10  2.14015E-11  5.89725E-02 SpitzerIRS 
 2.88878E+01  4.26038E-10  2.13019E-11  5.86233E-02 SpitzerIRS 
 2.90572E+01  4.24710E-10  2.12355E-11  5.82813E-02 SpitzerIRS 
 2.92265E+01  4.20246E-10  2.10123E-11  5.79481E-02 SpitzerIRS 
 2.93959E+01  4.20402E-10  2.10201E-11  5.76098E-02 SpitzerIRS 
 2.95652E+01  4.18370E-10  2.09185E-11  5.72832E-02 SpitzerIRS 
 2.97346E+01  4.16315E-10  2.08158E-11  5.69546E-02 SpitzerIRS 
 2.99039E+01  4.15146E-10  2.07573E-11  5.66314E-02 SpitzerIRS 
 3.00733E+01  4.17008E-10  2.08504E-11  5.63151E-02 SpitzerIRS 
 3.02426E+01  4.14148E-10  2.07074E-11  5.59974E-02 SpitzerIRS 
 3.04120E+01  4.14389E-10  2.07195E-11  5.56853E-02 SpitzerIRS 
 3.05813E+01  4.08566E-10  2.04283E-11  5.53802E-02 SpitzerIRS 
 3.07507E+01  4.11317E-10  2.05658E-11  5.50713E-02 SpitzerIRS 
 3.09200E+01  4.08936E-10  2.04468E-11  5.47745E-02 SpitzerIRS 
 3.10894E+01  4.07700E-10  2.03850E-11  5.44713E-02 SpitzerIRS 
 3.12588E+01  4.07330E-10  2.03665E-11  5.41771E-02 SpitzerIRS 
 3.14281E+01  4.07483E-10  2.03742E-11  5.38874E-02 SpitzerIRS 
 3.15975E+01  4.08919E-10  2.04460E-11  5.35967E-02 SpitzerIRS 
 3.17668E+01  4.12756E-10  2.06378E-11  5.33107E-02 SpitzerIRS 
 3.19362E+01  4.16238E-10  2.08119E-11  5.30302E-02 SpitzerIRS 
 3.21055E+01  4.16370E-10  2.08185E-11  5.27476E-02 SpitzerIRS 
 3.22749E+01  4.18797E-10  2.09399E-11  5.24752E-02 SpitzerIRS 
 3.24442E+01  4.28080E-10  2.14040E-11  5.21972E-02 SpitzerIRS 
 3.26136E+01  4.34875E-10  2.17438E-11  5.19262E-02 SpitzerIRS 
 3.27829E+01  4.33274E-10  2.16637E-11  5.16613E-02 SpitzerIRS 
 3.29523E+01  4.34766E-10  2.17383E-11  5.13922E-02 SpitzerIRS 
 3.31217E+01  4.31998E-10  2.15999E-11  5.11297E-02 SpitzerIRS 
 3.32910E+01  4.38208E-10  2.19104E-11  5.08729E-02 SpitzerIRS 
 3.34604E+01  4.29988E-10  2.14994E-11  5.06115E-02 SpitzerIRS 
 3.36297E+01  4.34266E-10  2.17133E-11  5.03599E-02 SpitzerIRS 
 3.37991E+01  4.32141E-10  2.16071E-11  5.01046E-02 SpitzerIRS 
 3.39684E+01  4.45560E-10  2.22780E-11  4.98563E-02 SpitzerIRS 
 3.41378E+01  4.28985E-10  2.14493E-11  4.96099E-02 SpitzerIRS 
 3.43071E+01  4.29925E-10  2.14962E-11  4.93632E-02 SpitzerIRS 
 3.44765E+01  4.24333E-10  2.12167E-11  4.91196E-02 SpitzerIRS 
 3.46458E+01  4.23259E-10  2.11630E-11  4.88841E-02 SpitzerIRS 
 3.48152E+01  4.25352E-10  2.12676E-11  4.86420E-02 SpitzerIRS 
 3.49845E+01  4.26392E-10  2.13196E-11  4.84102E-02 SpitzerIRS 
 3.51539E+01  4.14342E-10  2.07171E-11  4.81742E-02 SpitzerIRS 
 3.53233E+01  3.96189E-10  1.98094E-11  4.79432E-02 SpitzerIRS 
 3.54926E+01  4.24566E-10  2.12283E-11  4.77145E-02 SpitzerIRS 
 1.18971E-01  3.08865E-11  4.72036E-12  2.88087E-01 <UV> 
 1.22398E-01  1.79843E-11  5.31820E-12  7.47233E-02 <UV> 
 1.23313E-01  1.30661E-11  2.55652E-12  7.54585E-02 <UV> 
 1.24243E-01  1.46905E-11  4.25251E-12  7.61329E-02 <UV> 
 1.25189E-01  1.09682E-11  2.08941E-12  7.40559E-02 <UV> 
 1.26116E-01  9.60140E-12  2.71164E-12  5.00015E-02 <UV> 
 1.26747E-01  9.42651E-12  2.71753E-12  4.99973E-02 <UV> 
 1.27381E-01  9.41196E-12  2.96317E-12  5.00076E-02 <UV> 
 1.28018E-01  1.34783E-11  2.78502E-12  4.99931E-02 <UV> 
 1.28658E-01  1.69294E-11  2.68986E-12  5.00009E-02 <UV> 
 1.29301E-01  1.76503E-11  3.21646E-12  4.99997E-02 <UV> 
 1.29947E-01  1.53950E-11  2.58313E-12  5.00048E-02 <UV> 
 1.30597E-01  1.80245E-11  2.74799E-12  5.00011E-02 <UV> 
 1.31250E-01  1.04526E-11  2.76064E-12  4.99961E-02 <UV> 
 1.31906E-01  1.04174E-11  2.68423E-12  1.23792E-01 <UV> 
 1.33539E-01  1.32488E-11  2.21722E-12  9.92068E-02 <UV> 
 1.34864E-01  8.94370E-12  1.92985E-12  7.78042E-02 <UV> 
 1.35913E-01  1.78967E-11  3.19757E-12  5.00024E-02 <UV> 
 1.36593E-01  3.09141E-11  3.07700E-12  4.99952E-02 <UV> 
 1.37276E-01  4.37235E-11  3.41228E-12  5.00015E-02 <UV> 
 1.37962E-01  6.69359E-11  4.31114E-12  4.99992E-02 <UV> 
 1.38652E-01  3.78537E-11  3.41226E-12  7.54911E-02 <UV> 
 1.39699E-01  7.09638E-12  2.05050E-12  9.85549E-02 <UV> 
 1.41076E-01  6.92587E-12  2.17275E-12  2.03125E-01 <UV> 
 1.43941E-01  5.13833E-12  1.40060E-12  3.06452E-01 <UV> 
 1.48352E-01  4.36291E-12  1.39790E-12  1.73149E-01 <UV> 
 1.50921E-01  1.13540E-11  3.47592E-12  1.20818E-01 <UV> 
 1.52744E-01  5.47873E-12  1.82611E-12  1.30119E-01 <UV> 
 1.54732E-01  2.64633E-11  3.81911E-12  7.70623E-02 <UV> 
 1.55924E-01  1.22102E-11  2.62035E-12  7.31252E-02 <UV> 
 1.57064E-01  1.38127E-11  3.47794E-12  1.01684E-01 <UV> 
 1.58662E-01  6.96789E-12  1.98847E-12  2.00364E-01 <UV> 
 1.61841E-01  4.93785E-12  1.43495E-12  1.50444E-01 <UV> 
 1.64275E-01  1.32131E-11  4.19970E-12  7.56291E-02 <UV> 
 1.65518E-01  9.18839E-12  1.93767E-12  7.45600E-02 <UV> 
 1.66752E-01  1.15190E-11  2.69333E-12  1.64568E-01 <UV> 
 1.69496E-01  4.79657E-12  1.23941E-12  1.66322E-01 <UV> 
 1.72315E-01  5.11430E-12  1.53358E-12  7.10732E-02 <UV> 
 1.73540E-01  1.38615E-11  2.08604E-12  5.00000E-02 <UV> 
 1.74408E-01  1.03236E-11  2.13306E-12  4.99978E-02 <UV> 
 1.75280E-01  1.32947E-11  2.67722E-12  5.00001E-02 <UV> 
 1.76156E-01  1.06352E-11  1.71996E-12  7.50187E-02 <UV> 
 1.77478E-01  6.78456E-12  1.15069E-12  7.51701E-02 <UV> 
 1.78812E-01  1.08688E-11  2.64892E-12  1.14120E-01 <UV> 
 1.80852E-01  5.86140E-12  9.73408E-13  8.63965E-02 <UV> 
 1.82415E-01  5.31427E-12  1.48603E-12  5.00015E-02 <UV> 
 1.83327E-01  8.64646E-12  1.50840E-12  4.99981E-02 <UV> 
 1.84243E-01  9.79878E-12  1.44862E-12  5.00045E-02 <UV> 
 1.85165E-01  6.85102E-12  1.44511E-12  4.99987E-02 <UV> 
 1.86091E-01  1.35885E-11  1.47942E-12  4.99972E-02 <UV> 
 1.87021E-01  1.03691E-11  1.46640E-12  4.99998E-02 <UV> 
 1.87956E-01  9.21441E-12  1.43391E-12  5.00011E-02 <UV> 
 1.88896E-01  1.06475E-11  1.43372E-12  5.00011E-02 <UV> 
 1.89840E-01  1.41743E-11  1.43085E-12  4.99999E-02 <UV> 
 1.90790E-01  1.48881E-11  1.42686E-12  4.99975E-02 <UV> 
 1.91743E-01  1.26271E-11  2.46114E-12  9.32966E-02 <UV> 
 1.93532E-01  9.05555E-12  1.19958E-12  5.69259E-02 <UV> 
 1.94634E-01  1.33890E-11  1.30214E-12  5.00015E-02 <UV> 
 1.95607E-01  1.16525E-11  1.24764E-12  4.99982E-02 <UV> 
 1.96585E-01  1.21730E-11  1.20896E-12  4.99987E-02 <UV> 
 1.97568E-01  1.59408E-11  1.33983E-12  7.05782E-01 <UV> 
 2.11512E-01  7.06723E-12  2.23812E-12  5.01503E-01 <UV> 
 2.22120E-01  1.80984E-11  5.99061E-12  1.54489E-01 <UV> 
 2.25551E-01  1.32322E-11  3.68778E-12  1.75437E-01 <UV> 
 2.29508E-01  1.28030E-11  3.40897E-12  9.79443E-02 <UV> 
 2.31756E-01  2.23530E-11  5.50689E-12  5.00009E-02 <UV> 
 2.32915E-01  2.77248E-11  5.10246E-12  5.00011E-02 <UV> 
 2.34079E-01  1.43330E-11  4.75822E-12  5.00001E-02 <UV> 
 2.35250E-01  1.98836E-11  4.54949E-12  4.99979E-02 <UV> 
 2.36426E-01  2.05112E-11  4.19772E-12  5.00030E-02 <UV> 
 2.37608E-01  1.75853E-11  3.88948E-12  4.99983E-02 <UV> 
 2.38796E-01  2.69863E-11  3.94188E-12  5.00008E-02 <UV> 
 2.39990E-01  2.08439E-11  3.69544E-12  4.99979E-02 <UV> 
 2.41190E-01  2.13828E-11  3.33226E-12  5.00021E-02 <UV> 
 2.42396E-01  3.22765E-11  3.39708E-12  5.00008E-02 <UV> 
 2.43608E-01  2.39128E-11  3.25443E-12  4.99984E-02 <UV> 
 2.44826E-01  2.27618E-11  2.95412E-12  4.99988E-02 <UV> 
 2.46050E-01  2.07505E-11  2.61300E-12  5.00020E-02 <UV> 
 2.47280E-01  1.97401E-11  2.43624E-12  4.99999E-02 <UV> 
 2.48517E-01  2.38387E-11  2.45801E-12  5.00006E-02 <UV> 
 2.49759E-01  2.50281E-11  2.36857E-12  5.00001E-02 <UV> 
 2.51008E-01  2.71184E-11  2.39117E-12  4.99984E-02 <UV> 
 2.52263E-01  2.41641E-11  2.16400E-12  4.99994E-02 <UV> 
 2.53524E-01  2.58395E-11  2.28314E-12  4.99991E-02 <UV> 
 2.54792E-01  2.78559E-11  2.11591E-12  5.00016E-02 <UV> 
 2.56066E-01  3.57238E-11  2.07673E-12  4.99988E-02 <UV> 
 2.57346E-01  4.32288E-11  2.31707E-12  5.00026E-02 <UV> 
 2.58633E-01  4.22182E-11  2.11091E-12  4.99974E-02 <UV> 
 2.59926E-01  4.09137E-11  2.04568E-12  5.00026E-02 <UV> 
 2.61226E-01  4.73731E-11  2.36865E-12  4.99989E-02 <UV> 
 2.62532E-01  5.49698E-11  2.74849E-12  5.00015E-02 <UV> 
 2.63845E-01  6.92453E-11  3.46226E-12  4.99991E-02 <UV> 
 2.65164E-01  7.93737E-11  3.96868E-12  4.99992E-02 <UV> 
 2.66490E-01  7.89865E-11  3.94933E-12  5.00019E-02 <UV> 
 2.67822E-01  8.04785E-11  4.02392E-12  4.99996E-02 <UV> 
 2.69161E-01  7.17127E-11  3.58563E-12  4.99997E-02 <UV> 
 2.70507E-01  8.28436E-11  4.14218E-12  4.99987E-02 <UV> 
 2.71860E-01  7.49737E-11  3.74869E-12  5.00001E-02 <UV> 
 2.73219E-01  7.46246E-11  3.73123E-12  5.00002E-02 <UV> 
 2.74585E-01  6.78629E-11  3.39314E-12  4.99991E-02 <UV> 
 2.75958E-01  8.08921E-11  4.04461E-12  5.00004E-02 <UV> 
 2.77338E-01  8.64714E-11  4.32357E-12  5.00004E-02 <UV> 
 2.78724E-01  7.81167E-11  3.90584E-12  4.99992E-02 <UV> 
 2.80118E-01  1.17668E-10  5.88342E-12  5.00003E-02 <UV> 
 2.81519E-01  8.87552E-11  4.43776E-12  5.00002E-02 <UV> 
 2.82926E-01  1.06397E-10  5.31985E-12  4.99989E-02 <UV> 
 2.84341E-01  1.03305E-10  5.16525E-12  4.99998E-02 <UV> 
 2.85763E-01  1.17029E-10  5.85143E-12  5.00030E-02 <UV> 
 2.87191E-01  1.24621E-10  6.23105E-12  4.99980E-02 <UV> 
 2.88627E-01  1.37856E-10  6.89280E-12  5.00022E-02 <UV> 
 2.90071E-01  1.82235E-10  9.11177E-12  4.99982E-02 <UV> 
 2.91521E-01  1.80360E-10  9.01798E-12  4.99998E-02 <UV> 
 2.92978E-01  1.86842E-10  9.34210E-12  5.00003E-02 <UV> 
 2.94443E-01  1.78321E-10  8.91606E-12  4.99994E-02 <UV> 
 2.95916E-01  1.90165E-10  9.50823E-12  5.00007E-02 <UV> 
 2.97395E-01  1.84440E-10  9.22200E-12  5.00008E-02 <UV> 
 2.98882E-01  1.73626E-10  8.68130E-12  4.99996E-02 <UV> 
 3.00377E-01  1.76617E-10  8.83086E-12  5.00006E-02 <UV> 
 3.01878E-01  1.90667E-10  9.53334E-12  5.00002E-02 <UV> 
 3.03388E-01  2.24359E-10  1.12179E-11  4.99987E-02 <UV> 
 3.04905E-01  2.24468E-10  1.12234E-11  4.99992E-02 <UV> 
 3.06429E-01  2.36376E-10  1.18188E-11  5.00017E-02 <UV> 
 3.07961E-01  2.62330E-10  1.31165E-11  4.99998E-02 <UV> 
 3.09501E-01  2.37599E-10  1.18799E-11  4.99998E-02 <UV> 
 3.11049E-01  3.03414E-10  1.51707E-11  4.99986E-02 <UV> 
 3.12604E-01  2.93646E-10  1.46823E-11  5.00026E-02 <UV> 
 3.14167E-01  3.15273E-10  1.57636E-11  4.99989E-02 <UV> 
 3.15738E-01  2.80857E-10  1.40429E-11  4.97501E-02 <UV> 
