 3.51600E-01  1.35674E-10  6.78370E-12  1.00000E+00 SDSS.U 
 3.63700E-01  1.47868E-10  1.48371E-11  1.00000E+00 JOHNSON.U 
 4.42000E-01  2.40512E-10  2.37392E-11  1.00000E+00 JOHNSON.B 
 4.43400E-01  1.61478E-10  1.62269E-11  1.00000E+00 JOHNSON.B 
 4.67700E-01  4.31042E-10  2.15521E-11  1.00000E+00 SDSS.G 
 4.75000E-01  2.94428E-10  2.96637E-11  1.00000E+00 generic 
 5.18900E-01  3.17552E-10  1.58776E-11  1.00000E+00 HIPPARCOS.HP 
 5.40000E-01  4.28093E-10  4.27482E-11  1.00000E+00 JOHNSON.V 
 5.49300E-01  2.99820E-10  1.57401E-11  1.00000E+00 JOHNSON.V 
 5.49300E-01  3.41135E-10  3.43836E-11  1.00000E+00 JOHNSON.V 
 6.16800E-01  7.32664E-10  3.66332E-11  1.00000E+00 SDSS.R 
 6.22000E-01  5.67340E-10  5.68738E-11  1.00000E+00 generic 
 6.47300E-01  6.89073E-10  6.94714E-11  1.00000E+00 COUSINS.R 
 7.49600E-01  1.10986E-09  5.54932E-11  1.00000E+00 SDSS.I 
 7.63000E-01  1.03069E-09  1.03336E-10  1.00000E+00 generic 
 7.87500E-01  9.98052E-10  1.77412E-10  1.00000E+00 COUSINS.I 
 7.87500E-01  1.10436E-09  1.10400E-10  1.00000E+00 COUSINS.I 
 8.97000E-01  1.25682E-09  6.28411E-11  1.00000E+00 SDSS.Z 
 1.23930E+00  2.03805E-09  1.01902E-10  1.00000E+00 2MASS.J 
 1.64950E+00  2.36417E-09  1.18209E-10  1.00000E+00 2MASS.H 
 2.16390E+00  1.87476E-09  9.37380E-11  1.00000E+00 2MASS.KS 
 3.36820E+00  1.17516E-09  5.87578E-11  1.00000E+00 WISE.W1 
 3.60000E+00  9.07705E-10  4.53852E-11  1.00000E+00 IRAC.36 
 4.50000E+00  6.86192E-10  3.43096E-11  1.00000E+00 IRAC.45 
 4.61790E+00  1.03982E-09  5.19909E-11  1.00000E+00 WISE.W2 
 5.80000E+00  4.91039E-10  2.45520E-11  1.00000E+00 IRAC.58 
 8.00000E+00  3.44761E-10  1.72381E-11  1.00000E+00 IRAC.80 
 9.09950E+00  3.62406E-10  1.81203E-11  1.00000E+00 AKARI.S9W 
 1.14099E+01  2.62748E-10  1.83923E-11  1.00000E+00 IRAS.F12 
 1.20730E+01  2.32774E-10  1.16387E-11  1.00000E+00 WISE.W3 
 1.95050E+01  1.61539E-10  1.07590E-11  1.00000E+00 AKARI.L18W 
 2.21943E+01  1.41965E-10  7.09826E-12  1.00000E+00 WISE.W4 
 2.36108E+01  1.53637E-10  1.38273E-11  1.00000E+00 IRAS.F25 
 2.40000E+01  1.17419E-10  5.87094E-12  1.00000E+00 MIPS.24 
 6.04093E+01  3.42425E-11  3.76668E-12  1.00000E+00 IRAS.F60 
 6.31800E+01  2.04037E-11  2.37253E-12  1.00000E+00 generic 
 7.00000E+01  1.75593E-11  1.71310E-12  1.00000E+00 MIPS.70 
 7.28400E+01  1.31705E-11  1.23473E-12  1.00000E+00 generic 
 7.87400E+01  1.33258E-11  1.52295E-12  1.00000E+00 generic 
 9.01600E+01  1.96182E-11  1.33005E-12  1.00000E+00 generic 
 1.45530E+02  4.12001E-12  4.12001E-13  1.00000E+00 generic 
 1.57740E+02  2.28066E-12  5.70164E-13  1.00000E+00 generic 
 1.79530E+02  3.33975E-12  6.67950E-13  1.00000E+00 generic 
 8.50000E+02  3.10373E-14  6.70124E-15  1.00000E+00 generic 
 8.90000E+02  2.96424E-14  6.40006E-15  1.00000E+00 generic 
 1.30000E+03  7.84073E-15  3.92036E-15  1.00000E+00 generic 
 5.18700E+00  8.72508E-10  4.36254E-11  5.82225E-02 SpitzerIRS 
 5.21720E+00  7.05028E-10  3.52514E-11  5.80771E-02 SpitzerIRS 
 5.24750E+00  6.41644E-10  3.20822E-11  5.75512E-02 SpitzerIRS 
 5.27770E+00  6.62830E-10  3.31415E-11  5.74114E-02 SpitzerIRS 
 5.30800E+00  6.61419E-10  3.30709E-11  5.68953E-02 SpitzerIRS 
 5.33820E+00  6.48416E-10  3.24208E-11  5.67607E-02 SpitzerIRS 
 5.36850E+00  6.44846E-10  3.22423E-11  5.62541E-02 SpitzerIRS 
 5.39870E+00  6.39911E-10  3.19956E-11  5.59394E-02 SpitzerIRS 
 5.42890E+00  6.33469E-10  3.16734E-11  5.58124E-02 SpitzerIRS 
 5.45920E+00  6.17312E-10  3.08656E-11  5.53195E-02 SpitzerIRS 
 5.48940E+00  5.92911E-10  2.96456E-11  5.51973E-02 SpitzerIRS 
 5.51970E+00  5.82471E-10  2.91235E-11  5.47131E-02 SpitzerIRS 
 5.54990E+00  5.73754E-10  2.86877E-11  5.45956E-02 SpitzerIRS 
 5.58020E+00  5.59372E-10  2.79686E-11  5.41199E-02 SpitzerIRS 
 5.61040E+00  5.60022E-10  2.80011E-11  5.38286E-02 SpitzerIRS 
 5.64060E+00  5.64926E-10  2.82463E-11  5.37177E-02 SpitzerIRS 
 5.67090E+00  5.55162E-10  2.77581E-11  5.32543E-02 SpitzerIRS 
 5.70110E+00  5.52279E-10  2.76140E-11  5.31476E-02 SpitzerIRS 
 5.73140E+00  5.47184E-10  2.73592E-11  5.26922E-02 SpitzerIRS 
 5.76160E+00  5.50294E-10  2.75147E-11  5.24160E-02 SpitzerIRS 
 5.79180E+00  5.49293E-10  2.74647E-11  5.23153E-02 SpitzerIRS 
 5.82210E+00  5.55121E-10  2.77561E-11  5.18713E-02 SpitzerIRS 
 5.85230E+00  5.58440E-10  2.79220E-11  5.17745E-02 SpitzerIRS 
 5.88260E+00  5.59921E-10  2.79960E-11  5.13378E-02 SpitzerIRS 
 5.91280E+00  5.39488E-10  2.69744E-11  5.10756E-02 SpitzerIRS 
 5.94300E+00  5.44515E-10  2.72257E-11  5.09844E-02 SpitzerIRS 
 5.97330E+00  5.39032E-10  2.69516E-11  5.05583E-02 SpitzerIRS 
 6.00350E+00  5.33994E-10  2.66997E-11  5.04706E-02 SpitzerIRS 
 6.03380E+00  5.34725E-10  2.67363E-11  5.00514E-02 SpitzerIRS 
 6.06400E+00  5.25151E-10  2.62575E-11  4.99670E-02 SpitzerIRS 
 6.09430E+00  5.13075E-10  2.56538E-11  4.95545E-02 SpitzerIRS 
 6.12450E+00  5.03717E-10  2.51858E-11  4.93101E-02 SpitzerIRS 
 6.15470E+00  4.99745E-10  2.49873E-11  4.92307E-02 SpitzerIRS 
 6.18500E+00  4.95605E-10  2.47803E-11  4.88278E-02 SpitzerIRS 
 6.21520E+00  4.87910E-10  2.43955E-11  4.87514E-02 SpitzerIRS 
 6.24550E+00  4.80393E-10  2.40196E-11  4.83548E-02 SpitzerIRS 
 6.27570E+00  4.69592E-10  2.34796E-11  4.82815E-02 SpitzerIRS 
 6.30600E+00  4.63509E-10  2.31754E-11  4.78909E-02 SpitzerIRS 
 6.33620E+00  4.71070E-10  2.35535E-11  4.76626E-02 SpitzerIRS 
 6.36640E+00  4.64037E-10  2.32018E-11  4.75936E-02 SpitzerIRS 
 6.39670E+00  4.69469E-10  2.34734E-11  4.72118E-02 SpitzerIRS 
 6.42690E+00  4.71111E-10  2.35556E-11  4.71456E-02 SpitzerIRS 
 6.45720E+00  4.71092E-10  2.35546E-11  4.67695E-02 SpitzerIRS 
 6.48740E+00  4.60054E-10  2.30027E-11  4.67059E-02 SpitzerIRS 
 6.51770E+00  4.51729E-10  2.25864E-11  4.63354E-02 SpitzerIRS 
 6.54790E+00  4.56559E-10  2.28279E-11  4.61217E-02 SpitzerIRS 
 6.57810E+00  4.70482E-10  2.35241E-11  4.60619E-02 SpitzerIRS 
 6.60840E+00  4.85990E-10  2.42995E-11  4.56994E-02 SpitzerIRS 
 6.63860E+00  4.68926E-10  2.34463E-11  4.56422E-02 SpitzerIRS 
 6.66890E+00  4.52298E-10  2.26149E-11  4.52848E-02 SpitzerIRS 
 6.69910E+00  4.45587E-10  2.22794E-11  4.52300E-02 SpitzerIRS 
 6.72940E+00  4.39220E-10  2.19610E-11  4.48777E-02 SpitzerIRS 
 6.75960E+00  4.22684E-10  2.11342E-11  4.46772E-02 SpitzerIRS 
 6.78980E+00  4.30071E-10  2.15036E-11  4.46258E-02 SpitzerIRS 
 6.82010E+00  4.37708E-10  2.18854E-11  4.42809E-02 SpitzerIRS 
 6.85030E+00  4.31030E-10  2.15515E-11  4.42316E-02 SpitzerIRS 
 6.88060E+00  4.10453E-10  2.05227E-11  4.38915E-02 SpitzerIRS 
 6.91080E+00  4.14034E-10  2.07017E-11  4.36997E-02 SpitzerIRS 
 6.94100E+00  4.15870E-10  2.07935E-11  4.36537E-02 SpitzerIRS 
 6.97130E+00  4.09001E-10  2.04500E-11  4.33205E-02 SpitzerIRS 
 7.00150E+00  4.04543E-10  2.02272E-11  4.32764E-02 SpitzerIRS 
 7.03180E+00  4.09306E-10  2.04653E-11  4.29478E-02 SpitzerIRS 
 7.06200E+00  4.06838E-10  2.03419E-11  4.27641E-02 SpitzerIRS 
 7.09220E+00  4.12140E-10  2.06070E-11  4.27230E-02 SpitzerIRS 
 7.12250E+00  3.96724E-10  1.98362E-11  4.24008E-02 SpitzerIRS 
 7.15270E+00  3.91817E-10  1.95909E-11  4.23616E-02 SpitzerIRS 
 7.18300E+00  3.82009E-10  1.91004E-11  4.20437E-02 SpitzerIRS 
 7.21320E+00  3.78905E-10  1.89453E-11  4.20063E-02 SpitzerIRS 
 7.24350E+00  3.73860E-10  1.86930E-11  4.16926E-02 SpitzerIRS 
 7.27370E+00  3.76714E-10  1.88357E-11  4.15194E-02 SpitzerIRS 
 7.30390E+00  3.76293E-10  1.88147E-11  4.14847E-02 SpitzerIRS 
 7.33420E+00  3.73320E-10  1.86660E-11  4.11770E-02 SpitzerIRS 
 7.36440E+00  3.71105E-10  1.85553E-11  4.11439E-02 SpitzerIRS 
 7.39470E+00  3.69123E-10  1.84561E-11  4.08401E-02 SpitzerIRS 
 7.42490E+00  3.67815E-10  1.83907E-11  4.08086E-02 SpitzerIRS 
 7.45520E+00  3.59878E-10  1.79939E-11  4.05086E-02 SpitzerIRS 
 7.48540E+00  3.57148E-10  1.78574E-11  4.03452E-02 SpitzerIRS 
 7.51560E+00  3.47468E-10  1.73734E-11  8.04992E-02 SpitzerIRS 
 7.57610E+00  3.46672E-10  1.73336E-11  7.98564E-02 SpitzerIRS 
 7.63660E+00  3.37342E-10  1.68671E-11  7.92237E-02 SpitzerIRS 
 7.69710E+00  3.36821E-10  1.68411E-11  7.86010E-02 SpitzerIRS 
 7.75760E+00  3.37896E-10  1.68948E-11  7.78591E-02 SpitzerIRS 
 7.81800E+00  3.31597E-10  1.65798E-11  7.73855E-02 SpitzerIRS 
 7.87850E+00  3.35078E-10  1.67539E-11  7.67913E-02 SpitzerIRS 
 7.93900E+00  3.37456E-10  1.68728E-11  7.62061E-02 SpitzerIRS 
 7.99950E+00  3.41751E-10  1.70876E-11  7.56297E-02 SpitzerIRS 
 8.06000E+00  3.37278E-10  1.68639E-11  7.50620E-02 SpitzerIRS 
 8.12050E+00  3.33853E-10  1.66926E-11  7.45028E-02 SpitzerIRS 
 8.18100E+00  3.34814E-10  1.67407E-11  7.38296E-02 SpitzerIRS 
 8.24140E+00  3.37235E-10  1.68617E-11  7.34099E-02 SpitzerIRS 
 8.30190E+00  3.39009E-10  1.69505E-11  7.28749E-02 SpitzerIRS 
 8.36240E+00  3.37883E-10  1.68942E-11  7.23477E-02 SpitzerIRS 
 8.42290E+00  3.30986E-10  1.65493E-11  7.18280E-02 SpitzerIRS 
 8.48340E+00  3.28710E-10  1.64355E-11  7.13157E-02 SpitzerIRS 
 8.54390E+00  3.28112E-10  1.64056E-11  7.06937E-02 SpitzerIRS 
 8.60430E+00  3.31938E-10  1.65969E-11  7.03137E-02 SpitzerIRS 
 8.66480E+00  3.30900E-10  1.65450E-11  6.98227E-02 SpitzerIRS 
 8.72530E+00  3.31052E-10  1.65526E-11  6.93386E-02 SpitzerIRS 
 8.78580E+00  3.25705E-10  1.62852E-11  6.88611E-02 SpitzerIRS 
 8.84630E+00  3.22959E-10  1.61479E-11  6.83902E-02 SpitzerIRS 
 8.90680E+00  3.21008E-10  1.60504E-11  6.78134E-02 SpitzerIRS 
 8.96720E+00  3.23255E-10  1.61628E-11  6.74681E-02 SpitzerIRS 
 9.02770E+00  3.25163E-10  1.62582E-11  6.70160E-02 SpitzerIRS 
 9.08820E+00  3.27449E-10  1.63724E-11  6.65698E-02 SpitzerIRS 
 9.14870E+00  3.27181E-10  1.63590E-11  6.61296E-02 SpitzerIRS 
 9.20920E+00  3.24979E-10  1.62490E-11  6.56952E-02 SpitzerIRS 
 9.26970E+00  3.26348E-10  1.63174E-11  6.51585E-02 SpitzerIRS 
 9.33010E+00  3.21327E-10  1.60664E-11  6.48439E-02 SpitzerIRS 
 9.39060E+00  3.16760E-10  1.58380E-11  6.44261E-02 SpitzerIRS 
 9.45110E+00  3.20845E-10  1.60423E-11  6.40137E-02 SpitzerIRS 
 9.51160E+00  3.19347E-10  1.59673E-11  6.36065E-02 SpitzerIRS 
 9.57210E+00  3.13463E-10  1.56732E-11  6.32045E-02 SpitzerIRS 
 9.63260E+00  3.09310E-10  1.54655E-11  6.28075E-02 SpitzerIRS 
 9.69310E+00  3.06015E-10  1.53008E-11  6.23124E-02 SpitzerIRS 
 9.75350E+00  3.12883E-10  1.56442E-11  6.20290E-02 SpitzerIRS 
 9.81400E+00  3.04711E-10  1.52355E-11  6.16466E-02 SpitzerIRS 
 9.87450E+00  3.02161E-10  1.51080E-11  6.12689E-02 SpitzerIRS 
 9.93500E+00  2.96706E-10  1.48353E-11  6.08958E-02 SpitzerIRS 
 9.99550E+00  2.92978E-10  1.46489E-11  6.05272E-02 SpitzerIRS 
 1.00560E+01  2.89632E-10  1.44816E-11  6.00636E-02 SpitzerIRS 
 1.01164E+01  2.88410E-10  1.44205E-11  5.98039E-02 SpitzerIRS 
 1.01769E+01  2.84530E-10  1.42265E-11  5.94484E-02 SpitzerIRS 
 1.02374E+01  2.80723E-10  1.40361E-11  5.90970E-02 SpitzerIRS 
 1.02979E+01  2.76148E-10  1.38074E-11  5.87498E-02 SpitzerIRS 
 1.03584E+01  2.75305E-10  1.37652E-11  5.83102E-02 SpitzerIRS 
 1.04188E+01  2.75723E-10  1.37861E-11  5.80681E-02 SpitzerIRS 
 1.04793E+01  2.70089E-10  1.35044E-11  5.77329E-02 SpitzerIRS 
 1.05398E+01  2.70876E-10  1.35438E-11  5.74015E-02 SpitzerIRS 
 1.06003E+01  2.69741E-10  1.34870E-11  5.70739E-02 SpitzerIRS 
 1.06608E+01  2.66174E-10  1.33087E-11  5.67500E-02 SpitzerIRS 
 1.07213E+01  2.66643E-10  1.33322E-11  5.63365E-02 SpitzerIRS 
 1.07817E+01  2.64902E-10  1.32451E-11  5.61136E-02 SpitzerIRS 
 1.08422E+01  2.61101E-10  1.30551E-11  5.58005E-02 SpitzerIRS 
 1.09027E+01  2.60821E-10  1.30410E-11  5.54908E-02 SpitzerIRS 
 1.09632E+01  2.58878E-10  1.29439E-11  5.51846E-02 SpitzerIRS 
 1.10237E+01  2.56005E-10  1.28003E-11  5.48818E-02 SpitzerIRS 
 1.10842E+01  2.53196E-10  1.26598E-11  5.45822E-02 SpitzerIRS 
 1.11447E+01  2.51722E-10  1.25861E-11  5.41962E-02 SpitzerIRS 
 1.12051E+01  2.49407E-10  1.24704E-11  5.39933E-02 SpitzerIRS 
 1.12656E+01  2.47240E-10  1.23620E-11  5.37033E-02 SpitzerIRS 
 1.13261E+01  2.40004E-10  1.20002E-11  5.34164E-02 SpitzerIRS 
 1.13866E+01  2.37812E-10  1.18906E-11  5.31326E-02 SpitzerIRS 
 1.14471E+01  2.34015E-10  1.17008E-11  5.28518E-02 SpitzerIRS 
 1.15076E+01  2.28424E-10  1.14212E-11  5.24871E-02 SpitzerIRS 
 1.15680E+01  2.24409E-10  1.12204E-11  5.22994E-02 SpitzerIRS 
 1.16285E+01  2.21411E-10  1.10705E-11  5.20273E-02 SpitzerIRS 
 1.16890E+01  2.18190E-10  1.09095E-11  5.17581E-02 SpitzerIRS 
 1.17495E+01  2.14755E-10  1.07377E-11  5.14916E-02 SpitzerIRS 
 1.18100E+01  2.09342E-10  1.04671E-11  5.12278E-02 SpitzerIRS 
 1.18705E+01  2.03954E-10  1.01977E-11  5.08824E-02 SpitzerIRS 
 1.19309E+01  2.00293E-10  1.00146E-11  5.07087E-02 SpitzerIRS 
 1.19914E+01  1.99317E-10  9.96587E-12  5.04528E-02 SpitzerIRS 
 1.20519E+01  1.97693E-10  9.88463E-12  5.01996E-02 SpitzerIRS 
 1.21124E+01  1.93943E-10  9.69714E-12  4.99488E-02 SpitzerIRS 
 1.21729E+01  1.89467E-10  9.47335E-12  4.97006E-02 SpitzerIRS 
 1.22334E+01  1.89128E-10  9.45640E-12  4.93730E-02 SpitzerIRS 
 1.22938E+01  1.88143E-10  9.40714E-12  4.92118E-02 SpitzerIRS 
 1.23543E+01  1.89223E-10  9.46117E-12  4.89708E-02 SpitzerIRS 
 1.24148E+01  1.89912E-10  9.49559E-12  4.87322E-02 SpitzerIRS 
 1.24753E+01  1.89387E-10  9.46937E-12  4.84958E-02 SpitzerIRS 
 1.25358E+01  1.88758E-10  9.43790E-12  4.82618E-02 SpitzerIRS 
 1.25963E+01  1.85681E-10  9.28404E-12  4.79506E-02 SpitzerIRS 
 1.26567E+01  1.83951E-10  9.19757E-12  4.78008E-02 SpitzerIRS 
 1.27172E+01  1.82892E-10  9.14462E-12  4.75734E-02 SpitzerIRS 
 1.27777E+01  1.81862E-10  9.09311E-12  4.73481E-02 SpitzerIRS 
 1.28382E+01  1.79796E-10  8.98978E-12  4.71250E-02 SpitzerIRS 
 1.28987E+01  1.75994E-10  8.79968E-12  4.69040E-02 SpitzerIRS 
 1.29592E+01  1.74136E-10  8.70678E-12  4.66850E-02 SpitzerIRS 
 1.30197E+01  1.73619E-10  8.68094E-12  4.63912E-02 SpitzerIRS 
 1.30801E+01  1.71909E-10  8.59547E-12  4.62535E-02 SpitzerIRS 
 1.31406E+01  1.70137E-10  8.50685E-12  4.60405E-02 SpitzerIRS 
 1.32011E+01  1.70670E-10  8.53349E-12  4.58295E-02 SpitzerIRS 
 1.32616E+01  1.71707E-10  8.58533E-12  4.56204E-02 SpitzerIRS 
 1.33221E+01  1.67981E-10  8.39905E-12  4.54133E-02 SpitzerIRS 
 1.33826E+01  1.67564E-10  8.37822E-12  4.51332E-02 SpitzerIRS 
 1.34430E+01  1.70600E-10  8.53002E-12  4.50048E-02 SpitzerIRS 
 1.35035E+01  1.67465E-10  8.37325E-12  4.48032E-02 SpitzerIRS 
 1.35640E+01  1.68877E-10  8.44387E-12  4.46034E-02 SpitzerIRS 
 1.36245E+01  1.76839E-10  8.84195E-12  4.44053E-02 SpitzerIRS 
 1.36850E+01  1.80767E-10  9.03835E-12  4.42090E-02 SpitzerIRS 
 1.37455E+01  1.74349E-10  8.71744E-12  4.39417E-02 SpitzerIRS 
 1.38059E+01  1.70985E-10  8.54923E-12  4.38218E-02 SpitzerIRS 
 1.38664E+01  1.76973E-10  8.84866E-12  4.36306E-02 SpitzerIRS 
 1.39269E+01  1.78400E-10  8.92000E-12  4.34411E-02 SpitzerIRS 
 1.39874E+01  1.73646E-10  8.68231E-12  3.76768E-02 SpitzerIRS 
 1.40401E+01  1.70663E-10  1.00058E-11  4.62960E-02 SpitzerIRS 
 1.41051E+01  1.57472E-10  7.87361E-12  4.62244E-02 SpitzerIRS 
 1.41703E+01  1.57858E-10  7.89292E-12  4.62940E-02 SpitzerIRS 
 1.42359E+01  1.57066E-10  7.85329E-12  5.39481E-02 SpitzerIRS 
 1.43127E+01  1.57729E-10  7.88645E-12  5.40080E-02 SpitzerIRS 
 1.43900E+01  1.52848E-10  7.64242E-12  5.39958E-02 SpitzerIRS 
 1.44677E+01  1.51971E-10  7.59857E-12  5.39823E-02 SpitzerIRS 
 1.45458E+01  1.54229E-10  7.71143E-12  5.40362E-02 SpitzerIRS 
 1.46244E+01  1.53959E-10  7.69796E-12  5.39509E-02 SpitzerIRS 
 1.47033E+01  1.45687E-10  7.28434E-12  5.40015E-02 SpitzerIRS 
 1.47827E+01  1.47013E-10  7.35067E-12  5.39820E-02 SpitzerIRS 
 1.48625E+01  1.50127E-10  7.50636E-12  5.39613E-02 SpitzerIRS 
 1.49427E+01  1.54754E-10  7.73772E-12  5.40063E-02 SpitzerIRS 
 1.50234E+01  1.44965E-10  7.24827E-12  5.59128E-02 SpitzerIRS 
 1.51074E+01  1.46144E-10  7.30719E-12  4.43491E-02 SpitzerIRS 
 1.51744E+01  1.39032E-10  6.95161E-12  4.62621E-02 SpitzerIRS 
 1.52446E+01  1.37615E-10  6.88076E-12  4.43436E-02 SpitzerIRS 
 1.53122E+01  1.43537E-10  7.17685E-12  5.59031E-02 SpitzerIRS 
 1.53978E+01  1.42836E-10  7.14182E-12  5.40337E-02 SpitzerIRS 
 1.54810E+01  1.39503E-10  6.97515E-12  5.40017E-02 SpitzerIRS 
 1.55646E+01  1.41776E-10  7.08879E-12  5.39686E-02 SpitzerIRS 
 1.56486E+01  1.41227E-10  7.06137E-12  5.39984E-02 SpitzerIRS 
 1.57331E+01  1.41942E-10  7.11510E-12  5.39627E-02 SpitzerIRS 
 1.58180E+01  1.38807E-10  6.94035E-12  5.39891E-02 SpitzerIRS 
 1.59034E+01  1.39242E-10  6.96209E-12  5.40136E-02 SpitzerIRS 
 1.59893E+01  1.46982E-10  7.34908E-12  5.39736E-02 SpitzerIRS 
 1.60756E+01  1.40971E-10  7.04854E-12  5.39949E-02 SpitzerIRS 
 1.61624E+01  1.32996E-10  6.64982E-12  5.40143E-02 SpitzerIRS 
 1.62497E+01  1.46074E-10  8.65079E-12  5.59395E-02 SpitzerIRS 
 1.63406E+01  1.42193E-10  7.10963E-12  4.43068E-02 SpitzerIRS 
 1.64130E+01  1.33152E-10  6.65761E-12  5.39816E-02 SpitzerIRS 
 1.65016E+01  1.33364E-10  6.66819E-12  5.39948E-02 SpitzerIRS 
 1.65907E+01  1.36506E-10  6.82528E-12  5.40062E-02 SpitzerIRS 
 1.66803E+01  1.38731E-10  6.93653E-12  5.39559E-02 SpitzerIRS 
 1.67703E+01  1.33176E-10  6.65878E-12  5.40241E-02 SpitzerIRS 
 1.68609E+01  1.38393E-10  6.91966E-12  5.39710E-02 SpitzerIRS 
 1.69519E+01  1.30999E-10  6.54995E-12  5.39763E-02 SpitzerIRS 
 1.70434E+01  1.29923E-10  6.49614E-12  5.39798E-02 SpitzerIRS 
 1.71354E+01  1.33412E-10  6.67060E-12  5.40402E-02 SpitzerIRS 
 1.72280E+01  1.37392E-10  6.86958E-12  5.39819E-02 SpitzerIRS 
 1.73210E+01  1.36939E-10  7.31438E-12  5.39807E-02 SpitzerIRS 
 1.74145E+01  1.35903E-10  9.39428E-12  5.40354E-02 SpitzerIRS 
 1.75086E+01  1.37426E-10  8.18459E-12  5.39735E-02 SpitzerIRS 
 1.76031E+01  1.34060E-10  8.37909E-12  5.39678E-02 SpitzerIRS 
 1.76981E+01  1.32511E-10  1.01517E-11  5.39606E-02 SpitzerIRS 
 1.77936E+01  1.37247E-10  6.86233E-12  4.43418E-02 SpitzerIRS 
 1.78725E+01  1.27690E-10  6.38450E-12  5.59519E-02 SpitzerIRS 
 1.79725E+01  1.36681E-10  6.83405E-12  5.39713E-02 SpitzerIRS 
 1.80695E+01  1.34869E-10  6.74344E-12  5.40137E-02 SpitzerIRS 
 1.81671E+01  1.34578E-10  6.72891E-12  5.39987E-02 SpitzerIRS 
 1.82652E+01  1.34701E-10  6.73504E-12  5.39824E-02 SpitzerIRS 
 1.83638E+01  1.31555E-10  6.57774E-12  5.39649E-02 SpitzerIRS 
 1.84629E+01  1.40489E-10  7.02445E-12  5.40002E-02 SpitzerIRS 
 1.85626E+01  1.35035E-10  6.75173E-12  5.39795E-02 SpitzerIRS 
 1.86628E+01  1.37963E-10  6.89813E-12  5.40112E-02 SpitzerIRS 
 1.87636E+01  1.34857E-10  6.74284E-12  5.39875E-02 SpitzerIRS 
 1.88649E+01  1.38643E-10  6.93213E-12  5.40157E-02 SpitzerIRS 
 1.89668E+01  1.40087E-10  7.38148E-12  5.39891E-02 SpitzerIRS 
 1.90692E+01  1.36653E-10  7.50377E-12  5.39614E-02 SpitzerIRS 
 1.91721E+01  1.44408E-10  7.99203E-12  5.77402E-02 SpitzerIRS 
 1.92828E+01  1.37973E-10  6.89866E-12  5.23783E-02 SpitzerIRS 
 1.93838E+01  1.39583E-10  6.97917E-12  6.84076E-02 SpitzerIRS 
 1.95164E+01  1.32801E-10  6.64005E-12  5.85149E-02 SpitzerIRS 
 1.96306E+01  1.36621E-10  6.83103E-12  5.84801E-02 SpitzerIRS 
 1.97454E+01  1.32427E-10  6.62134E-12  5.84946E-02 SpitzerIRS 
 1.98609E+01  1.28422E-10  6.42109E-12  5.01488E-02 SpitzerIRS 
 1.99605E+01  1.40058E-10  7.00289E-12  5.00989E-02 SpitzerIRS 
 2.00605E+01  1.41198E-10  7.05989E-12  5.01483E-02 SpitzerIRS 
 2.01611E+01  1.25833E-10  6.29166E-12  5.84790E-02 SpitzerIRS 
 2.02790E+01  1.26342E-10  6.31709E-12  5.85335E-02 SpitzerIRS 
 2.03977E+01  1.29700E-10  6.48499E-12  5.84870E-02 SpitzerIRS 
 2.05170E+01  1.31455E-10  6.57273E-12  5.84881E-02 SpitzerIRS 
 2.06370E+01  1.33651E-10  6.68254E-12  5.85356E-02 SpitzerIRS 
 2.07578E+01  1.27756E-10  6.38780E-12  6.05556E-02 SpitzerIRS 
 2.08835E+01  1.24419E-10  6.22094E-12  4.80283E-02 SpitzerIRS 
 2.09838E+01  1.25761E-10  6.28807E-12  5.01339E-02 SpitzerIRS 
 2.10890E+01  1.22864E-10  6.14319E-12  4.73707E-02 SpitzerIRS 
 2.11889E+01  1.28489E-10  6.42444E-12  6.13057E-02 SpitzerIRS 
 2.13188E+01  1.26048E-10  6.30239E-12  5.84930E-02 SpitzerIRS 
 2.14435E+01  1.23808E-10  6.19039E-12  5.84793E-02 SpitzerIRS 
 2.15689E+01  1.24015E-10  6.20075E-12  5.85102E-02 SpitzerIRS 
 2.16951E+01  1.18787E-10  5.93937E-12  5.84925E-02 SpitzerIRS 
 2.18220E+01  1.20788E-10  6.03940E-12  5.85189E-02 SpitzerIRS 
 2.19497E+01  1.16456E-10  5.82281E-12  5.84974E-02 SpitzerIRS 
 2.20781E+01  1.14581E-10  5.72907E-12  6.13277E-02 SpitzerIRS 
 2.22135E+01  1.14659E-10  5.73295E-12  4.73136E-02 SpitzerIRS 
 2.23186E+01  1.13552E-10  5.67761E-12  5.01376E-02 SpitzerIRS 
 2.24305E+01  1.14297E-10  5.71484E-12  5.01103E-02 SpitzerIRS 
 2.25429E+01  1.11740E-10  5.58701E-12  5.01266E-02 SpitzerIRS 
 2.26559E+01  1.16392E-10  5.81962E-12  5.84837E-02 SpitzerIRS 
 2.27884E+01  1.15158E-10  5.75789E-12  5.85386E-02 SpitzerIRS 
 2.29218E+01  1.15857E-10  5.79285E-12  5.85033E-02 SpitzerIRS 
 2.30559E+01  1.13491E-10  5.67457E-12  5.85100E-02 SpitzerIRS 
 2.31908E+01  1.12358E-10  5.61791E-12  5.84715E-02 SpitzerIRS 
 2.33264E+01  1.09892E-10  5.49458E-12  5.85174E-02 SpitzerIRS 
 2.34629E+01  1.04259E-10  5.21295E-12  6.00096E-02 SpitzerIRS 
 2.36037E+01  1.10741E-10  5.53704E-12  4.86364E-02 SpitzerIRS 
 2.37185E+01  1.05788E-10  5.28942E-12  4.76000E-02 SpitzerIRS 
 2.38314E+01  1.09959E-10  5.49797E-12  6.10119E-02 SpitzerIRS 
 2.39768E+01  1.09530E-10  5.47651E-12  5.85149E-02 SpitzerIRS 
 2.41171E+01  1.09376E-10  5.46882E-12  5.85062E-02 SpitzerIRS 
 2.42582E+01  1.04075E-10  5.20375E-12  5.84957E-02 SpitzerIRS 
 2.44001E+01  1.04483E-10  5.22417E-12  5.84834E-02 SpitzerIRS 
 2.45428E+01  1.04846E-10  5.24229E-12  5.85100E-02 SpitzerIRS 
 2.46864E+01  1.02204E-10  5.11021E-12  5.84937E-02 SpitzerIRS 
 2.48308E+01  9.51916E-11  4.75958E-12  5.85160E-02 SpitzerIRS 
 2.49761E+01  9.70084E-11  4.85042E-12  5.65741E-02 SpitzerIRS 
 2.51174E+01  1.02668E-10  5.13340E-12  4.92885E-02 SpitzerIRS 
 2.52412E+01  9.88852E-11  4.94426E-12  6.12887E-02 SpitzerIRS 
 2.53959E+01  9.73066E-11  4.86533E-12  5.84740E-02 SpitzerIRS 
 2.55444E+01  9.69381E-11  4.84691E-12  5.85255E-02 SpitzerIRS 
 2.56939E+01  9.66179E-11  4.83090E-12  5.84964E-02 SpitzerIRS 
 2.58442E+01  9.35400E-11  4.67700E-12  5.85044E-02 SpitzerIRS 
 2.59954E+01  9.57868E-11  4.78934E-12  5.85104E-02 SpitzerIRS 
 2.61475E+01  9.24756E-11  4.62378E-12  5.85142E-02 SpitzerIRS 
 2.63005E+01  8.81829E-11  4.40915E-12  5.85160E-02 SpitzerIRS 
 2.64544E+01  8.78965E-11  4.39483E-12  5.84780E-02 SpitzerIRS 
 2.66091E+01  8.95746E-11  4.47873E-12  5.85138E-02 SpitzerIRS 
 2.67648E+01  8.87276E-11  4.43638E-12  5.01031E-02 SpitzerIRS 
 2.68989E+01  8.68888E-11  4.34444E-12  5.01507E-02 SpitzerIRS 
 2.70338E+01  8.76207E-11  4.38103E-12  4.73111E-02 SpitzerIRS 
 2.71617E+01  8.79123E-11  4.39561E-12  6.12996E-02 SpitzerIRS 
 2.73282E+01  9.03517E-11  4.51759E-12  5.85110E-02 SpitzerIRS 
 2.74881E+01  9.37895E-11  4.68948E-12  5.84980E-02 SpitzerIRS 
 2.76489E+01  9.25187E-11  4.62593E-12  5.85195E-02 SpitzerIRS 
 2.78107E+01  8.65851E-11  4.32926E-12  5.85027E-02 SpitzerIRS 
 2.79734E+01  8.55553E-11  4.27777E-12  5.84841E-02 SpitzerIRS 
 2.81370E+01  8.44921E-11  4.22460E-12  5.85350E-02 SpitzerIRS 
 2.83017E+01  8.37112E-11  4.18556E-12  5.84771E-02 SpitzerIRS 
 2.84672E+01  8.02695E-11  4.01348E-12  5.85235E-02 SpitzerIRS 
 2.86338E+01  7.69934E-11  3.84967E-12  5.84973E-02 SpitzerIRS 
 2.88013E+01  7.38174E-11  3.69087E-12  5.65599E-02 SpitzerIRS 
 2.89642E+01  8.22074E-11  4.11037E-12  5.20643E-02 SpitzerIRS 
 2.91150E+01  7.90900E-11  3.95450E-12  4.80508E-02 SpitzerIRS 
 2.92549E+01  8.10421E-11  4.05211E-12  6.05710E-02 SpitzerIRS 
 2.94321E+01  8.56848E-11  4.28424E-12  5.85075E-02 SpitzerIRS 
 2.96043E+01  8.16046E-11  4.08023E-12  5.85050E-02 SpitzerIRS 
 2.97775E+01  7.60115E-11  3.80058E-12  5.85005E-02 SpitzerIRS 
 2.99517E+01  7.36066E-11  3.68033E-12  5.84942E-02 SpitzerIRS 
 3.01269E+01  7.09297E-11  3.54648E-12  5.85191E-02 SpitzerIRS 
 3.03032E+01  7.63064E-11  3.81532E-12  5.85087E-02 SpitzerIRS 
 3.04805E+01  7.31539E-11  3.65769E-12  5.84964E-02 SpitzerIRS 
 3.06588E+01  6.94752E-11  3.47376E-12  5.85150E-02 SpitzerIRS 
 3.08382E+01  6.87910E-11  3.43955E-12  5.84989E-02 SpitzerIRS 
 3.10186E+01  6.47163E-11  3.23582E-12  5.85133E-02 SpitzerIRS 
 3.12001E+01  7.08661E-11  3.54330E-12  4.85896E-02 SpitzerIRS 
 3.13517E+01  6.86645E-11  3.43323E-12  6.00286E-02 SpitzerIRS 
 3.15399E+01  7.60224E-11  3.80112E-12  5.84973E-02 SpitzerIRS 
 3.17244E+01  7.17427E-11  3.58714E-12  5.85039E-02 SpitzerIRS 
 3.19100E+01  6.87390E-11  3.43695E-12  5.85083E-02 SpitzerIRS 
 3.20967E+01  6.56753E-11  3.28377E-12  5.85107E-02 SpitzerIRS 
 3.22845E+01  6.86956E-11  3.43478E-12  5.85111E-02 SpitzerIRS 
 3.24734E+01  6.64866E-11  3.32433E-12  5.84786E-02 SpitzerIRS 
 3.26633E+01  6.35797E-11  3.17898E-12  5.85060E-02 SpitzerIRS 
 3.28544E+01  6.34143E-11  3.17071E-12  5.85310E-02 SpitzerIRS 
 3.30467E+01  6.63428E-11  3.31714E-12  5.84930E-02 SpitzerIRS 
 3.32400E+01  5.91567E-11  2.95784E-12  5.85138E-02 SpitzerIRS 
 3.34345E+01  5.45875E-11  3.19299E-12  5.85024E-02 SpitzerIRS 
 3.36301E+01  5.78563E-11  2.89281E-12  5.84893E-02 SpitzerIRS 
 3.38268E+01  6.56380E-11  3.28190E-12  4.73293E-02 SpitzerIRS 
 3.39869E+01  7.19788E-11  3.59894E-12  6.13177E-02 SpitzerIRS 
 3.41953E+01  1.01787E-10  9.70777E-12  5.84876E-02 SpitzerIRS 
 3.43953E+01  8.02246E-11  4.01123E-12  5.84964E-02 SpitzerIRS 
 3.45965E+01  7.79843E-11  3.89921E-12  5.85030E-02 SpitzerIRS 
 3.47989E+01  6.95747E-11  3.47874E-12  5.85076E-02 SpitzerIRS 
 3.50025E+01  7.73880E-11  3.86940E-12  5.85101E-02 SpitzerIRS 
 3.52073E+01  6.64388E-11  3.32194E-12  5.85106E-02 SpitzerIRS 
 3.54133E+01  6.02848E-11  3.01424E-12  5.85091E-02 SpitzerIRS 
 3.56205E+01  5.42514E-11  2.71257E-12  5.85056E-02 SpitzerIRS 
 3.58289E+01  5.71774E-11  2.85887E-12  3.75395E-02 SpitzerIRS 
 3.59634E+01  4.18661E-11  2.09331E-12  3.73991E-02 SpitzerIRS 
 9.14992E-02  9.02841E-13  2.19152E-13  1.09739E-01 <UV> 
 9.25033E-02  1.12874E-12  3.42070E-13  4.99982E-02 <UV> 
 9.29658E-02  1.74765E-12  3.42462E-13  7.01333E-02 <UV> 
 9.36178E-02  1.99826E-12  2.52720E-13  9.77592E-02 <UV> 
 9.45330E-02  2.27451E-12  2.76907E-13  1.08618E-01 <UV> 
 9.55598E-02  8.79641E-13  2.85831E-13  7.41944E-02 <UV> 
 9.62688E-02  1.62682E-12  4.30237E-13  6.38005E-02 <UV> 
 9.68830E-02  7.93808E-12  3.96904E-13  8.64032E-02 <UV> 
 9.77201E-02  7.74120E-12  5.59915E-13  4.99999E-02 <UV> 
 9.82087E-02  4.86217E-12  6.71044E-13  4.99956E-02 <UV> 
 9.86997E-02  2.99282E-11  1.49641E-12  5.00002E-02 <UV> 
 9.91932E-02  1.92678E-11  9.63389E-13  8.73245E-02 <UV> 
 1.00059E-01  1.09990E-12  3.03634E-13  9.40941E-02 <UV> 
 1.01001E-01  5.23610E-13  1.56325E-13  6.90192E-02 <UV> 
 1.01698E-01  8.97772E-13  1.80015E-13  5.00010E-02 <UV> 
 1.02207E-01  6.40386E-13  1.55590E-13  4.99968E-02 <UV> 
 1.02718E-01  2.11979E-10  1.05990E-11  5.00012E-02 <UV> 
 1.03231E-01  3.62993E-12  1.90029E-13  5.00043E-02 <UV> 
 1.03747E-01  5.05089E-12  2.52544E-13  4.99965E-02 <UV> 
 1.04266E-01  5.02501E-12  2.51250E-13  4.99971E-02 <UV> 
 1.04787E-01  7.39225E-13  1.74039E-13  5.00061E-02 <UV> 
 1.05311E-01  1.14166E-12  1.90401E-13  4.99946E-02 <UV> 
 1.05838E-01  8.69337E-13  1.77211E-13  5.00010E-02 <UV> 
 1.06367E-01  7.05653E-13  1.76513E-13  4.99967E-02 <UV> 
 1.06899E-01  8.09877E-13  1.84946E-13  5.00006E-02 <UV> 
 1.07433E-01  2.56839E-12  2.32825E-13  6.59758E-02 <UV> 
 1.08142E-01  1.60120E-12  3.80695E-13  2.01642E-01 <UV> 
 1.10323E-01  4.01891E-13  1.06747E-13  1.58490E-01 <UV> 
 1.12071E-01  2.87880E-13  7.69220E-14  1.26785E-01 <UV> 
 1.13492E-01  2.02426E-12  1.01811E-13  5.00035E-02 <UV> 
 1.14060E-01  8.85621E-13  7.01123E-14  5.00002E-02 <UV> 
 1.14630E-01  7.96029E-13  4.24969E-14  4.99957E-02 <UV> 
 1.15203E-01  6.96498E-13  3.74020E-14  4.99987E-02 <UV> 
 1.15779E-01  8.85714E-13  4.42857E-14  5.00004E-02 <UV> 
 1.16358E-01  1.36546E-12  6.82730E-14  5.00009E-02 <UV> 
 1.16940E-01  1.61065E-12  8.05323E-14  5.00001E-02 <UV> 
 1.17524E-01  8.00771E-12  4.00386E-13  5.00066E-02 <UV> 
 1.18112E-01  1.59460E-12  7.97298E-14  4.99949E-02 <UV> 
 1.18703E-01  1.64010E-12  8.20051E-14  4.99989E-02 <UV> 
 1.19296E-01  1.09649E-12  5.48243E-14  5.00016E-02 <UV> 
 1.19893E-01  1.54398E-12  7.71988E-14  5.00031E-02 <UV> 
 1.20492E-01  2.76881E-12  1.38441E-13  4.99950E-02 <UV> 
 1.21094E-01  1.30430E-12  6.52148E-14  5.00023E-02 <UV> 
 1.21700E-01  1.14672E-10  5.73361E-12  5.00000E-02 <UV> 
 1.22309E-01  8.78517E-12  4.39259E-13  4.99965E-02 <UV> 
 1.22920E-01  2.02819E-12  1.01410E-13  5.00000E-02 <UV> 
 1.23535E-01  2.25813E-12  1.12906E-13  5.00022E-02 <UV> 
 1.24152E-01  3.01920E-12  1.50960E-13  5.00031E-02 <UV> 
 1.24773E-01  1.87680E-12  9.38400E-14  4.99948E-02 <UV> 
 1.25397E-01  2.36557E-12  1.18279E-13  5.00012E-02 <UV> 
 1.26024E-01  2.88236E-12  1.44118E-13  5.00064E-02 <UV> 
 1.26654E-01  2.43267E-12  1.21634E-13  4.99944E-02 <UV> 
 1.27287E-01  7.14609E-12  3.57304E-13  5.00050E-02 <UV> 
 1.27924E-01  3.95712E-12  1.97856E-13  4.99985E-02 <UV> 
 1.28563E-01  4.60640E-12  2.30320E-13  4.99987E-02 <UV> 
 1.29206E-01  3.14693E-12  1.57347E-13  4.99976E-02 <UV> 
 1.29852E-01  4.19180E-12  2.09590E-13  5.00030E-02 <UV> 
 1.30502E-01  1.56050E-11  7.80249E-13  4.99994E-02 <UV> 
 1.31154E-01  3.26231E-12  1.63116E-13  5.00023E-02 <UV> 
 1.31810E-01  3.78092E-12  1.89046E-13  4.99963E-02 <UV> 
 1.32469E-01  3.19970E-12  1.59985E-13  5.00042E-02 <UV> 
 1.33131E-01  8.14710E-12  4.07355E-13  4.99958E-02 <UV> 
 1.33797E-01  1.26574E-11  6.32871E-13  5.00012E-02 <UV> 
 1.34466E-01  7.98369E-12  3.99185E-13  4.99978E-02 <UV> 
 1.35138E-01  3.61873E-12  1.80936E-13  5.00007E-02 <UV> 
 1.35814E-01  7.23401E-12  3.61701E-13  5.00023E-02 <UV> 
 1.36493E-01  3.61592E-12  1.80796E-13  5.00026E-02 <UV> 
 1.37175E-01  3.37538E-12  1.68769E-13  4.99944E-02 <UV> 
 1.37861E-01  4.06092E-12  2.03046E-13  4.99996E-02 <UV> 
 1.38551E-01  3.65239E-12  1.82619E-13  5.00034E-02 <UV> 
 1.39243E-01  1.21359E-11  6.06794E-13  4.99988E-02 <UV> 
 1.39939E-01  1.36605E-11  6.83023E-13  5.00002E-02 <UV> 
 1.40639E-01  6.20707E-12  3.10353E-13  5.00003E-02 <UV> 
 1.41342E-01  4.16101E-12  2.08050E-13  4.99992E-02 <UV> 
 1.42049E-01  4.27250E-12  2.13625E-13  5.00038E-02 <UV> 
 1.42759E-01  4.99023E-12  2.49511E-13  5.00002E-02 <UV> 
 1.43473E-01  7.34920E-12  3.67460E-13  4.99954E-02 <UV> 
 1.44190E-01  5.44051E-12  2.72025E-13  5.00033E-02 <UV> 
 1.44911E-01  6.58668E-12  3.29334E-13  4.99960E-02 <UV> 
 1.45636E-01  1.09123E-11  5.45614E-13  5.00014E-02 <UV> 
 1.46364E-01  1.16700E-11  5.83498E-13  4.99986E-02 <UV> 
 1.47096E-01  7.24189E-12  3.62094E-13  5.00014E-02 <UV> 
 1.47832E-01  6.01590E-12  3.00795E-13  5.00029E-02 <UV> 
 1.48571E-01  6.75749E-12  3.37874E-13  4.99964E-02 <UV> 
 1.49314E-01  5.79923E-12  2.89962E-13  5.00022E-02 <UV> 
 1.50060E-01  6.76813E-12  3.38407E-13  5.00000E-02 <UV> 
 1.50810E-01  9.72809E-12  4.86404E-13  4.99966E-02 <UV> 
 1.51564E-01  8.38610E-12  4.19305E-13  5.00051E-02 <UV> 
 1.52322E-01  1.02669E-11  5.13345E-13  4.99992E-02 <UV> 
 1.53084E-01  7.48268E-12  3.74134E-13  4.99987E-02 <UV> 
 1.53849E-01  8.24791E-12  4.12395E-13  4.99970E-02 <UV> 
 1.54618E-01  3.61875E-11  1.80938E-12  5.00005E-02 <UV> 
 1.55392E-01  2.41474E-11  1.20737E-12  5.00027E-02 <UV> 
 1.56169E-01  8.73943E-12  4.36971E-13  4.99972E-02 <UV> 
 1.56949E-01  8.15588E-12  4.07794E-13  5.00034E-02 <UV> 
 1.57734E-01  9.82768E-12  4.91384E-13  4.99955E-02 <UV> 
 1.58523E-01  1.32114E-11  6.60568E-13  5.00054E-02 <UV> 
 1.59315E-01  1.23687E-11  6.18433E-13  4.99951E-02 <UV> 
 1.60112E-01  1.79181E-11  8.95907E-13  5.00025E-02 <UV> 
 1.60913E-01  1.09561E-11  5.47803E-13  5.00023E-02 <UV> 
 1.61717E-01  1.25838E-11  6.29188E-13  4.99947E-02 <UV> 
 1.62526E-01  8.40804E-12  4.20402E-13  5.00044E-02 <UV> 
 1.63338E-01  1.15195E-11  5.75977E-13  5.00005E-02 <UV> 
 1.64155E-01  2.52029E-11  1.26014E-12  4.99954E-02 <UV> 
 1.64976E-01  9.38074E-12  4.69037E-13  5.00013E-02 <UV> 
 1.65801E-01  1.66417E-11  8.32087E-13  4.99998E-02 <UV> 
 1.66630E-01  1.03706E-11  5.18529E-13  5.00031E-02 <UV> 
 1.67463E-01  7.46119E-12  3.73060E-13  4.99991E-02 <UV> 
 1.68300E-01  7.82971E-12  3.91486E-13  4.99999E-02 <UV> 
 1.69142E-01  7.27167E-12  3.63584E-13  4.99995E-02 <UV> 
 1.69987E-01  7.67910E-12  3.83955E-13  4.99978E-02 <UV> 
 1.70837E-01  8.91620E-12  4.45810E-13  5.00008E-02 <UV> 
 1.71691E-01  1.05509E-11  5.27543E-13  5.00025E-02 <UV> 
 1.72550E-01  9.59098E-12  4.79549E-13  4.99971E-02 <UV> 
 1.73413E-01  1.06659E-11  5.33293E-13  5.00021E-02 <UV> 
 1.74280E-01  1.11712E-11  5.58559E-13  5.00001E-02 <UV> 
 1.75151E-01  1.13478E-11  5.67389E-13  5.00025E-02 <UV> 
 1.76027E-01  1.21970E-11  6.09850E-13  4.99980E-02 <UV> 
 1.76907E-01  1.10657E-11  5.53287E-13  4.99980E-02 <UV> 
 1.77792E-01  1.25013E-11  6.25064E-13  5.00024E-02 <UV> 
 1.78681E-01  1.14105E-11  5.70524E-13  4.99998E-02 <UV> 
 1.79574E-01  1.13116E-11  5.65579E-13  5.00017E-02 <UV> 
 1.80472E-01  4.93982E-12  2.46991E-13  4.99967E-02 <UV> 
 1.81374E-01  7.06387E-12  3.53194E-13  5.00016E-02 <UV> 
 1.82281E-01  7.29868E-12  3.64934E-13  4.99997E-02 <UV> 
 1.83193E-01  5.69818E-12  2.84909E-13  5.00020E-02 <UV> 
 1.84109E-01  5.39219E-12  2.69609E-13  4.99977E-02 <UV> 
 1.85029E-01  4.16160E-12  2.08080E-13  4.99976E-02 <UV> 
 1.85954E-01  4.03288E-12  2.10113E-13  5.00016E-02 <UV> 
 1.86884E-01  4.91826E-12  2.45913E-13  4.99990E-02 <UV> 
 1.87818E-01  4.98070E-12  2.49035E-13  5.00005E-02 <UV> 
 1.88757E-01  5.60175E-12  2.80088E-13  5.00007E-02 <UV> 
 1.89701E-01  5.81043E-12  2.90522E-13  4.99997E-02 <UV> 
 1.90650E-01  9.17837E-12  4.58919E-13  5.00027E-02 <UV> 
 1.91603E-01  5.32674E-12  2.73795E-13  9.61519E-02 <UV> 
 1.93445E-01  4.70660E-12  2.35330E-13  5.40773E-02 <UV> 
 1.94491E-01  4.18617E-12  2.09309E-13  5.00022E-02 <UV> 
 1.95464E-01  3.51217E-12  1.79224E-13  4.99990E-02 <UV> 
 1.96441E-01  3.77941E-12  1.88971E-13  4.99997E-02 <UV> 
 1.97423E-01  3.08902E-12  1.83982E-13  7.44390E-02 <UV> 
 1.98893E-01  6.94493E-12  1.65507E-12  7.57493E-02 <UV> 
 2.00400E-01  1.08367E-11  2.02772E-12  5.00001E-02 <UV> 
 2.01402E-01  8.70861E-12  1.79374E-12  4.99996E-02 <UV> 
 2.02409E-01  8.37000E-12  1.81681E-12  4.99979E-02 <UV> 
 2.03421E-01  6.70647E-12  1.73555E-12  4.99999E-02 <UV> 
 2.04438E-01  7.33257E-12  1.82416E-12  7.57003E-02 <UV> 
 2.05985E-01  5.36699E-12  1.27386E-12  7.44859E-02 <UV> 
 2.07520E-01  5.14074E-12  1.56843E-12  5.00001E-02 <UV> 
 2.08557E-01  5.06114E-12  1.65587E-12  5.00007E-02 <UV> 
 2.09600E-01  7.38391E-12  1.64160E-12  5.00000E-02 <UV> 
 2.10648E-01  7.55422E-12  1.58817E-12  1.31646E-01 <UV> 
 2.13421E-01  8.88694E-12  6.60280E-13  6.89529E-02 <UV> 
 2.14893E-01  1.00769E-11  6.18315E-13  5.00017E-02 <UV> 
 2.15967E-01  1.11130E-11  7.55723E-13  4.99983E-02 <UV> 
 2.17047E-01  1.28154E-11  6.40768E-13  4.99984E-02 <UV> 
 2.18132E-01  9.50965E-12  7.90557E-13  5.00018E-02 <UV> 
 2.19223E-01  8.83383E-12  1.03902E-12  4.99993E-02 <UV> 
 2.20319E-01  1.28196E-11  6.75408E-13  5.00002E-02 <UV> 
 2.21421E-01  1.21462E-11  1.00519E-12  4.99999E-02 <UV> 
 2.22528E-01  1.36485E-11  6.82426E-13  4.99983E-02 <UV> 
 2.23640E-01  1.12774E-11  9.39142E-13  4.99999E-02 <UV> 
 2.24759E-01  1.47142E-11  7.35710E-13  5.00003E-02 <UV> 
 2.25882E-01  1.35110E-11  8.43754E-13  4.99995E-02 <UV> 
 2.27012E-01  1.55786E-11  7.78932E-13  5.00018E-02 <UV> 
 2.28147E-01  1.65256E-11  8.26278E-13  4.99985E-02 <UV> 
 2.29288E-01  1.50058E-11  7.50291E-13  5.00027E-02 <UV> 
 2.30434E-01  1.56685E-11  7.83427E-13  4.99970E-02 <UV> 
 2.31586E-01  1.61978E-11  8.09891E-13  5.00030E-02 <UV> 
 2.32744E-01  6.39641E-11  3.19821E-12  4.99991E-02 <UV> 
 2.33908E-01  2.23331E-11  1.11665E-12  4.99983E-02 <UV> 
 2.35077E-01  1.99530E-11  9.97652E-13  5.00006E-02 <UV> 
 2.36253E-01  1.88126E-11  9.40628E-13  5.00015E-02 <UV> 
 2.37434E-01  2.22606E-11  1.11303E-12  4.99971E-02 <UV> 
 2.38621E-01  2.11515E-11  1.05757E-12  5.00040E-02 <UV> 
 2.39814E-01  1.83914E-11  9.19570E-13  4.99970E-02 <UV> 
 2.41013E-01  2.12355E-11  1.06178E-12  5.00014E-02 <UV> 
 2.42218E-01  1.75082E-11  8.75412E-13  5.00003E-02 <UV> 
 2.43430E-01  2.34335E-11  1.17168E-12  4.99980E-02 <UV> 
 2.44647E-01  1.99221E-11  9.96107E-13  5.00027E-02 <UV> 
 2.45870E-01  2.32849E-11  1.16424E-12  4.99980E-02 <UV> 
 2.47099E-01  2.46419E-11  1.23210E-12  5.00002E-02 <UV> 
 2.48335E-01  2.51394E-11  1.25697E-12  5.00011E-02 <UV> 
 2.49576E-01  2.27103E-11  1.13551E-12  5.00007E-02 <UV> 
 2.50824E-01  2.15269E-11  1.07635E-12  4.99991E-02 <UV> 
 2.52078E-01  2.49728E-11  1.24864E-12  5.00003E-02 <UV> 
 2.53339E-01  2.16291E-11  1.08146E-12  5.00002E-02 <UV> 
 2.54605E-01  2.11183E-11  1.05592E-12  4.99989E-02 <UV> 
 2.55879E-01  2.20251E-11  1.10125E-12  5.00003E-02 <UV> 
 2.57158E-01  2.06948E-11  1.03474E-12  5.00004E-02 <UV> 
 2.58444E-01  2.73653E-11  1.36827E-12  4.99993E-02 <UV> 
 2.59736E-01  2.61692E-11  1.30846E-12  5.00008E-02 <UV> 
 2.61035E-01  2.84233E-11  1.42116E-12  5.00010E-02 <UV> 
 2.62340E-01  3.54552E-11  1.77276E-12  5.00000E-02 <UV> 
 2.63651E-01  2.65062E-11  1.32531E-12  4.99978E-02 <UV> 
 2.64970E-01  2.58665E-11  1.29333E-12  5.00019E-02 <UV> 
 2.66295E-01  2.28965E-11  1.14483E-12  4.99973E-02 <UV> 
 2.67626E-01  2.28147E-11  1.14073E-12  5.00026E-02 <UV> 
 2.68964E-01  2.51688E-11  1.25844E-12  4.99992E-02 <UV> 
 2.70309E-01  2.34029E-11  1.17014E-12  4.99983E-02 <UV> 
 2.71661E-01  2.95230E-11  1.47615E-12  4.99999E-02 <UV> 
 2.73019E-01  2.98683E-11  1.49341E-12  5.00002E-02 <UV> 
 2.74384E-01  3.05076E-11  1.52538E-12  4.99993E-02 <UV> 
 2.75756E-01  3.12983E-11  1.56491E-12  5.00008E-02 <UV> 
 2.77135E-01  2.56411E-11  1.28206E-12  5.00010E-02 <UV> 
 2.78520E-01  3.56191E-11  1.78096E-12  4.99999E-02 <UV> 
 2.79913E-01  1.44835E-10  7.24177E-12  5.00013E-02 <UV> 
 2.81313E-01  3.26027E-11  1.63014E-12  4.99978E-02 <UV> 
 2.82719E-01  2.99849E-11  1.49924E-12  5.00002E-02 <UV> 
 2.84133E-01  3.49398E-11  1.74699E-12  5.00013E-02 <UV> 
 2.85553E-01  3.53221E-11  1.76610E-12  4.99977E-02 <UV> 
 2.86981E-01  3.18233E-11  1.59117E-12  5.00033E-02 <UV> 
 2.88416E-01  3.25353E-11  1.62677E-12  4.99972E-02 <UV> 
 2.89858E-01  2.93762E-11  1.46881E-12  5.00003E-02 <UV> 
 2.91307E-01  3.09237E-11  1.54619E-12  5.00022E-02 <UV> 
 2.92764E-01  3.37162E-11  1.68581E-12  4.99993E-02 <UV> 
 2.94228E-01  2.99692E-11  1.49846E-12  4.99987E-02 <UV> 
 2.95699E-01  3.09091E-11  1.54545E-12  5.00002E-02 <UV> 
 2.97177E-01  3.40217E-11  1.70109E-12  5.00005E-02 <UV> 
 2.98663E-01  3.42334E-11  1.71167E-12  4.99995E-02 <UV> 
 3.00156E-01  3.58039E-11  1.79019E-12  5.00006E-02 <UV> 
 3.01657E-01  3.81295E-11  1.90647E-12  5.00004E-02 <UV> 
 3.03166E-01  3.72457E-11  1.86229E-12  4.99991E-02 <UV> 
 3.04681E-01  3.86729E-11  1.93365E-12  4.99998E-02 <UV> 
 3.06205E-01  4.75686E-11  2.37843E-12  4.99992E-02 <UV> 
 3.07736E-01  4.69254E-11  2.34627E-12  5.00007E-02 <UV> 
 3.09275E-01  4.90621E-11  2.45310E-12  5.00009E-02 <UV> 
 3.10821E-01  5.42252E-11  2.71126E-12  4.99999E-02 <UV> 
 3.12375E-01  5.59564E-11  2.79782E-12  5.00008E-02 <UV> 
 3.13937E-01  5.58770E-11  2.79385E-12  5.00005E-02 <UV> 
 3.15507E-01  5.93563E-11  2.96781E-12  4.97517E-02 <UV> 
