 1.56500E-01  1.84820E-08  9.24098E-10  1.00000E+00 TD1.1565 
 1.96500E-01  4.40352E-08  2.20176E-09  1.00000E+00 TD1.1965 
 2.36500E-01  4.05360E-08  2.02680E-09  1.00000E+00 TD1.2365 
 2.74000E-01  4.06066E-08  2.03033E-09  1.00000E+00 TD1.2740 
 3.41800E-01  6.22398E-08  3.11199E-09  1.00000E+00 GENEVA.U 
 3.63700E-01  7.67129E-08  3.83565E-09  1.00000E+00 JOHNSON.U 
 3.99500E-01  1.45251E-07  7.26256E-09  1.00000E+00 GENEVA.B1 
 4.19200E-01  1.52213E-07  7.61067E-09  1.00000E+00 GENEVA.B 
 4.19600E-01  1.55455E-07  7.77274E-09  1.00000E+00 TYCHO2.BT 
 4.19600E-01  1.54026E-07  7.70129E-09  1.00000E+00 TYCHO2.BT 
 4.43400E-01  1.48666E-07  7.43328E-09  1.00000E+00 JOHNSON.B 
 4.43400E-01  1.47983E-07  7.39914E-09  1.00000E+00 JOHNSON.B 
 4.47500E-01  1.62565E-07  8.12823E-09  1.00000E+00 GENEVA.B2 
 5.18900E-01  1.18877E-07  5.94385E-09  1.00000E+00 HIPPARCOS.HP 
 5.30700E-01  1.21386E-07  6.06929E-09  1.00000E+00 TYCHO2.VT 
 5.30700E-01  1.20160E-07  6.00799E-09  1.00000E+00 TYCHO2.VT 
 5.39200E-01  1.24560E-07  6.22798E-09  1.00000E+00 GENEVA.V1 
 5.47500E-01  1.20311E-07  6.01556E-09  1.00000E+00 GENEVA.V 
 5.49300E-01  1.14830E-07  5.74152E-09  1.00000E+00 JOHNSON.V 
 5.49300E-01  1.14094E-07  5.70468E-09  1.00000E+00 JOHNSON.V 
 5.76200E-01  1.12055E-07  5.60277E-09  1.00000E+00 GENEVA.G 
 1.23930E+00  2.41440E-08  1.20720E-09  1.00000E+00 2MASS.J 
 1.24310E+00  2.51366E-08  1.25683E-09  1.00000E+00 JOHNSON.J 
 1.64420E+00  1.18245E-08  5.91225E-10  1.00000E+00 JOHNSON.H 
 1.64950E+00  1.16111E-08  5.80556E-10  1.00000E+00 2MASS.H 
 2.16390E+00  6.07205E-09  3.03602E-10  1.00000E+00 2MASS.KS 
 2.18790E+00  6.07779E-09  3.03889E-10  1.00000E+00 JOHNSON.K 
 3.36820E+00  1.80337E-09  9.96608E-11  1.00000E+00 WISE.W1 
 4.61790E+00  8.51486E-10  4.25743E-11  1.00000E+00 WISE.W2 
 9.09950E+00  1.20615E-10  6.03077E-12  1.00000E+00 AKARI.S9W 
 1.14099E+01  8.69695E-11  6.95756E-12  1.00000E+00 IRAS.F12 
 1.20730E+01  5.75622E-11  2.87811E-12  1.00000E+00 WISE.W3 
 1.95050E+01  3.05403E-11  2.16717E-12  1.00000E+00 AKARI.L18W 
 2.21943E+01  3.61545E-11  1.80773E-12  1.00000E+00 WISE.W4 
 6.04093E+01  9.92537E-11  9.92537E-12  1.00000E+00 IRAS.F60 
 7.00000E+01  9.26359E-11  6.46695E-12  1.00000E+00 PACS.B 
 7.14200E+01  7.34160E-11  5.16305E-12  1.00000E+00 MIPS.70 
 8.78971E+01  6.05744E-11  4.33162E-12  1.00000E+00 AKARI.WIDES 
 1.00000E+02  5.75302E-11  2.87651E-12  1.00000E+00 PACS.G 
 1.01119E+02  5.66267E-11  5.66267E-12  1.00000E+00 IRAS.F100 
 1.60000E+02  1.99737E-11  1.40528E-12  1.00000E+00 PACS.R 
 2.50000E+02  4.35299E-12  2.39834E-13  1.00000E+00 SPIRE.250 
 3.50000E+02  1.42187E-12  9.42205E-14  1.00000E+00 SPIRE.350 
 4.50000E+02  8.32757E-13  1.19917E-13  1.00000E+00 SCUBA.450WB 
 5.00000E+02  4.55685E-13  4.79668E-14  1.00000E+00 SPIRE.500 
 8.50000E+02  4.65560E-14  4.93776E-15  1.00000E+00 SCUBA.850WB 
 1.20000E+03  3.17280E-14  6.99516E-15  1.00000E+00 generic 
 1.30000E+03  3.20547E-14  5.71912E-15  1.00000E+00 generic 
 5.15676E+00  5.60464E-10  2.80232E-11  5.86407E-02 SpitzerIRS 
 5.18700E+00  5.31726E-10  2.65863E-11  5.83187E-02 SpitzerIRS 
 5.21725E+00  5.21577E-10  2.60788E-11  5.79618E-02 SpitzerIRS 
 5.24749E+00  4.93582E-10  2.46791E-11  5.76279E-02 SpitzerIRS 
 5.27773E+00  4.83923E-10  2.41961E-11  5.72972E-02 SpitzerIRS 
 5.30797E+00  4.76730E-10  2.38365E-11  5.69713E-02 SpitzerIRS 
 5.33821E+00  4.72317E-10  2.36159E-11  5.66673E-02 SpitzerIRS 
 5.36846E+00  4.54976E-10  2.27488E-11  5.63284E-02 SpitzerIRS 
 5.39870E+00  4.53011E-10  2.26506E-11  5.60133E-02 SpitzerIRS 
 5.42894E+00  4.48872E-10  2.24436E-11  5.57017E-02 SpitzerIRS 
 5.45918E+00  4.38018E-10  2.19009E-11  5.53929E-02 SpitzerIRS 
 5.48942E+00  4.23451E-10  2.11725E-11  5.51062E-02 SpitzerIRS 
 5.51967E+00  4.17087E-10  2.08543E-11  5.47864E-02 SpitzerIRS 
 5.54991E+00  4.08770E-10  2.04385E-11  5.44874E-02 SpitzerIRS 
 5.58015E+00  4.00783E-10  2.00392E-11  5.41912E-02 SpitzerIRS 
 5.61039E+00  3.91204E-10  1.95602E-11  5.38993E-02 SpitzerIRS 
 5.64063E+00  3.91981E-10  1.95991E-11  5.36291E-02 SpitzerIRS 
 5.67088E+00  3.81708E-10  1.90854E-11  5.33249E-02 SpitzerIRS 
 5.70112E+00  3.73194E-10  1.86597E-11  5.30429E-02 SpitzerIRS 
 5.73136E+00  3.68262E-10  1.84131E-11  5.27625E-02 SpitzerIRS 
 5.76160E+00  3.62159E-10  1.81080E-11  5.24858E-02 SpitzerIRS 
 5.79184E+00  3.62179E-10  1.81089E-11  5.22283E-02 SpitzerIRS 
 5.82209E+00  3.56444E-10  1.78222E-11  5.19399E-02 SpitzerIRS 
 5.85233E+00  3.51451E-10  1.75725E-11  5.16716E-02 SpitzerIRS 
 5.88257E+00  3.42850E-10  1.71425E-11  5.14059E-02 SpitzerIRS 
 5.91281E+00  3.34906E-10  1.67453E-11  5.11434E-02 SpitzerIRS 
 5.94305E+00  3.32604E-10  1.66302E-11  5.09000E-02 SpitzerIRS 
 5.97330E+00  3.29901E-10  1.64950E-11  5.06258E-02 SpitzerIRS 
 6.00354E+00  3.27625E-10  1.63813E-11  5.03698E-02 SpitzerIRS 
 6.03378E+00  3.25383E-10  1.62692E-11  5.01180E-02 SpitzerIRS 
 6.06402E+00  3.21939E-10  1.60970E-11  4.98681E-02 SpitzerIRS 
 6.09426E+00  3.17109E-10  1.58554E-11  4.96360E-02 SpitzerIRS 
 6.12451E+00  3.15848E-10  1.57924E-11  4.93760E-02 SpitzerIRS 
 6.15475E+00  3.08697E-10  1.54348E-11  4.91326E-02 SpitzerIRS 
 6.18499E+00  3.04109E-10  1.52054E-11  4.88929E-02 SpitzerIRS 
 6.21523E+00  3.00549E-10  1.50274E-11  4.86542E-02 SpitzerIRS 
 6.24547E+00  2.97634E-10  1.48817E-11  4.84353E-02 SpitzerIRS 
 6.27572E+00  2.88958E-10  1.44479E-11  4.81862E-02 SpitzerIRS 
 6.30596E+00  2.83923E-10  1.41962E-11  4.79542E-02 SpitzerIRS 
 6.33620E+00  2.80000E-10  1.40000E-11  4.77251E-02 SpitzerIRS 
 6.36644E+00  2.76760E-10  1.38380E-11  4.74999E-02 SpitzerIRS 
 6.39668E+00  2.74555E-10  1.37278E-11  4.72895E-02 SpitzerIRS 
 6.42693E+00  2.68475E-10  1.34237E-11  4.70526E-02 SpitzerIRS 
 6.45717E+00  2.61750E-10  1.30875E-11  4.68312E-02 SpitzerIRS 
 6.48741E+00  2.61404E-10  1.30702E-11  4.66141E-02 SpitzerIRS 
 6.51765E+00  2.57850E-10  1.28925E-11  4.63968E-02 SpitzerIRS 
 6.54789E+00  2.55511E-10  1.27756E-11  4.61973E-02 SpitzerIRS 
 6.57814E+00  2.53758E-10  1.26879E-11  4.59709E-02 SpitzerIRS 
 6.60838E+00  2.54026E-10  1.27013E-11  4.57598E-02 SpitzerIRS 
 6.63862E+00  2.45244E-10  1.22622E-11  4.55521E-02 SpitzerIRS 
 6.66886E+00  2.42931E-10  1.21466E-11  4.53452E-02 SpitzerIRS 
 6.69910E+00  2.38533E-10  1.19267E-11  4.51553E-02 SpitzerIRS 
 6.72935E+00  2.33525E-10  1.16763E-11  4.49373E-02 SpitzerIRS 
 6.75959E+00  2.27023E-10  1.13512E-11  4.47364E-02 SpitzerIRS 
 6.78983E+00  2.27177E-10  1.13589E-11  4.45371E-02 SpitzerIRS 
 6.82007E+00  2.25388E-10  1.12694E-11  4.43402E-02 SpitzerIRS 
 6.85031E+00  2.26921E-10  1.13461E-11  4.41584E-02 SpitzerIRS 
 6.88056E+00  2.24737E-10  1.12368E-11  4.39502E-02 SpitzerIRS 
 6.91080E+00  2.22064E-10  1.11032E-11  4.37567E-02 SpitzerIRS 
 6.94104E+00  2.20262E-10  1.10131E-11  4.35674E-02 SpitzerIRS 
 6.97128E+00  2.14632E-10  1.07316E-11  4.33777E-02 SpitzerIRS 
 7.00152E+00  2.12823E-10  1.06411E-11  4.32056E-02 SpitzerIRS 
 7.03177E+00  2.10836E-10  1.05418E-11  4.30044E-02 SpitzerIRS 
 7.06201E+00  2.08041E-10  1.04020E-11  4.28204E-02 SpitzerIRS 
 7.09225E+00  2.04984E-10  1.02492E-11  4.26384E-02 SpitzerIRS 
 7.12249E+00  2.01465E-10  1.00733E-11  4.24576E-02 SpitzerIRS 
 7.15273E+00  1.98229E-10  9.91145E-12  4.22911E-02 SpitzerIRS 
 7.18298E+00  1.96312E-10  9.81562E-12  4.20994E-02 SpitzerIRS 
 7.21322E+00  1.92381E-10  9.61906E-12  4.19232E-02 SpitzerIRS 
 7.24346E+00  1.88598E-10  9.42992E-12  4.17480E-02 SpitzerIRS 
 7.27370E+00  1.88209E-10  9.41044E-12  4.15744E-02 SpitzerIRS 
 7.30394E+00  1.90258E-10  9.51290E-12  4.14159E-02 SpitzerIRS 
 7.33419E+00  1.83567E-10  9.17836E-12  4.12314E-02 SpitzerIRS 
 7.36443E+00  1.81141E-10  9.05707E-12  4.10625E-02 SpitzerIRS 
 7.39467E+00  1.77654E-10  8.88270E-12  4.08942E-02 SpitzerIRS 
 7.42491E+00  1.76719E-10  8.83596E-12  4.07279E-02 SpitzerIRS 
 7.45515E+00  1.68474E-10  8.42372E-12  4.05758E-02 SpitzerIRS 
 7.48540E+00  1.68232E-10  8.41161E-12  4.03986E-02 SpitzerIRS 
 7.51564E+00  1.67143E-10  8.35713E-12  4.02356E-02 SpitzerIRS 
 7.54588E+00  1.65354E-10  8.26770E-12  4.00751E-02 SpitzerIRS 
 7.57612E+00  1.64864E-10  8.24319E-12  7.98302E-02 SpitzerIRS 
 7.63660E+00  1.61444E-10  8.07219E-12  7.92109E-02 SpitzerIRS 
 7.69709E+00  1.59462E-10  7.97308E-12  7.85745E-02 SpitzerIRS 
 7.75757E+00  1.55767E-10  7.78834E-12  7.79628E-02 SpitzerIRS 
 7.81805E+00  1.54675E-10  7.73375E-12  7.73724E-02 SpitzerIRS 
 7.87854E+00  1.49957E-10  7.49787E-12  7.67656E-02 SpitzerIRS 
 7.93902E+00  1.47184E-10  7.35921E-12  7.61927E-02 SpitzerIRS 
 7.99951E+00  1.46186E-10  7.30928E-12  7.56053E-02 SpitzerIRS 
 8.05999E+00  1.42542E-10  7.12711E-12  7.50372E-02 SpitzerIRS 
 8.12047E+00  1.38842E-10  6.94211E-12  7.44898E-02 SpitzerIRS 
 8.18096E+00  1.36687E-10  6.83433E-12  7.39282E-02 SpitzerIRS 
 8.24144E+00  1.34656E-10  6.73278E-12  7.33851E-02 SpitzerIRS 
 8.30192E+00  1.32909E-10  6.64547E-12  7.28627E-02 SpitzerIRS 
 8.36241E+00  1.29600E-10  6.48002E-12  7.23239E-02 SpitzerIRS 
 8.42289E+00  1.25663E-10  6.28315E-12  7.18043E-02 SpitzerIRS 
 8.48337E+00  1.21938E-10  6.09688E-12  7.13047E-02 SpitzerIRS 
 8.54386E+00  1.18218E-10  5.91089E-12  7.07871E-02 SpitzerIRS 
 8.60434E+00  1.13545E-10  5.67723E-12  7.03020E-02 SpitzerIRS 
 8.66483E+00  1.15900E-10  5.79502E-12  6.97996E-02 SpitzerIRS 
 8.72531E+00  1.11907E-10  5.59534E-12  6.93160E-02 SpitzerIRS 
 8.78579E+00  1.10414E-10  5.52070E-12  6.88490E-02 SpitzerIRS 
 8.84628E+00  1.07255E-10  5.36274E-12  6.83686E-02 SpitzerIRS 
 8.90676E+00  1.07104E-10  5.35520E-12  6.79033E-02 SpitzerIRS 
 8.96724E+00  1.06473E-10  5.32367E-12  6.74563E-02 SpitzerIRS 
 9.02773E+00  1.03862E-10  5.19309E-12  6.69937E-02 SpitzerIRS 
 9.08821E+00  1.01942E-10  5.09708E-12  6.65481E-02 SpitzerIRS 
 9.14869E+00  9.96630E-11  4.98315E-12  6.61179E-02 SpitzerIRS 
 9.20918E+00  9.64021E-11  4.82010E-12  6.56736E-02 SpitzerIRS 
 9.26966E+00  9.67871E-11  4.83936E-12  6.52561E-02 SpitzerIRS 
 9.33015E+00  9.39437E-11  4.69719E-12  6.48222E-02 SpitzerIRS 
 9.39063E+00  9.27438E-11  4.63719E-12  6.44046E-02 SpitzerIRS 
 9.45111E+00  9.20541E-11  4.60271E-12  6.40026E-02 SpitzerIRS 
 9.51160E+00  9.04375E-11  4.52187E-12  6.35859E-02 SpitzerIRS 
 9.57208E+00  8.78242E-11  4.39121E-12  6.31832E-02 SpitzerIRS 
 9.63256E+00  8.78710E-11  4.39355E-12  6.27985E-02 SpitzerIRS 
 9.69305E+00  8.59967E-11  4.29984E-12  6.23940E-02 SpitzerIRS 
 9.75353E+00  8.52670E-11  4.26335E-12  6.20089E-02 SpitzerIRS 
 9.81401E+00  8.28384E-11  4.14192E-12  6.16367E-02 SpitzerIRS 
 9.87450E+00  8.18286E-11  4.09143E-12  6.12487E-02 SpitzerIRS 
 9.93498E+00  8.05349E-11  4.02674E-12  6.08853E-02 SpitzerIRS 
 9.99547E+00  7.97200E-11  3.98600E-12  6.05078E-02 SpitzerIRS 
 1.00559E+01  7.88249E-11  3.94124E-12  6.01435E-02 SpitzerIRS 
 1.01164E+01  7.68112E-11  3.84056E-12  5.97938E-02 SpitzerIRS 
 1.01769E+01  7.54042E-11  3.77021E-12  5.94286E-02 SpitzerIRS 
 1.02374E+01  7.41855E-11  3.70928E-12  5.90775E-02 SpitzerIRS 
 1.02979E+01  7.33059E-11  3.66529E-12  5.87402E-02 SpitzerIRS 
 1.03584E+01  7.16828E-11  3.58414E-12  5.83876E-02 SpitzerIRS 
 1.04189E+01  7.03041E-11  3.51520E-12  5.80496E-02 SpitzerIRS 
 1.04793E+01  6.95096E-11  3.47548E-12  5.77222E-02 SpitzerIRS 
 1.05398E+01  6.82729E-11  3.41364E-12  5.73814E-02 SpitzerIRS 
 1.06003E+01  6.73862E-11  3.36931E-12  5.70663E-02 SpitzerIRS 
 1.06608E+01  6.69600E-11  3.34800E-12  5.67294E-02 SpitzerIRS 
 1.07213E+01  6.56192E-11  3.28096E-12  5.64122E-02 SpitzerIRS 
 1.07818E+01  6.44837E-11  3.22418E-12  5.61041E-02 SpitzerIRS 
 1.08422E+01  6.36937E-11  3.18469E-12  5.57818E-02 SpitzerIRS 
 1.09027E+01  6.26532E-11  3.13266E-12  5.54724E-02 SpitzerIRS 
 1.09632E+01  6.26926E-11  3.13463E-12  5.51755E-02 SpitzerIRS 
 1.10237E+01  6.20634E-11  3.10317E-12  5.48637E-02 SpitzerIRS 
 1.10842E+01  5.96319E-11  2.98160E-12  5.45643E-02 SpitzerIRS 
 1.11447E+01  5.90751E-11  2.95376E-12  5.42772E-02 SpitzerIRS 
 1.12051E+01  5.93278E-11  2.96639E-12  5.39752E-02 SpitzerIRS 
 1.12656E+01  5.65057E-11  2.82529E-12  5.36943E-02 SpitzerIRS 
 1.13261E+01  5.62626E-11  2.81313E-12  5.33987E-02 SpitzerIRS 
 1.13866E+01  5.47578E-11  2.73789E-12  5.31151E-02 SpitzerIRS 
 1.14471E+01  5.60575E-11  2.80288E-12  5.28432E-02 SpitzerIRS 
 1.15076E+01  5.46858E-11  2.73429E-12  5.25568E-02 SpitzerIRS 
 1.15680E+01  5.42257E-11  2.71128E-12  5.22820E-02 SpitzerIRS 
 1.16285E+01  5.27991E-11  2.63996E-12  5.20187E-02 SpitzerIRS 
 1.16890E+01  5.30126E-11  2.65063E-12  5.17409E-02 SpitzerIRS 
 1.17495E+01  5.21962E-11  2.60981E-12  5.14746E-02 SpitzerIRS 
 1.18100E+01  5.22669E-11  2.61335E-12  5.12186E-02 SpitzerIRS 
 1.18705E+01  5.16740E-11  2.58370E-12  5.09509E-02 SpitzerIRS 
 1.19309E+01  5.06313E-11  2.53157E-12  5.07001E-02 SpitzerIRS 
 1.19914E+01  5.03533E-11  2.51767E-12  5.04360E-02 SpitzerIRS 
 1.20519E+01  4.97286E-11  2.48643E-12  5.01821E-02 SpitzerIRS 
 1.21124E+01  4.83584E-11  2.41792E-12  4.99414E-02 SpitzerIRS 
 1.21729E+01  4.75975E-11  2.37988E-12  4.96842E-02 SpitzerIRS 
 1.22334E+01  4.73331E-11  2.36666E-12  4.94386E-02 SpitzerIRS 
 1.22938E+01  4.65250E-11  2.32625E-12  4.92035E-02 SpitzerIRS 
 1.23543E+01  4.56489E-11  2.28244E-12  4.89545E-02 SpitzerIRS 
 1.24148E+01  4.40086E-11  2.20043E-12  4.87168E-02 SpitzerIRS 
 1.24753E+01  4.46931E-11  2.23465E-12  4.84870E-02 SpitzerIRS 
 1.25358E+01  4.42456E-11  2.21228E-12  4.82459E-02 SpitzerIRS 
 1.25963E+01  4.41469E-11  2.20735E-12  4.80222E-02 SpitzerIRS 
 1.26568E+01  4.27306E-11  2.13653E-12  4.77848E-02 SpitzerIRS 
 1.27172E+01  4.21534E-11  2.10767E-12  4.75575E-02 SpitzerIRS 
 1.27777E+01  4.24869E-11  2.12434E-12  4.73403E-02 SpitzerIRS 
 1.28382E+01  4.21018E-11  2.10509E-12  4.71094E-02 SpitzerIRS 
 1.28987E+01  4.18536E-11  2.09268E-12  4.68885E-02 SpitzerIRS 
 1.29592E+01  4.15670E-11  2.07835E-12  4.66774E-02 SpitzerIRS 
 1.30197E+01  4.12851E-11  2.06425E-12  4.64529E-02 SpitzerIRS 
 1.30801E+01  3.99214E-11  1.99607E-12  4.62381E-02 SpitzerIRS 
 1.31406E+01  3.86701E-11  1.93350E-12  4.60329E-02 SpitzerIRS 
 1.32011E+01  4.05010E-11  2.02505E-12  4.58144E-02 SpitzerIRS 
 1.32616E+01  3.93066E-11  1.96533E-12  4.56047E-02 SpitzerIRS 
 1.33221E+01  3.94137E-11  1.97068E-12  4.54074E-02 SpitzerIRS 
 1.33826E+01  3.87131E-11  1.93566E-12  4.51924E-02 SpitzerIRS 
 1.34430E+01  3.86810E-11  1.93405E-12  4.49973E-02 SpitzerIRS 
 1.35035E+01  3.77552E-11  1.88776E-12  4.47883E-02 SpitzerIRS 
 1.35640E+01  3.69004E-11  1.84502E-12  4.45886E-02 SpitzerIRS 
 1.36245E+01  3.76039E-11  1.88020E-12  4.43980E-02 SpitzerIRS 
 1.36850E+01  3.72787E-11  1.86394E-12  4.41945E-02 SpitzerIRS 
 1.37454E+01  3.64602E-11  1.82301E-12  4.40000E-02 SpitzerIRS 
 1.38059E+01  3.67970E-11  1.83985E-12  4.38145E-02 SpitzerIRS 
 1.38664E+01  3.54304E-11  1.77152E-12  4.36162E-02 SpitzerIRS 
 1.39269E+01  3.41698E-11  1.70849E-12  4.30089E-02 SpitzerIRS 
 1.39868E+01  3.74257E-11  1.87129E-12  5.90214E-02 SpitzerIRS 
 1.40694E+01  4.43778E-11  2.21889E-12  6.01876E-02 SpitzerIRS 
 1.41540E+01  4.38806E-11  2.19403E-12  5.98282E-02 SpitzerIRS 
 1.42387E+01  4.29892E-11  2.14946E-12  5.94640E-02 SpitzerIRS 
 1.43234E+01  4.12930E-11  2.06465E-12  5.91201E-02 SpitzerIRS 
 1.44081E+01  4.23751E-11  2.11875E-12  5.87727E-02 SpitzerIRS 
 1.44927E+01  4.11736E-11  2.05868E-12  5.84224E-02 SpitzerIRS 
 1.45774E+01  4.11988E-11  2.05994E-12  5.80899E-02 SpitzerIRS 
 1.46621E+01  4.20869E-11  2.10435E-12  5.77544E-02 SpitzerIRS 
 1.47468E+01  4.16952E-11  2.08476E-12  5.74234E-02 SpitzerIRS 
 1.48315E+01  4.02689E-11  2.01345E-12  5.70875E-02 SpitzerIRS 
 1.49161E+01  3.94949E-11  1.97474E-12  5.67708E-02 SpitzerIRS 
 1.50008E+01  3.90095E-11  1.95048E-12  5.64503E-02 SpitzerIRS 
 1.50855E+01  3.97552E-11  1.98776E-12  5.61268E-02 SpitzerIRS 
 1.51701E+01  3.90373E-11  1.95187E-12  5.58208E-02 SpitzerIRS 
 1.52548E+01  3.86625E-11  1.93313E-12  5.55096E-02 SpitzerIRS 
 1.53395E+01  3.72028E-11  1.86014E-12  5.51973E-02 SpitzerIRS 
 1.54242E+01  3.72787E-11  1.86393E-12  5.49002E-02 SpitzerIRS 
 1.55089E+01  3.73700E-11  1.86850E-12  5.46017E-02 SpitzerIRS 
 1.55935E+01  3.71286E-11  1.85643E-12  5.42988E-02 SpitzerIRS 
 1.56782E+01  3.60731E-11  1.80365E-12  5.40106E-02 SpitzerIRS 
 1.57629E+01  3.47108E-11  1.73554E-12  5.37217E-02 SpitzerIRS 
 1.58476E+01  3.45446E-11  1.72723E-12  5.34271E-02 SpitzerIRS 
 1.59322E+01  3.65366E-11  1.82683E-12  5.31501E-02 SpitzerIRS 
 1.60169E+01  3.41051E-11  1.70526E-12  5.28697E-02 SpitzerIRS 
 1.61016E+01  3.52446E-11  1.76223E-12  5.25898E-02 SpitzerIRS 
 1.61863E+01  3.48795E-11  1.74398E-12  5.23104E-02 SpitzerIRS 
 1.62709E+01  3.54531E-11  1.77266E-12  5.20437E-02 SpitzerIRS 
 1.63556E+01  3.53005E-11  1.76502E-12  5.17736E-02 SpitzerIRS 
 1.64403E+01  3.48091E-11  1.74046E-12  5.15027E-02 SpitzerIRS 
 1.65250E+01  3.52093E-11  1.76046E-12  5.12424E-02 SpitzerIRS 
 1.66097E+01  3.46227E-11  1.73113E-12  5.09824E-02 SpitzerIRS 
 1.66943E+01  3.37557E-11  1.68779E-12  5.07184E-02 SpitzerIRS 
 1.67790E+01  3.37667E-11  1.68834E-12  5.04672E-02 SpitzerIRS 
 1.68637E+01  3.39402E-11  1.69701E-12  5.02150E-02 SpitzerIRS 
 1.69484E+01  3.22411E-11  1.61205E-12  4.99570E-02 SpitzerIRS 
 1.70330E+01  3.25861E-11  1.62931E-12  4.97157E-02 SpitzerIRS 
 1.71177E+01  3.30068E-11  1.65034E-12  4.94692E-02 SpitzerIRS 
 1.72024E+01  3.29868E-11  1.64934E-12  4.92193E-02 SpitzerIRS 
 1.72871E+01  3.25501E-11  1.62751E-12  4.89852E-02 SpitzerIRS 
 1.73717E+01  3.29619E-11  1.64810E-12  4.87458E-02 SpitzerIRS 
 1.74564E+01  3.29673E-11  1.64837E-12  4.85093E-02 SpitzerIRS 
 1.75411E+01  3.33825E-11  1.66913E-12  4.82695E-02 SpitzerIRS 
 1.76258E+01  3.21619E-11  1.60809E-12  4.80438E-02 SpitzerIRS 
 1.77105E+01  3.16788E-11  1.58394E-12  4.78124E-02 SpitzerIRS 
 1.77951E+01  3.15942E-11  1.57971E-12  4.75810E-02 SpitzerIRS 
 1.78798E+01  3.11788E-11  1.55894E-12  4.73618E-02 SpitzerIRS 
 1.79645E+01  3.09949E-11  1.54975E-12  4.71363E-02 SpitzerIRS 
 1.80492E+01  3.16540E-11  1.58270E-12  4.69107E-02 SpitzerIRS 
 1.81338E+01  3.16115E-11  1.58057E-12  4.66972E-02 SpitzerIRS 
 1.82185E+01  3.09523E-11  1.54762E-12  4.64807E-02 SpitzerIRS 
 1.83032E+01  3.18672E-11  1.59336E-12  4.62597E-02 SpitzerIRS 
 1.83879E+01  3.05350E-11  1.52675E-12  4.60510E-02 SpitzerIRS 
 1.84725E+01  2.99662E-11  1.49831E-12  4.58421E-02 SpitzerIRS 
 1.85572E+01  2.98828E-11  1.49414E-12  4.56259E-02 SpitzerIRS 
 1.86419E+01  3.03562E-11  1.51781E-12  4.54246E-02 SpitzerIRS 
 1.87266E+01  2.94803E-11  1.47401E-12  4.52197E-02 SpitzerIRS 
 1.88113E+01  3.09870E-11  1.54935E-12  4.50156E-02 SpitzerIRS 
 1.88959E+01  3.15257E-11  1.57629E-12  4.48080E-02 SpitzerIRS 
 1.89806E+01  2.97038E-11  1.48519E-12  4.46140E-02 SpitzerIRS 
 1.90653E+01  2.96327E-11  1.48164E-12  4.44153E-02 SpitzerIRS 
 1.91500E+01  2.86787E-11  1.43394E-12  4.42147E-02 SpitzerIRS 
 1.92346E+01  2.83717E-11  1.41859E-12  4.40253E-02 SpitzerIRS 
 1.93193E+01  3.03262E-11  1.51631E-12  4.38313E-02 SpitzerIRS 
 1.94040E+01  3.15226E-11  1.57613E-12  4.36358E-02 SpitzerIRS 
 1.94887E+01  2.93943E-11  1.46971E-12  4.34509E-02 SpitzerIRS 
 1.95734E+01  3.08961E-11  1.54480E-12  4.32624E-02 SpitzerIRS 
 1.96580E+01  3.06795E-11  1.53398E-12  4.30715E-02 SpitzerIRS 
 1.97427E+01  3.12891E-11  1.56445E-12  4.28918E-02 SpitzerIRS 
 1.98274E+01  3.18463E-11  1.59232E-12  4.27086E-02 SpitzerIRS 
 1.99121E+01  3.22092E-11  1.61046E-12  4.25225E-02 SpitzerIRS 
 1.99967E+01  2.93570E-11  1.46785E-12  4.23459E-02 SpitzerIRS 
 2.00814E+01  3.23603E-11  1.61802E-12  4.21689E-02 SpitzerIRS 
 2.01661E+01  3.32026E-11  1.66013E-12  4.19918E-02 SpitzerIRS 
 2.02508E+01  3.16565E-11  1.58283E-12  4.18098E-02 SpitzerIRS 
 2.03354E+01  3.04901E-11  1.52450E-12  4.16426E-02 SpitzerIRS 
 2.04201E+01  3.00481E-11  1.50240E-12  8.29324E-02 SpitzerIRS 
 2.05895E+01  2.98326E-11  1.49163E-12  8.22556E-02 SpitzerIRS 
 2.07588E+01  2.96846E-11  1.48423E-12  8.15802E-02 SpitzerIRS 
 2.09282E+01  3.00723E-11  1.50361E-12  8.09191E-02 SpitzerIRS 
 2.10975E+01  3.07286E-11  1.53643E-12  8.02743E-02 SpitzerIRS 
 2.12669E+01  3.04611E-11  1.52305E-12  7.96308E-02 SpitzerIRS 
 2.14362E+01  3.06002E-11  1.53001E-12  7.90073E-02 SpitzerIRS 
 2.16056E+01  3.05902E-11  1.52951E-12  7.83820E-02 SpitzerIRS 
 2.17750E+01  3.13742E-11  1.56871E-12  7.77729E-02 SpitzerIRS 
 2.19443E+01  3.09008E-11  1.54504E-12  7.71777E-02 SpitzerIRS 
 2.21137E+01  3.06877E-11  1.53438E-12  7.65812E-02 SpitzerIRS 
 2.22830E+01  3.12531E-11  1.56265E-12  7.59996E-02 SpitzerIRS 
 2.24524E+01  3.12374E-11  1.56187E-12  7.54313E-02 SpitzerIRS 
 2.26217E+01  3.11223E-11  1.55612E-12  7.48612E-02 SpitzerIRS 
 2.27911E+01  3.25628E-11  1.62814E-12  7.43102E-02 SpitzerIRS 
 2.29604E+01  3.29276E-11  1.64638E-12  7.37569E-02 SpitzerIRS 
 2.31298E+01  3.19446E-11  1.59723E-12  7.32169E-02 SpitzerIRS 
 2.32991E+01  3.17516E-11  1.58758E-12  7.26903E-02 SpitzerIRS 
 2.34685E+01  3.26962E-11  1.63481E-12  7.21602E-02 SpitzerIRS 
 2.36378E+01  3.33360E-11  1.66680E-12  7.16440E-02 SpitzerIRS 
 2.38072E+01  3.34331E-11  1.67166E-12  7.11369E-02 SpitzerIRS 
 2.39765E+01  3.41117E-11  1.70559E-12  7.06324E-02 SpitzerIRS 
 2.41459E+01  3.35035E-11  1.67518E-12  7.01399E-02 SpitzerIRS 
 2.43153E+01  3.35443E-11  1.67721E-12  6.96476E-02 SpitzerIRS 
 2.44846E+01  3.33915E-11  1.66958E-12  6.91667E-02 SpitzerIRS 
 2.46540E+01  3.35639E-11  1.67820E-12  6.86952E-02 SpitzerIRS 
 2.48233E+01  3.32560E-11  1.66280E-12  6.82217E-02 SpitzerIRS 
 2.49927E+01  3.37369E-11  1.68685E-12  6.77599E-02 SpitzerIRS 
 2.51620E+01  3.49509E-11  1.74754E-12  6.73078E-02 SpitzerIRS 
 2.53314E+01  3.50483E-11  1.75241E-12  6.68538E-02 SpitzerIRS 
 2.55007E+01  3.48589E-11  1.74294E-12  6.64130E-02 SpitzerIRS 
 2.56701E+01  3.56748E-11  1.78374E-12  6.59717E-02 SpitzerIRS 
 2.58394E+01  3.51604E-11  1.75802E-12  6.55401E-02 SpitzerIRS 
 2.60088E+01  3.57015E-11  1.78508E-12  6.51164E-02 SpitzerIRS 
 2.61782E+01  3.60497E-11  1.80248E-12  6.46914E-02 SpitzerIRS 
 2.63475E+01  3.60349E-11  1.80174E-12  6.42755E-02 SpitzerIRS 
 2.65169E+01  3.70204E-11  1.85102E-12  6.38688E-02 SpitzerIRS 
 2.66862E+01  3.71612E-11  1.85806E-12  6.34594E-02 SpitzerIRS 
 2.68556E+01  3.83775E-11  1.91888E-12  6.30625E-02 SpitzerIRS 
 2.70249E+01  3.81553E-11  1.90776E-12  6.26651E-02 SpitzerIRS 
 2.71943E+01  3.87547E-11  1.93773E-12  6.22749E-02 SpitzerIRS 
 2.73636E+01  3.93959E-11  1.96980E-12  6.18917E-02 SpitzerIRS 
 2.75330E+01  3.98675E-11  1.99337E-12  6.15081E-02 SpitzerIRS 
 2.77023E+01  3.99357E-11  1.99678E-12  6.11320E-02 SpitzerIRS 
 2.78717E+01  3.93065E-11  1.96532E-12  6.07642E-02 SpitzerIRS 
 2.80410E+01  4.08615E-11  2.04307E-12  6.03940E-02 SpitzerIRS 
 2.82104E+01  4.14830E-11  2.07415E-12  6.00343E-02 SpitzerIRS 
 2.83798E+01  4.10381E-11  2.05190E-12  5.96732E-02 SpitzerIRS 
 2.85491E+01  4.12628E-11  2.06314E-12  5.93189E-02 SpitzerIRS 
 2.87185E+01  4.19362E-11  2.09681E-12  5.89718E-02 SpitzerIRS 
 2.88878E+01  4.19138E-11  2.09569E-12  5.86237E-02 SpitzerIRS 
 2.90572E+01  4.35333E-11  2.17667E-12  5.82817E-02 SpitzerIRS 
 2.92265E+01  4.23689E-11  2.11844E-12  5.79474E-02 SpitzerIRS 
 2.93959E+01  4.27322E-11  2.13661E-12  5.76101E-02 SpitzerIRS 
 2.95652E+01  4.36087E-11  2.18044E-12  5.72828E-02 SpitzerIRS 
 2.97346E+01  4.34379E-11  2.17190E-12  5.69546E-02 SpitzerIRS 
 2.99039E+01  4.42247E-11  2.21123E-12  5.66317E-02 SpitzerIRS 
 3.00733E+01  4.48206E-11  2.24103E-12  5.63158E-02 SpitzerIRS 
 3.02426E+01  4.49445E-11  2.24723E-12  5.59961E-02 SpitzerIRS 
 3.04120E+01  4.51040E-11  2.25520E-12  5.56859E-02 SpitzerIRS 
 3.05813E+01  4.54592E-11  2.27296E-12  5.53802E-02 SpitzerIRS 
 3.07507E+01  4.72209E-11  2.36105E-12  5.50719E-02 SpitzerIRS 
 3.09200E+01  4.54678E-11  2.27339E-12  5.47742E-02 SpitzerIRS 
 3.10894E+01  4.51666E-11  2.25833E-12  5.44716E-02 SpitzerIRS 
 3.12588E+01  4.72924E-11  2.36462E-12  5.41765E-02 SpitzerIRS 
 3.14281E+01  4.73886E-11  2.36943E-12  5.38877E-02 SpitzerIRS 
 3.15975E+01  4.74546E-11  2.37273E-12  5.35967E-02 SpitzerIRS 
 3.17668E+01  4.95634E-11  2.47817E-12  5.33103E-02 SpitzerIRS 
 3.19362E+01  4.92906E-11  2.46453E-12  5.30305E-02 SpitzerIRS 
 3.21055E+01  4.99847E-11  2.49923E-12  5.27479E-02 SpitzerIRS 
 3.22749E+01  5.03562E-11  2.51781E-12  5.24739E-02 SpitzerIRS 
 3.24442E+01  5.21983E-11  2.60991E-12  5.21976E-02 SpitzerIRS 
 3.26136E+01  5.40564E-11  2.70282E-12  5.19262E-02 SpitzerIRS 
 3.27829E+01  5.37476E-11  2.68738E-12  5.16610E-02 SpitzerIRS 
 3.29523E+01  5.45408E-11  2.72704E-12  5.13922E-02 SpitzerIRS 
 3.31216E+01  5.47555E-11  2.73777E-12  5.11303E-02 SpitzerIRS 
 3.32910E+01  5.42835E-11  2.71417E-12  5.08729E-02 SpitzerIRS 
 3.34604E+01  5.52273E-11  2.76137E-12  5.06121E-02 SpitzerIRS 
 3.36297E+01  5.34729E-11  2.67364E-12  5.03593E-02 SpitzerIRS 
 3.37991E+01  5.66348E-11  2.83174E-12  5.01046E-02 SpitzerIRS 
 3.39684E+01  5.45404E-11  2.72702E-12  4.98560E-02 SpitzerIRS 
 3.41378E+01  5.32431E-11  2.66216E-12  4.96102E-02 SpitzerIRS 
 3.43071E+01  5.58298E-11  2.79149E-12  4.93626E-02 SpitzerIRS 
 3.44765E+01  5.69816E-11  2.84908E-12  4.91204E-02 SpitzerIRS 
 3.46458E+01  5.71564E-11  2.85782E-12  4.88832E-02 SpitzerIRS 
 3.48152E+01  5.86354E-11  2.93177E-12  4.86426E-02 SpitzerIRS 
 3.49845E+01  5.82303E-11  2.91152E-12  4.84102E-02 SpitzerIRS 
 3.51539E+01  5.56905E-11  2.78452E-12  4.81742E-02 SpitzerIRS 
 3.53233E+01  5.49285E-11  2.74642E-12  4.79429E-02 SpitzerIRS 
 3.54926E+01  5.99783E-11  2.99891E-12  4.77142E-02 SpitzerIRS 
 9.02250E-02  7.87832E-12  2.11762E-12  4.99972E-02 <UV> 
 9.06761E-02  2.66803E-12  4.76975E-13  5.00022E-02 <UV> 
 9.11295E-02  2.63509E-12  4.55452E-13  5.00058E-02 <UV> 
 9.15852E-02  2.86892E-12  4.08400E-13  4.99972E-02 <UV> 
 9.20431E-02  2.40119E-12  3.35188E-13  4.99983E-02 <UV> 
 9.25033E-02  3.23235E-12  3.37627E-13  4.99982E-02 <UV> 
 9.29658E-02  3.12004E-12  3.37328E-13  4.99969E-02 <UV> 
 9.34306E-02  1.71156E-12  3.19105E-13  5.00050E-02 <UV> 
 9.38978E-02  3.57307E-12  3.71855E-13  5.00012E-02 <UV> 
 9.43673E-02  2.19002E-12  3.51427E-13  4.99961E-02 <UV> 
 9.48391E-02  7.51794E-12  4.65415E-13  5.00005E-02 <UV> 
 9.53133E-02  1.25294E-12  3.87848E-13  5.00035E-02 <UV> 
 9.57899E-02  1.55075E-12  3.85911E-13  4.99948E-02 <UV> 
 9.62688E-02  1.34068E-12  4.10515E-13  5.00058E-02 <UV> 
 9.67502E-02  2.79429E-12  4.38259E-13  4.99947E-02 <UV> 
 9.72339E-02  2.57260E-11  1.28630E-12  5.00031E-02 <UV> 
 9.77201E-02  1.24269E-11  6.21343E-13  4.99999E-02 <UV> 
 9.82087E-02  1.83001E-12  5.79789E-13  4.99956E-02 <UV> 
 9.86997E-02  6.09338E-12  6.76189E-13  5.00002E-02 <UV> 
 9.91932E-02  6.29138E-12  6.92606E-13  5.00034E-02 <UV> 
 9.96892E-02  3.00110E-12  5.43820E-13  4.99954E-02 <UV> 
 1.00188E-01  2.58297E-12  3.48144E-13  5.00062E-02 <UV> 
 1.00689E-01  2.46947E-12  2.56952E-13  4.99957E-02 <UV> 
 1.01192E-01  1.85064E-12  2.02351E-13  5.00040E-02 <UV> 
 1.01698E-01  1.86854E-12  1.78130E-13  5.00010E-02 <UV> 
 1.02207E-01  1.49232E-12  1.53276E-13  4.99968E-02 <UV> 
 1.02718E-01  2.07179E-10  1.03590E-11  5.00012E-02 <UV> 
 1.03231E-01  3.08323E-12  1.76817E-13  5.00043E-02 <UV> 
 1.03747E-01  3.43213E-12  1.85206E-13  4.99965E-02 <UV> 
 1.04266E-01  2.55115E-12  1.79523E-13  4.99971E-02 <UV> 
 1.04787E-01  2.43338E-12  1.94514E-13  5.00061E-02 <UV> 
 1.05311E-01  2.50324E-12  2.02371E-13  4.99946E-02 <UV> 
 1.05838E-01  2.50175E-12  2.03676E-13  5.00010E-02 <UV> 
 1.06367E-01  2.73129E-12  2.09366E-13  4.99967E-02 <UV> 
 1.06899E-01  2.91397E-12  2.22714E-13  5.00006E-02 <UV> 
 1.07433E-01  4.80803E-12  2.53299E-13  5.00031E-02 <UV> 
 1.07970E-01  4.18123E-12  4.76919E-13  5.00044E-02 <UV> 
 1.08510E-01  5.17738E-12  6.41264E-13  4.99952E-02 <UV> 
 1.09053E-01  3.37221E-12  4.55392E-13  5.00033E-02 <UV> 
 1.09598E-01  3.95987E-12  2.25243E-13  5.00008E-02 <UV> 
 1.10146E-01  6.04631E-12  3.02316E-13  4.99972E-02 <UV> 
 1.10697E-01  5.74455E-12  2.87227E-13  5.00014E-02 <UV> 
 1.11250E-01  6.97529E-12  3.48764E-13  4.99953E-02 <UV> 
 1.11807E-01  9.50233E-12  4.75117E-13  5.00060E-02 <UV> 
 1.12366E-01  1.00238E-11  5.01192E-13  4.99975E-02 <UV> 
 1.12928E-01  1.06883E-11  5.34417E-13  4.99967E-02 <UV> 
 1.13492E-01  1.54087E-11  7.70435E-13  5.00035E-02 <UV> 
 1.14060E-01  1.51441E-11  7.57207E-13  5.00002E-02 <UV> 
 1.14630E-01  1.68227E-11  8.41137E-13  4.99957E-02 <UV> 
 1.15203E-01  1.63104E-11  8.15522E-13  4.99987E-02 <UV> 
 1.15779E-01  1.27365E-11  6.36825E-13  5.00004E-02 <UV> 
 1.16358E-01  1.55328E-11  7.76642E-13  5.00009E-02 <UV> 
 1.16940E-01  1.93822E-11  9.69109E-13  5.00001E-02 <UV> 
 1.17524E-01  1.81495E-11  9.07476E-13  5.00066E-02 <UV> 
 1.18112E-01  2.12397E-11  1.06199E-12  4.99949E-02 <UV> 
 1.18703E-01  2.57823E-11  1.28912E-12  1.66132E+00 <UV> 
 1.38423E-01  1.50568E-10  4.36756E-11  1.50933E+00 <UV> 
 1.59315E-01  1.43100E-08  7.15501E-10  4.99951E-02 <UV> 
 1.60112E-01  1.83756E-08  9.18779E-10  5.00025E-02 <UV> 
 1.60913E-01  1.83658E-08  9.18288E-10  5.00023E-02 <UV> 
 1.61717E-01  2.05143E-08  1.02572E-09  4.99947E-02 <UV> 
 1.62526E-01  1.99162E-08  9.95811E-10  5.00044E-02 <UV> 
 1.63338E-01  1.97047E-08  9.85233E-10  5.00005E-02 <UV> 
 1.64155E-01  2.47007E-08  1.23504E-09  4.99954E-02 <UV> 
 1.64976E-01  2.70131E-08  1.35066E-09  5.00013E-02 <UV> 
 1.65801E-01  1.53605E-08  7.68026E-10  4.99998E-02 <UV> 
 1.66630E-01  2.61600E-08  1.30800E-09  5.00031E-02 <UV> 
 1.67463E-01  2.38536E-08  1.19268E-09  4.99991E-02 <UV> 
 1.68300E-01  2.77897E-08  1.38949E-09  4.99999E-02 <UV> 
 1.69142E-01  2.94560E-08  1.47280E-09  4.99995E-02 <UV> 
 1.69987E-01  2.60699E-08  1.30350E-09  4.99978E-02 <UV> 
 1.70837E-01  2.98579E-08  1.49290E-09  5.00008E-02 <UV> 
 1.71691E-01  3.13959E-08  1.56979E-09  5.00025E-02 <UV> 
 1.72550E-01  2.96620E-08  1.48310E-09  4.99971E-02 <UV> 
 1.73413E-01  3.17108E-08  1.58554E-09  5.00021E-02 <UV> 
 1.74280E-01  3.37207E-08  1.68604E-09  5.00001E-02 <UV> 
 1.75151E-01  3.58515E-08  1.79258E-09  5.00025E-02 <UV> 
 1.76027E-01  3.70224E-08  1.85112E-09  4.99980E-02 <UV> 
 1.76907E-01  3.28541E-08  1.64271E-09  4.99980E-02 <UV> 
 1.77792E-01  3.89861E-08  1.94931E-09  5.00024E-02 <UV> 
 1.78681E-01  3.82689E-08  1.91345E-09  4.99998E-02 <UV> 
 1.79574E-01  4.31640E-08  2.15820E-09  5.00017E-02 <UV> 
 1.80472E-01  4.13847E-08  2.06924E-09  4.99967E-02 <UV> 
 1.81374E-01  4.08442E-08  2.04221E-09  5.00016E-02 <UV> 
 1.82281E-01  4.05634E-08  2.02817E-09  4.99997E-02 <UV> 
 1.83193E-01  4.05553E-08  2.02777E-09  5.00020E-02 <UV> 
 1.84109E-01  3.60131E-08  1.80065E-09  4.99977E-02 <UV> 
 1.85029E-01  3.69899E-08  1.84949E-09  4.99976E-02 <UV> 
 1.85954E-01  3.92642E-08  1.96321E-09  5.00016E-02 <UV> 
 1.86884E-01  4.09674E-08  2.04837E-09  4.99990E-02 <UV> 
 1.87818E-01  4.33558E-08  2.16779E-09  5.00005E-02 <UV> 
 1.88757E-01  4.40454E-08  2.20227E-09  5.00007E-02 <UV> 
 1.89701E-01  4.29933E-08  2.14967E-09  4.99997E-02 <UV> 
 1.90650E-01  4.29904E-08  2.14952E-09  5.00027E-02 <UV> 
 1.91603E-01  4.42574E-08  2.21287E-09  4.99992E-02 <UV> 
 1.92561E-01  4.50394E-08  2.25197E-09  4.99997E-02 <UV> 
 1.93524E-01  4.43593E-08  2.21797E-09  4.99990E-02 <UV> 
 1.94491E-01  4.57201E-08  2.28600E-09  5.00022E-02 <UV> 
 1.95464E-01  4.57292E-08  2.28646E-09  4.99990E-02 <UV> 
 1.96441E-01  4.36431E-08  2.18216E-09  4.99997E-02 <UV> 
 1.97423E-01  4.50704E-08  2.25352E-09  4.99991E-02 <UV> 
 1.98411E-01  4.08781E-08  2.04391E-09  5.00024E-02 <UV> 
 1.99403E-01  3.98877E-08  1.99438E-09  4.99993E-02 <UV> 
 2.00400E-01  3.98986E-08  1.99493E-09  5.00001E-02 <UV> 
 2.01402E-01  3.76530E-08  1.88265E-09  4.99996E-02 <UV> 
 2.02409E-01  4.31942E-08  2.15971E-09  4.99979E-02 <UV> 
 2.03421E-01  4.38074E-08  2.19037E-09  4.99999E-02 <UV> 
 2.04438E-01  4.28642E-08  2.14321E-09  5.00006E-02 <UV> 
 2.05460E-01  4.58878E-08  2.29439E-09  5.00000E-02 <UV> 
 2.06487E-01  4.50871E-08  2.25435E-09  4.99983E-02 <UV> 
 2.07520E-01  4.86052E-08  2.43026E-09  5.00001E-02 <UV> 
 2.08557E-01  4.79984E-08  2.39992E-09  5.00007E-02 <UV> 
 2.09600E-01  4.73143E-08  2.36571E-09  5.00000E-02 <UV> 
 2.10648E-01  4.56634E-08  2.28317E-09  5.00028E-02 <UV> 
 2.11701E-01  4.86365E-08  2.43182E-09  4.99997E-02 <UV> 
 2.12760E-01  4.26262E-08  2.13131E-09  5.00000E-02 <UV> 
 2.13824E-01  3.78393E-08  1.89196E-09  4.99992E-02 <UV> 
 2.14893E-01  4.35289E-08  2.17644E-09  5.00017E-02 <UV> 
 2.15967E-01  4.33146E-08  2.16573E-09  4.99983E-02 <UV> 
 2.17047E-01  3.82749E-08  1.91375E-09  4.99984E-02 <UV> 
 2.18132E-01  4.35985E-08  2.17993E-09  5.00018E-02 <UV> 
 2.19223E-01  4.17326E-08  2.08663E-09  4.99993E-02 <UV> 
 2.20319E-01  4.53152E-08  2.26576E-09  5.00002E-02 <UV> 
 2.21421E-01  3.30357E-08  1.77376E-09  4.99999E-02 <UV> 
 2.22528E-01  4.06057E-08  2.03029E-09  4.99983E-02 <UV> 
 2.23640E-01  4.34441E-08  2.17221E-09  4.99999E-02 <UV> 
 2.24759E-01  3.78300E-08  1.89150E-09  5.00003E-02 <UV> 
 2.25882E-01  3.35600E-08  1.67800E-09  4.99995E-02 <UV> 
 2.27012E-01  4.00460E-08  2.00230E-09  5.00018E-02 <UV> 
 2.28147E-01  3.88958E-08  1.94479E-09  4.99985E-02 <UV> 
 2.29288E-01  4.12507E-08  2.06253E-09  5.00027E-02 <UV> 
 2.30434E-01  3.76082E-08  1.88041E-09  4.99970E-02 <UV> 
 2.31586E-01  3.78655E-08  1.89327E-09  5.00030E-02 <UV> 
 2.32744E-01  3.52074E-08  1.76037E-09  4.99991E-02 <UV> 
 2.33908E-01  3.29513E-08  1.64756E-09  4.99983E-02 <UV> 
 2.35077E-01  3.07836E-08  1.53918E-09  5.00006E-02 <UV> 
 2.36253E-01  3.27605E-08  1.63802E-09  5.00015E-02 <UV> 
 2.37434E-01  3.20291E-08  1.60146E-09  4.99971E-02 <UV> 
 2.38621E-01  2.97033E-08  1.48517E-09  5.00040E-02 <UV> 
 2.39814E-01  3.08183E-08  1.54091E-09  4.99970E-02 <UV> 
 2.41013E-01  3.03443E-08  1.51721E-09  5.00014E-02 <UV> 
 2.42218E-01  3.54511E-08  1.77255E-09  5.00003E-02 <UV> 
 2.43430E-01  3.46980E-08  1.73490E-09  4.99980E-02 <UV> 
 2.44647E-01  3.59217E-08  1.79609E-09  5.00027E-02 <UV> 
 2.45870E-01  3.67730E-08  1.83865E-09  4.99980E-02 <UV> 
 2.47099E-01  3.38919E-08  1.69459E-09  5.00002E-02 <UV> 
 2.48335E-01  3.52998E-08  1.76499E-09  5.00011E-02 <UV> 
 2.49576E-01  3.89194E-08  1.94597E-09  5.00007E-02 <UV> 
 2.50824E-01  4.11211E-08  2.05606E-09  4.99991E-02 <UV> 
 2.52078E-01  3.65342E-08  1.82671E-09  5.00003E-02 <UV> 
 2.53339E-01  3.38767E-08  1.69384E-09  5.00002E-02 <UV> 
 2.54605E-01  3.22929E-08  1.61464E-09  4.99989E-02 <UV> 
 2.55879E-01  3.98787E-08  1.99393E-09  5.00003E-02 <UV> 
 2.57158E-01  4.23153E-08  2.11577E-09  5.00004E-02 <UV> 
 2.58444E-01  4.42585E-08  2.21292E-09  4.99993E-02 <UV> 
 2.59736E-01  4.41561E-08  2.20781E-09  5.00008E-02 <UV> 
 2.61035E-01  4.04418E-08  2.02209E-09  5.00010E-02 <UV> 
 2.62340E-01  4.56361E-08  2.28181E-09  5.00000E-02 <UV> 
 2.63651E-01  4.64651E-08  2.32326E-09  4.99978E-02 <UV> 
 2.64970E-01  5.42555E-08  2.71277E-09  5.00019E-02 <UV> 
 2.66295E-01  4.91223E-08  2.45611E-09  4.99973E-02 <UV> 
 2.67626E-01  4.99671E-08  2.49836E-09  5.00026E-02 <UV> 
 2.68964E-01  4.86107E-08  2.43054E-09  4.99992E-02 <UV> 
 2.70309E-01  4.82515E-08  2.41258E-09  4.99983E-02 <UV> 
 2.71661E-01  4.76802E-08  2.38401E-09  4.99999E-02 <UV> 
 2.73019E-01  4.98369E-08  2.49184E-09  5.00002E-02 <UV> 
 2.74384E-01  4.31485E-08  2.15743E-09  4.99993E-02 <UV> 
 2.75756E-01  4.43327E-08  2.21664E-09  5.00008E-02 <UV> 
 2.77135E-01  4.86709E-08  2.43355E-09  5.00010E-02 <UV> 
 2.78520E-01  4.68549E-08  2.34275E-09  4.99999E-02 <UV> 
 2.79913E-01  2.89441E-08  1.44721E-09  5.00013E-02 <UV> 
 2.81313E-01  5.08320E-08  2.54160E-09  4.99978E-02 <UV> 
 2.82719E-01  5.29109E-08  2.64554E-09  5.00002E-02 <UV> 
 2.84133E-01  5.24517E-08  2.62259E-09  5.00013E-02 <UV> 
 2.85553E-01  4.62599E-08  2.31300E-09  4.99977E-02 <UV> 
 2.86981E-01  4.71742E-08  2.35871E-09  5.00033E-02 <UV> 
 2.88416E-01  4.88006E-08  2.44003E-09  4.99972E-02 <UV> 
 2.89858E-01  4.77466E-08  2.38733E-09  5.00003E-02 <UV> 
 2.91307E-01  5.14757E-08  2.57379E-09  5.00022E-02 <UV> 
 2.92764E-01  4.92072E-08  2.46036E-09  4.99993E-02 <UV> 
 2.94228E-01  4.99375E-08  2.49688E-09  4.99987E-02 <UV> 
 2.95699E-01  5.12109E-08  2.56054E-09  5.00002E-02 <UV> 
 2.97177E-01  5.11291E-08  2.55645E-09  5.00005E-02 <UV> 
 2.98663E-01  5.20394E-08  2.60197E-09  4.99995E-02 <UV> 
 3.00156E-01  5.28185E-08  2.64093E-09  5.00006E-02 <UV> 
 3.01657E-01  5.30298E-08  2.65149E-09  5.00004E-02 <UV> 
 3.03166E-01  5.20478E-08  2.60239E-09  4.99991E-02 <UV> 
 3.04681E-01  5.23394E-08  2.61697E-09  4.99998E-02 <UV> 
 3.06205E-01  5.17716E-08  2.58858E-09  4.99992E-02 <UV> 
 3.07736E-01  5.30260E-08  2.65130E-09  5.00007E-02 <UV> 
 3.09275E-01  5.28671E-08  2.64335E-09  5.00009E-02 <UV> 
 3.10821E-01  4.97761E-08  2.48881E-09  4.99999E-02 <UV> 
 3.12375E-01  4.89520E-08  2.44760E-09  5.00008E-02 <UV> 
 3.13937E-01  4.68350E-08  2.34175E-09  5.00005E-02 <UV> 
 3.15507E-01  4.64158E-08  2.32079E-09  4.97517E-02 <UV> 
