 4.33000E-01  6.27487E-10  1.38472E-10  1.00000E+00 JOHNSON.B 
 4.33000E-01  5.77429E-10  1.38472E-10  1.00000E+00 JOHNSON.B 
 4.81000E-01  7.57708E-10  1.24654E-10  1.00000E+00 SDSS.G 
 5.50000E-01  1.06260E-09  2.18031E-10  1.00000E+00 JOHNSON.V 
 6.23000E-01  1.17047E-09  1.92483E-10  1.00000E+00 SDSS.R 
 7.90000E-01  1.53805E-09  1.51794E-10  1.00000E+00 COUSINS.I 
 1.23930E+00  1.44282E-09  7.21408E-11  1.00000E+00 2MASS.J 
 1.64950E+00  1.58517E-09  7.92583E-11  1.00000E+00 2MASS.H 
 2.16390E+00  1.50014E-09  7.50070E-11  1.00000E+00 2MASS.KS 
 3.36820E+00  9.16413E-10  4.58207E-11  1.00000E+00 WISE.W1 
 4.61790E+00  8.67262E-10  4.33631E-11  1.00000E+00 WISE.W2 
 9.09950E+00  4.36535E-10  3.59112E-11  1.00000E+00 AKARI.S9W 
 1.20730E+01  2.74241E-10  1.37120E-11  1.00000E+00 WISE.W3 
 1.95050E+01  2.68668E-10  3.25845E-11  1.00000E+00 AKARI.L18W 
 2.21943E+01  3.12580E-10  1.56290E-11  1.00000E+00 WISE.W4 
 6.04093E+01  2.78407E-10  2.50566E-11  1.00000E+00 IRAS.F60 
 6.27400E+01  1.91133E-10  9.55666E-12  1.00000E+00 generic 
 6.62934E+01  2.15438E-10  1.07719E-11  1.00000E+00 AKARI.N60 
 6.83700E+01  1.71009E-10  8.76971E-12  1.00000E+00 generic 
 8.78971E+01  1.75720E-10  8.78602E-12  1.00000E+00 AKARI.WIDES 
 1.01119E+02  1.63951E-10  1.96741E-11  1.00000E+00 IRAS.F100 
 1.26400E+02  6.47495E-11  3.23747E-12  1.00000E+00 generic 
 1.37700E+02  5.24691E-11  2.62346E-12  1.00000E+00 generic 
 1.20000E+03  2.22346E-13  1.22415E-14  1.00000E+00 generic 
 1.30000E+03  1.79875E-13  1.12999E-14  1.00000E+00 generic 
 3.30000E+03  2.54369E-15  6.35923E-16  1.00000E+00 generic 
 7.00000E+03  4.28275E-16  4.28275E-17  1.00000E+00 generic 
 5.15676E+00  5.45153E-10  2.72577E-11  5.86399E-02 SpitzerIRS 
 5.18700E+00  5.20286E-10  2.60143E-11  5.83195E-02 SpitzerIRS 
 5.21725E+00  5.23467E-10  2.61734E-11  5.79616E-02 SpitzerIRS 
 5.24749E+00  5.12066E-10  2.56033E-11  5.76279E-02 SpitzerIRS 
 5.27773E+00  5.04071E-10  2.52036E-11  5.72970E-02 SpitzerIRS 
 5.30797E+00  4.98767E-10  2.49383E-11  5.69709E-02 SpitzerIRS 
 5.33821E+00  4.89933E-10  2.44966E-11  5.66679E-02 SpitzerIRS 
 5.36846E+00  4.82889E-10  2.41444E-11  5.63288E-02 SpitzerIRS 
 5.39870E+00  4.79024E-10  2.39512E-11  5.60131E-02 SpitzerIRS 
 5.42894E+00  4.76103E-10  2.38051E-11  5.57013E-02 SpitzerIRS 
 5.45918E+00  4.69691E-10  2.34846E-11  5.53929E-02 SpitzerIRS 
 5.48942E+00  4.64330E-10  2.32165E-11  5.51056E-02 SpitzerIRS 
 5.51967E+00  4.60452E-10  2.30226E-11  5.47862E-02 SpitzerIRS 
 5.54991E+00  4.54017E-10  2.27008E-11  5.44876E-02 SpitzerIRS 
 5.58015E+00  4.49305E-10  2.24653E-11  5.41919E-02 SpitzerIRS 
 5.61039E+00  4.44858E-10  2.22429E-11  5.39000E-02 SpitzerIRS 
 5.64063E+00  4.41646E-10  2.20823E-11  5.36286E-02 SpitzerIRS 
 5.67088E+00  4.38805E-10  2.19403E-11  5.33249E-02 SpitzerIRS 
 5.70112E+00  4.34398E-10  2.17199E-11  5.30424E-02 SpitzerIRS 
 5.73136E+00  4.26449E-10  2.13224E-11  5.27629E-02 SpitzerIRS 
 5.76160E+00  4.24773E-10  2.12386E-11  5.24849E-02 SpitzerIRS 
 5.79184E+00  4.22522E-10  2.11261E-11  5.22292E-02 SpitzerIRS 
 5.82209E+00  4.17565E-10  2.08783E-11  5.19399E-02 SpitzerIRS 
 5.85233E+00  4.10475E-10  2.05238E-11  5.16709E-02 SpitzerIRS 
 5.88257E+00  4.08769E-10  2.04384E-11  5.14063E-02 SpitzerIRS 
 5.91281E+00  4.02710E-10  2.01355E-11  5.11435E-02 SpitzerIRS 
 5.94305E+00  3.99170E-10  1.99585E-11  5.08998E-02 SpitzerIRS 
 5.97330E+00  3.95256E-10  1.97628E-11  5.06256E-02 SpitzerIRS 
 6.00354E+00  3.91578E-10  1.95789E-11  5.03701E-02 SpitzerIRS 
 6.03378E+00  3.91173E-10  1.95587E-11  5.01178E-02 SpitzerIRS 
 6.06402E+00  3.86154E-10  1.93077E-11  4.98686E-02 SpitzerIRS 
 6.09426E+00  3.81271E-10  1.90635E-11  4.96360E-02 SpitzerIRS 
 6.12451E+00  3.82280E-10  1.91140E-11  4.93754E-02 SpitzerIRS 
 6.15475E+00  3.82205E-10  1.91103E-11  4.91326E-02 SpitzerIRS 
 6.18499E+00  3.80088E-10  1.90044E-11  4.88930E-02 SpitzerIRS 
 6.21523E+00  3.76993E-10  1.88496E-11  4.86544E-02 SpitzerIRS 
 6.24547E+00  3.73392E-10  1.86696E-11  4.84354E-02 SpitzerIRS 
 6.27572E+00  3.74438E-10  1.87219E-11  4.81860E-02 SpitzerIRS 
 6.30596E+00  3.70792E-10  1.85396E-11  4.79542E-02 SpitzerIRS 
 6.33620E+00  3.65871E-10  1.82935E-11  4.77253E-02 SpitzerIRS 
 6.36644E+00  3.61983E-10  1.80991E-11  4.74997E-02 SpitzerIRS 
 6.39668E+00  3.56136E-10  1.78068E-11  4.72900E-02 SpitzerIRS 
 6.42693E+00  3.53128E-10  1.76564E-11  4.70523E-02 SpitzerIRS 
 6.45717E+00  3.50722E-10  1.75361E-11  4.68315E-02 SpitzerIRS 
 6.48741E+00  3.48290E-10  1.74145E-11  4.66135E-02 SpitzerIRS 
 6.51765E+00  3.44694E-10  1.72347E-11  4.63969E-02 SpitzerIRS 
 6.54789E+00  3.43201E-10  1.71600E-11  4.61976E-02 SpitzerIRS 
 6.57814E+00  3.38956E-10  1.69478E-11  4.59707E-02 SpitzerIRS 
 6.60838E+00  3.34301E-10  1.67150E-11  4.57596E-02 SpitzerIRS 
 6.63862E+00  3.32606E-10  1.66303E-11  4.55516E-02 SpitzerIRS 
 6.66886E+00  3.28198E-10  1.64099E-11  4.53457E-02 SpitzerIRS 
 6.69910E+00  3.27065E-10  1.63532E-11  4.51553E-02 SpitzerIRS 
 6.72935E+00  3.23508E-10  1.61754E-11  4.49376E-02 SpitzerIRS 
 6.75959E+00  3.18465E-10  1.59232E-11  4.47364E-02 SpitzerIRS 
 6.78983E+00  3.15914E-10  1.57957E-11  4.45369E-02 SpitzerIRS 
 6.82007E+00  3.14669E-10  1.57334E-11  4.43393E-02 SpitzerIRS 
 6.85031E+00  3.10626E-10  1.55313E-11  4.41589E-02 SpitzerIRS 
 6.88056E+00  3.11197E-10  1.55599E-11  4.39498E-02 SpitzerIRS 
 6.91080E+00  3.10114E-10  1.55057E-11  4.37582E-02 SpitzerIRS 
 6.94104E+00  3.08416E-10  1.54208E-11  4.35670E-02 SpitzerIRS 
 6.97128E+00  3.06065E-10  1.53032E-11  4.33781E-02 SpitzerIRS 
 7.00152E+00  3.05937E-10  1.52969E-11  4.32050E-02 SpitzerIRS 
 7.03177E+00  3.02211E-10  1.51106E-11  4.30041E-02 SpitzerIRS 
 7.06201E+00  3.01621E-10  1.50811E-11  4.28208E-02 SpitzerIRS 
 7.09225E+00  2.99701E-10  1.49851E-11  4.26384E-02 SpitzerIRS 
 7.12249E+00  2.98781E-10  1.49390E-11  4.24565E-02 SpitzerIRS 
 7.15273E+00  2.98015E-10  1.49008E-11  4.22920E-02 SpitzerIRS 
 7.18298E+00  2.93941E-10  1.46970E-11  4.20994E-02 SpitzerIRS 
 7.21322E+00  2.94704E-10  1.47352E-11  4.19234E-02 SpitzerIRS 
 7.24346E+00  2.91004E-10  1.45502E-11  4.17476E-02 SpitzerIRS 
 7.27370E+00  2.90885E-10  1.45443E-11  4.15743E-02 SpitzerIRS 
 7.30394E+00  2.92297E-10  1.46149E-11  4.14160E-02 SpitzerIRS 
 7.33419E+00  2.85155E-10  1.42577E-11  4.12314E-02 SpitzerIRS 
 7.36443E+00  2.83903E-10  1.41951E-11  4.10626E-02 SpitzerIRS 
 7.39467E+00  2.71837E-10  1.35918E-11  4.08945E-02 SpitzerIRS 
 7.42491E+00  2.81660E-10  1.40830E-11  4.07276E-02 SpitzerIRS 
 7.45515E+00  2.78209E-10  1.39104E-11  4.05765E-02 SpitzerIRS 
 7.48540E+00  2.77098E-10  1.38549E-11  4.03980E-02 SpitzerIRS 
 7.51564E+00  2.75549E-10  1.37775E-11  4.02358E-02 SpitzerIRS 
 7.54588E+00  2.72710E-10  1.36355E-11  4.00754E-02 SpitzerIRS 
 7.57612E+00  2.85835E-10  1.64891E-11  7.98296E-02 SpitzerIRS 
 7.63660E+00  2.65964E-10  1.55577E-11  7.92104E-02 SpitzerIRS 
 7.69709E+00  2.60275E-10  1.46525E-11  7.85748E-02 SpitzerIRS 
 7.75757E+00  2.64781E-10  1.51373E-11  7.79632E-02 SpitzerIRS 
 7.81805E+00  2.62576E-10  1.49205E-11  7.73719E-02 SpitzerIRS 
 7.87854E+00  2.57694E-10  1.45320E-11  7.67656E-02 SpitzerIRS 
 7.93902E+00  2.53994E-10  1.40059E-11  7.61932E-02 SpitzerIRS 
 7.99951E+00  2.57826E-10  1.41923E-11  7.56050E-02 SpitzerIRS 
 8.05999E+00  2.67496E-10  1.47925E-11  7.50369E-02 SpitzerIRS 
 8.12047E+00  2.74556E-10  1.49961E-11  7.44903E-02 SpitzerIRS 
 8.18096E+00  2.80548E-10  1.56108E-11  7.39289E-02 SpitzerIRS 
 8.24144E+00  2.89231E-10  1.60019E-11  7.33847E-02 SpitzerIRS 
 8.30192E+00  2.97347E-10  1.68712E-11  7.28623E-02 SpitzerIRS 
 8.36241E+00  3.03635E-10  1.68782E-11  7.23241E-02 SpitzerIRS 
 8.42289E+00  3.14503E-10  1.73549E-11  7.18045E-02 SpitzerIRS 
 8.48337E+00  3.20658E-10  1.75316E-11  7.13048E-02 SpitzerIRS 
 8.54386E+00  3.24861E-10  1.79549E-11  7.07864E-02 SpitzerIRS 
 8.60434E+00  3.33804E-10  1.85081E-11  7.03024E-02 SpitzerIRS 
 8.66483E+00  3.44420E-10  1.93096E-11  6.97993E-02 SpitzerIRS 
 8.72531E+00  3.60415E-10  2.05570E-11  6.93158E-02 SpitzerIRS 
 8.78579E+00  3.68754E-10  2.10672E-11  6.88491E-02 SpitzerIRS 
 8.84628E+00  3.82523E-10  2.14552E-11  6.83687E-02 SpitzerIRS 
 8.90676E+00  3.96769E-10  2.19928E-11  6.79030E-02 SpitzerIRS 
 8.96724E+00  4.11424E-10  2.33623E-11  6.74569E-02 SpitzerIRS 
 9.02773E+00  4.30701E-10  2.42651E-11  6.69936E-02 SpitzerIRS 
 9.08821E+00  4.54293E-10  2.52053E-11  6.65476E-02 SpitzerIRS 
 9.14869E+00  4.77728E-10  2.62381E-11  6.61189E-02 SpitzerIRS 
 9.20918E+00  4.99308E-10  2.74525E-11  6.56731E-02 SpitzerIRS 
 9.26966E+00  5.23954E-10  2.86447E-11  6.52556E-02 SpitzerIRS 
 9.33015E+00  5.44380E-10  2.96382E-11  6.48225E-02 SpitzerIRS 
 9.39063E+00  5.58145E-10  3.05934E-11  6.44046E-02 SpitzerIRS 
 9.45111E+00  5.68632E-10  3.09210E-11  6.40027E-02 SpitzerIRS 
 9.51160E+00  5.78824E-10  3.17519E-11  6.35858E-02 SpitzerIRS 
 9.57208E+00  5.91894E-10  3.24125E-11  6.31838E-02 SpitzerIRS 
 9.63256E+00  6.06120E-10  3.31365E-11  6.27982E-02 SpitzerIRS 
 9.69305E+00  6.16506E-10  3.35761E-11  6.23939E-02 SpitzerIRS 
 9.75353E+00  6.19983E-10  3.38658E-11  6.20090E-02 SpitzerIRS 
 9.81401E+00  6.24251E-10  3.42742E-11  6.16366E-02 SpitzerIRS 
 9.87450E+00  6.22091E-10  3.43769E-11  3.21635E-02 SpitzerIRS 
 9.90626E+00  6.30408E-10  3.15204E-11  1.94468E-02 SpitzerIRS 
 9.92552E+00  6.27329E-10  3.13664E-11  3.91838E-02 SpitzerIRS 
 9.96442E+00  6.19465E-10  3.09733E-11  3.42552E-02 SpitzerIRS 
 9.99855E+00  6.08086E-10  3.04043E-11  2.99185E-02 SpitzerIRS 
 1.00285E+01  6.06241E-10  3.03120E-11  3.35395E-02 SpitzerIRS 
 1.00621E+01  6.03768E-10  3.01884E-11  3.48178E-02 SpitzerIRS 
 1.00971E+01  5.90280E-10  2.95140E-11  3.07424E-02 SpitzerIRS 
 1.01282E+01  5.71068E-10  2.85534E-11  3.55523E-02 SpitzerIRS 
 1.01642E+01  5.71886E-10  2.85943E-11  3.55110E-02 SpitzerIRS 
 1.02003E+01  5.69018E-10  2.84509E-11  2.99668E-02 SpitzerIRS 
 1.02308E+01  5.66436E-10  2.83218E-11  3.42005E-02 SpitzerIRS 
 1.02658E+01  5.59866E-10  2.79933E-11  3.40596E-02 SpitzerIRS 
 1.03008E+01  5.54345E-10  2.77173E-11  3.12092E-02 SpitzerIRS 
 1.03329E+01  5.46119E-10  2.73059E-11  3.50423E-02 SpitzerIRS 
 1.03692E+01  5.38892E-10  2.69446E-11  3.71496E-02 SpitzerIRS 
 1.04077E+01  5.31512E-10  2.65756E-11  2.89162E-02 SpitzerIRS 
 1.04378E+01  5.20568E-10  2.60284E-11  3.42305E-02 SpitzerIRS 
 1.04735E+01  5.19892E-10  2.59946E-11  3.52690E-02 SpitzerIRS 
 1.05104E+01  5.07286E-10  2.53643E-11  2.96600E-02 SpitzerIRS 
 1.05416E+01  5.00736E-10  2.50368E-11  3.08122E-02 SpitzerIRS 
 1.05741E+01  4.94062E-10  2.47031E-11  3.47548E-02 SpitzerIRS 
 1.06108E+01  4.79557E-10  2.39779E-11  3.45712E-02 SpitzerIRS 
 1.06475E+01  4.72458E-10  2.36229E-11  3.10823E-02 SpitzerIRS 
 1.06806E+01  4.63541E-10  2.31770E-11  3.49605E-02 SpitzerIRS 
 1.07180E+01  4.59589E-10  2.29794E-11  3.46474E-02 SpitzerIRS 
 1.07551E+01  4.55448E-10  2.27724E-11  3.11071E-02 SpitzerIRS 
 1.07886E+01  4.50812E-10  2.25406E-11  3.45236E-02 SpitzerIRS 
 1.08258E+01  4.42870E-10  2.21435E-11  3.46367E-02 SpitzerIRS 
 1.08633E+01  4.36866E-10  2.18433E-11  3.14969E-02 SpitzerIRS 
 1.08975E+01  4.27009E-10  2.13505E-11  3.40078E-02 SpitzerIRS 
 1.09346E+01  4.22460E-10  2.11230E-11  3.42565E-02 SpitzerIRS 
 1.09720E+01  4.17476E-10  2.08738E-11  3.13707E-02 SpitzerIRS 
 1.10064E+01  4.13390E-10  2.06695E-11  3.42345E-02 SpitzerIRS 
 1.10441E+01  4.05367E-10  2.02684E-11  3.44862E-02 SpitzerIRS 
 1.10822E+01  3.98839E-10  1.99420E-11  3.06527E-02 SpitzerIRS 
 1.11162E+01  3.92940E-10  1.96470E-11  3.49535E-02 SpitzerIRS 
 1.11550E+01  3.91479E-10  1.95740E-11  3.49931E-02 SpitzerIRS 
 1.11941E+01  3.83195E-10  1.91598E-11  3.02258E-02 SpitzerIRS 
 1.12279E+01  3.75187E-10  1.87593E-11  3.28601E-02 SpitzerIRS 
 1.12648E+01  3.72087E-10  1.86044E-11  3.71333E-02 SpitzerIRS 
 1.13066E+01  3.67701E-10  1.83850E-11  3.06501E-02 SpitzerIRS 
 1.13413E+01  3.56800E-10  1.78400E-11  3.49898E-02 SpitzerIRS 
 1.13810E+01  3.43839E-10  1.71919E-11  3.49135E-02 SpitzerIRS 
 1.14207E+01  3.33378E-10  1.66689E-11  3.06076E-02 SpitzerIRS 
 1.14557E+01  3.27922E-10  1.63961E-11  3.51084E-02 SpitzerIRS 
 1.14959E+01  3.17233E-10  1.58617E-11  3.44184E-02 SpitzerIRS 
 1.15355E+01  3.12305E-10  1.56153E-11  3.06256E-02 SpitzerIRS 
 1.15708E+01  3.05218E-10  1.52609E-11  3.67080E-02 SpitzerIRS 
 1.16133E+01  2.99729E-10  1.49865E-11  3.28495E-02 SpitzerIRS 
 1.16514E+01  2.90047E-10  1.45023E-11  3.08658E-02 SpitzerIRS 
 1.16874E+01  2.86391E-10  1.43196E-11  3.44090E-02 SpitzerIRS 
 1.17276E+01  2.74699E-10  1.37350E-11  3.44538E-02 SpitzerIRS 
 1.17680E+01  2.68536E-10  1.34268E-11  3.13979E-02 SpitzerIRS 
 1.18049E+01  2.63691E-10  1.31846E-11  3.46355E-02 SpitzerIRS 
 1.18458E+01  2.56377E-10  1.28188E-11  3.40086E-02 SpitzerIRS 
 1.18861E+01  2.49005E-10  1.24503E-11  2.95017E-02 SpitzerIRS 
 1.19212E+01  2.34310E-10  1.17155E-11  3.64394E-02 SpitzerIRS 
 1.19646E+01  2.35091E-10  1.17545E-11  3.42268E-02 SpitzerIRS 
 1.20056E+01  2.31379E-10  1.15690E-11  3.12555E-02 SpitzerIRS 
 1.20431E+01  2.26785E-10  1.13393E-11  3.45352E-02 SpitzerIRS 
 1.20847E+01  2.20581E-10  1.10291E-11  3.42003E-02 SpitzerIRS 
 1.21260E+01  2.16602E-10  1.08301E-11  3.13203E-02 SpitzerIRS 
 1.21640E+01  2.13031E-10  1.06515E-11  3.44879E-02 SpitzerIRS 
 1.22059E+01  2.06862E-10  1.03431E-11  3.44062E-02 SpitzerIRS 
 1.22479E+01  2.04817E-10  1.02408E-11  3.10330E-02 SpitzerIRS 
 1.22859E+01  2.04133E-10  1.02066E-11  3.07099E-02 SpitzerIRS 
 1.23237E+01  1.99224E-10  9.96118E-12  3.45278E-02 SpitzerIRS 
 1.23662E+01  1.96393E-10  9.81964E-12  3.49622E-02 SpitzerIRS 
 1.24095E+01  1.93164E-10  9.65819E-12  3.07814E-02 SpitzerIRS 
 1.24477E+01  1.91191E-10  9.55954E-12  3.44643E-02 SpitzerIRS 
 1.24906E+01  1.87670E-10  9.38352E-12  3.47110E-02 SpitzerIRS 
 1.25339E+01  1.82980E-10  9.14901E-12  3.13374E-02 SpitzerIRS 
 1.25732E+01  1.82766E-10  9.13832E-12  3.46777E-02 SpitzerIRS 
 1.26168E+01  1.81535E-10  9.07676E-12  3.47790E-02 SpitzerIRS 
 1.26607E+01  1.72619E-10  8.63093E-12  3.06113E-02 SpitzerIRS 
 1.26994E+01  1.77416E-10  8.87081E-12  3.46078E-02 SpitzerIRS 
 1.27434E+01  1.78273E-10  8.91365E-12  3.44163E-02 SpitzerIRS 
 1.27872E+01  1.77503E-10  8.87514E-12  3.11287E-02 SpitzerIRS 
 1.28270E+01  1.76553E-10  8.82767E-12  3.45497E-02 SpitzerIRS 
 1.28714E+01  1.72839E-10  8.64196E-12  3.39910E-02 SpitzerIRS 
 1.29151E+01  1.72397E-10  8.61986E-12  3.13826E-02 SpitzerIRS 
 1.29556E+01  1.73365E-10  8.66824E-12  3.49199E-02 SpitzerIRS 
 1.30009E+01  1.72739E-10  8.63697E-12  3.41861E-02 SpitzerIRS 
 1.30453E+01  1.72858E-10  8.64291E-12  3.09605E-02 SpitzerIRS 
 1.30857E+01  1.73947E-10  8.69734E-12  3.89707E-02 SpitzerIRS 
 1.31367E+01  1.72473E-10  8.62363E-12  3.08251E-02 SpitzerIRS 
 1.31772E+01  1.72046E-10  8.60229E-12  3.03843E-02 SpitzerIRS 
 1.32172E+01  1.71487E-10  8.57437E-12  3.43006E-02 SpitzerIRS 
 1.32626E+01  1.72599E-10  8.62995E-12  3.49615E-02 SpitzerIRS 
 1.33089E+01  1.72483E-10  8.62415E-12  3.08311E-02 SpitzerIRS 
 1.33500E+01  1.71214E-10  8.56071E-12  3.45821E-02 SpitzerIRS 
 1.33962E+01  1.71199E-10  8.55995E-12  3.49780E-02 SpitzerIRS 
 1.34430E+01  1.70856E-10  8.54281E-12  3.11627E-02 SpitzerIRS 
 1.34849E+01  1.69177E-10  8.45885E-12  3.27210E-02 SpitzerIRS 
 1.35290E+01  1.73538E-10  8.67690E-12  3.57535E-02 SpitzerIRS 
 1.35774E+01  1.76145E-10  8.80723E-12  3.16924E-02 SpitzerIRS 
 1.36204E+01  1.75375E-10  8.76876E-12  3.43132E-02 SpitzerIRS 
 1.36672E+01  1.77026E-10  8.85132E-12  3.44922E-02 SpitzerIRS 
 1.37143E+01  1.77589E-10  8.87946E-12  3.04383E-02 SpitzerIRS 
 1.37560E+01  1.78719E-10  8.93595E-12  3.58795E-02 SpitzerIRS 
 1.38054E+01  1.78032E-10  8.90162E-12  3.40439E-02 SpitzerIRS 
 1.38524E+01  1.79247E-10  8.96235E-12  3.06438E-02 SpitzerIRS 
 1.38948E+01  1.79081E-10  8.95407E-12  3.46646E-02 SpitzerIRS 
 1.39430E+01  1.80012E-10  9.00060E-12  3.47471E-02 SpitzerIRS 
 1.39915E+01  1.79950E-10  8.99748E-12  3.08109E-02 SpitzerIRS 
 1.40346E+01  1.80959E-10  9.04796E-12  3.65868E-02 SpitzerIRS 
 1.40859E+01  1.81078E-10  9.05389E-12  3.31153E-02 SpitzerIRS 
 1.41326E+01  1.82379E-10  9.11895E-12  3.07333E-02 SpitzerIRS 
 1.41760E+01  1.82238E-10  9.11191E-12  3.44272E-02 SpitzerIRS 
 1.42248E+01  1.80418E-10  9.02091E-12  3.44581E-02 SpitzerIRS 
 1.42738E+01  1.80809E-10  9.04047E-12  3.12082E-02 SpitzerIRS 
 1.43184E+01  1.82695E-10  9.13477E-12  3.09553E-02 SpitzerIRS 
 1.43627E+01  1.82696E-10  9.13478E-12  3.13340E-02 SpitzerIRS 
 1.44077E+01  1.82561E-10  9.12804E-12  3.76139E-02 SpitzerIRS 
 1.44619E+01  1.84984E-10  9.24919E-12  3.05873E-02 SpitzerIRS 
 1.45061E+01  1.84829E-10  9.24144E-12  3.49191E-02 SpitzerIRS 
 1.45568E+01  1.85789E-10  9.28944E-12  3.54289E-02 SpitzerIRS 
 1.46083E+01  1.87811E-10  9.39056E-12  3.03970E-02 SpitzerIRS 
 1.46528E+01  1.91989E-10  9.59947E-12  3.41383E-02 SpitzerIRS 
 1.47028E+01  1.91566E-10  9.57828E-12  3.52770E-02 SpitzerIRS 
 1.47546E+01  1.92030E-10  9.60152E-12  3.11122E-02 SpitzerIRS 
 1.48005E+01  1.94059E-10  9.70295E-12  3.41345E-02 SpitzerIRS 
 1.48511E+01  1.94571E-10  9.72855E-12  3.47510E-02 SpitzerIRS 
 1.49027E+01  1.95534E-10  9.77672E-12  3.07649E-02 SpitzerIRS 
 1.49485E+01  1.93704E-10  9.68520E-12  3.44168E-02 SpitzerIRS 
 1.50000E+01  1.94760E-10  9.73798E-12  3.48261E-02 SpitzerIRS 
 1.50522E+01  1.97118E-10  9.85590E-12  3.09775E-02 SpitzerIRS 
 1.50988E+01  1.98895E-10  9.94475E-12  3.40960E-02 SpitzerIRS 
 1.51503E+01  1.98617E-10  9.93084E-12  3.44046E-02 SpitzerIRS 
 1.52024E+01  2.01702E-10  1.00851E-11  3.17140E-02 SpitzerIRS 
 1.52507E+01  2.07034E-10  1.03517E-11  3.49991E-02 SpitzerIRS 
 1.53040E+01  2.07490E-10  1.03745E-11  3.39015E-02 SpitzerIRS 
 1.53559E+01  2.11903E-10  1.05951E-11  2.89387E-02 SpitzerIRS 
 1.54004E+01  2.17166E-10  1.08583E-11  3.65186E-02 SpitzerIRS 
 1.54566E+01  2.21688E-10  1.10844E-11  3.52219E-02 SpitzerIRS 
 1.55110E+01  2.25094E-10  1.12547E-11  3.02778E-02 SpitzerIRS 
 1.55580E+01  2.26464E-10  1.13232E-11  3.43360E-02 SpitzerIRS 
 1.56114E+01  2.30713E-10  1.15357E-11  3.53203E-02 SpitzerIRS 
 1.56666E+01  2.34133E-10  1.17066E-11  3.11268E-02 SpitzerIRS 
 1.57153E+01  2.39846E-10  1.19923E-11  3.43105E-02 SpitzerIRS 
 1.57692E+01  2.45796E-10  1.22898E-11  3.45514E-02 SpitzerIRS 
 1.58237E+01  2.51339E-10  1.25669E-11  3.09807E-02 SpitzerIRS 
 1.58728E+01  2.58396E-10  1.29198E-11  3.51092E-02 SpitzerIRS 
 1.59285E+01  2.61973E-10  1.30986E-11  3.40510E-02 SpitzerIRS 
 1.59827E+01  2.64736E-10  1.32368E-11  3.07814E-02 SpitzerIRS 
 1.60319E+01  2.69335E-10  1.34667E-11  3.46864E-02 SpitzerIRS 
 1.60875E+01  2.72346E-10  1.36173E-11  3.50582E-02 SpitzerIRS 
 1.61439E+01  2.75923E-10  1.37961E-11  3.05316E-02 SpitzerIRS 
 1.61932E+01  2.83383E-10  1.41691E-11  3.51388E-02 SpitzerIRS 
 1.62501E+01  2.87689E-10  1.43844E-11  3.41013E-02 SpitzerIRS 
 1.63055E+01  2.92730E-10  1.46365E-11  3.34383E-02 SpitzerIRS 
 1.63601E+01  2.97771E-10  1.48886E-11  3.15751E-02 SpitzerIRS 
 1.64117E+01  3.02018E-10  1.51009E-11  3.56800E-02 SpitzerIRS 
 1.64703E+01  3.04790E-10  1.52395E-11  3.09017E-02 SpitzerIRS 
 1.65212E+01  3.07490E-10  1.53745E-11  3.11455E-02 SpitzerIRS 
 1.65726E+01  3.09991E-10  1.54995E-11  3.80043E-02 SpitzerIRS 
 1.66356E+01  3.12453E-10  1.56227E-11  3.08218E-02 SpitzerIRS 
 1.66869E+01  3.14749E-10  1.57374E-11  3.03005E-02 SpitzerIRS 
 1.67374E+01  3.18884E-10  1.59442E-11  3.52300E-02 SpitzerIRS 
 1.67964E+01  3.23467E-10  1.61734E-11  3.47676E-02 SpitzerIRS 
 1.68548E+01  3.29278E-10  1.64639E-11  3.03729E-02 SpitzerIRS 
 1.69060E+01  3.30310E-10  1.65155E-11  3.41577E-02 SpitzerIRS 
 1.69637E+01  3.32622E-10  1.66311E-11  3.53224E-02 SpitzerIRS 
 1.70237E+01  3.35085E-10  1.67542E-11  3.08488E-02 SpitzerIRS 
 1.70762E+01  3.39812E-10  1.69906E-11  3.43970E-02 SpitzerIRS 
 1.71349E+01  3.42336E-10  1.71168E-11  3.56488E-02 SpitzerIRS 
 1.71960E+01  3.46509E-10  1.73254E-11  3.02913E-02 SpitzerIRS 
 1.72481E+01  3.48377E-10  1.74189E-11  3.42629E-02 SpitzerIRS 
 1.73072E+01  3.52515E-10  1.76257E-11  3.50629E-02 SpitzerIRS 
 1.73679E+01  3.55305E-10  1.77652E-11  3.02202E-02 SpitzerIRS 
 1.74204E+01  3.53510E-10  1.76755E-11  3.48667E-02 SpitzerIRS 
 1.74811E+01  3.60530E-10  1.80265E-11  3.48056E-02 SpitzerIRS 
 1.75419E+01  3.63509E-10  1.81755E-11  3.11653E-02 SpitzerIRS 
 1.75966E+01  3.66793E-10  1.83397E-11  3.42157E-02 SpitzerIRS 
 1.76568E+01  3.70605E-10  1.85302E-11  3.49027E-02 SpitzerIRS 
 1.77184E+01  3.71769E-10  1.85885E-11  3.10067E-02 SpitzerIRS 
 1.77734E+01  3.74755E-10  1.87378E-11  3.41781E-02 SpitzerIRS 
 1.78341E+01  3.77098E-10  1.88549E-11  3.35161E-02 SpitzerIRS 
 1.78939E+01  3.79110E-10  1.89555E-11  3.26223E-02 SpitzerIRS 
 1.79523E+01  3.82335E-10  1.91167E-11  3.38787E-02 SpitzerIRS 
 1.80131E+01  3.84783E-10  1.92392E-11  3.48058E-02 SpitzerIRS 
 1.80758E+01  3.91158E-10  1.95579E-11  3.13270E-02 SpitzerIRS 
 1.81324E+01  3.89940E-10  1.94970E-11  3.39767E-02 SpitzerIRS 
 1.81940E+01  3.89214E-10  1.94607E-11  3.53242E-02 SpitzerIRS 
 1.82583E+01  3.94420E-10  1.97210E-11  3.04470E-02 SpitzerIRS 
 1.83139E+01  3.93720E-10  1.96860E-11  3.47687E-02 SpitzerIRS 
 1.83776E+01  3.92702E-10  1.96351E-11  3.47848E-02 SpitzerIRS 
 1.84415E+01  3.94688E-10  1.97344E-11  3.06960E-02 SpitzerIRS 
 1.84981E+01  3.97387E-10  1.98694E-11  3.53123E-02 SpitzerIRS 
 1.85634E+01  3.98705E-10  1.99353E-11  3.37923E-02 SpitzerIRS 
 1.86261E+01  3.98676E-10  1.99338E-11  3.10188E-02 SpitzerIRS 
 1.86839E+01  3.99642E-10  1.99821E-11  3.49156E-02 SpitzerIRS 
 1.87492E+01  4.00919E-10  2.00460E-11  3.49541E-02 SpitzerIRS 
 1.88147E+01  4.01700E-10  2.00850E-11  3.15806E-02 SpitzerIRS 
 1.88741E+01  4.11656E-10  2.05828E-11  3.20518E-02 SpitzerIRS 
 1.89346E+01  4.01470E-10  2.00735E-11  3.43715E-02 SpitzerIRS 
 1.89997E+01  3.98335E-10  1.99167E-11  3.35095E-02 SpitzerIRS 
 1.90634E+01  4.08189E-10  2.04095E-11  3.32418E-02 SpitzerIRS 
 1.91267E+01  3.97869E-10  1.98935E-11  3.24567E-02 SpitzerIRS 
 1.91888E+01  4.00347E-10  2.00173E-11  3.28499E-02 SpitzerIRS 
 1.92518E+01  3.99370E-10  1.99685E-11  3.45432E-02 SpitzerIRS 
 1.93183E+01  4.06277E-10  2.03139E-11  3.28905E-02 SpitzerIRS 
 1.93819E+01  3.87868E-10  1.93934E-11  3.30339E-02 SpitzerIRS 
 1.94459E+01  3.99089E-10  1.99545E-11  3.03514E-02 SpitzerIRS 
 1.95049E+01  3.74628E-10  1.87314E-11  3.58207E-02 SpitzerIRS 
 1.95748E+01  3.96174E-10  1.98087E-11  3.22205E-02 SpitzerIRS 
 1.96379E+01  3.86337E-10  1.93168E-11  3.32796E-02 SpitzerIRS 
 1.97032E+01  4.05810E-10  2.02905E-11  3.41188E-02 SpitzerIRS 
 1.97704E+01  3.97164E-10  1.98582E-11  3.63335E-02 SpitzerIRS 
 1.98423E+01  3.97706E-10  1.98853E-11  2.81717E-02 SpitzerIRS 
 1.98982E+01  3.91368E-10  1.95684E-11  3.70134E-02 SpitzerIRS 
 1.99718E+01  3.82638E-10  1.91319E-11  3.13041E-02 SpitzerIRS 
 2.00343E+01  3.84999E-10  1.92499E-11  3.41394E-02 SpitzerIRS 
 2.01027E+01  3.83624E-10  1.91812E-11  3.31487E-02 SpitzerIRS 
 2.01694E+01  3.92315E-10  1.96157E-11  3.36366E-02 SpitzerIRS 
 2.02372E+01  3.85354E-10  1.92677E-11  3.28993E-02 SpitzerIRS 
 2.03038E+01  4.03330E-10  2.01665E-11  3.42148E-02 SpitzerIRS 
 2.03733E+01  3.97762E-10  1.98881E-11  3.28239E-02 SpitzerIRS 
 2.04401E+01  4.03144E-10  2.01572E-11  3.41959E-02 SpitzerIRS 
 2.05100E+01  3.89686E-10  1.94843E-11  3.24617E-02 SpitzerIRS 
 2.05766E+01  3.92163E-10  1.96081E-11  3.38078E-02 SpitzerIRS 
 2.06462E+01  3.86669E-10  1.93335E-11  3.34430E-02 SpitzerIRS 
 2.07152E+01  3.85439E-10  1.92720E-11  3.28975E-02 SpitzerIRS 
 2.07834E+01  3.81257E-10  1.90629E-11  3.22002E-02 SpitzerIRS 
 2.08503E+01  3.78945E-10  1.89473E-11  3.40878E-02 SpitzerIRS 
 2.09214E+01  3.88784E-10  1.94392E-11  3.36421E-02 SpitzerIRS 
 2.09918E+01  3.83880E-10  1.91940E-11  3.31763E-02 SpitzerIRS 
 2.10614E+01  3.88106E-10  1.94053E-11  3.50190E-02 SpitzerIRS 
 2.11352E+01  3.94086E-10  1.97043E-11  3.22860E-02 SpitzerIRS 
 2.12034E+01  3.98953E-10  1.99477E-11  3.34588E-02 SpitzerIRS 
 2.12743E+01  3.96978E-10  1.98489E-11  3.27785E-02 SpitzerIRS 
 2.13441E+01  3.94974E-10  1.97487E-11  3.33999E-02 SpitzerIRS 
 2.14154E+01  3.92006E-10  1.96003E-11  3.57089E-02 SpitzerIRS 
 2.14918E+01  3.90259E-10  1.95129E-11  3.18972E-02 SpitzerIRS 
 2.15604E+01  3.87012E-10  1.93506E-11  3.41817E-02 SpitzerIRS 
 2.16341E+01  3.86021E-10  1.93011E-11  2.90121E-02 SpitzerIRS 
 2.16969E+01  3.87516E-10  1.93758E-11  3.64629E-02 SpitzerIRS 
 2.17760E+01  3.90546E-10  1.95273E-11  3.39907E-02 SpitzerIRS 
 2.18500E+01  3.89844E-10  1.94922E-11  3.35479E-02 SpitzerIRS 
 2.19233E+01  3.87075E-10  1.93538E-11  3.29878E-02 SpitzerIRS 
 2.19956E+01  3.86914E-10  1.93457E-11  3.41741E-02 SpitzerIRS 
 2.20708E+01  3.87030E-10  1.93515E-11  3.07035E-02 SpitzerIRS 
 2.21385E+01  3.90208E-10  1.95104E-11  3.54594E-02 SpitzerIRS 
 2.22170E+01  3.82298E-10  1.91149E-11  3.31921E-02 SpitzerIRS 
 2.22908E+01  3.77185E-10  1.88593E-11  3.37543E-02 SpitzerIRS 
 2.23660E+01  3.77652E-10  1.88826E-11  3.31735E-02 SpitzerIRS 
 2.24402E+01  3.79382E-10  1.89691E-11  3.24342E-02 SpitzerIRS 
 2.25130E+01  3.81124E-10  1.90562E-11  3.38280E-02 SpitzerIRS 
 2.25892E+01  3.84986E-10  1.92493E-11  3.37697E-02 SpitzerIRS 
 2.26654E+01  3.85329E-10  1.92664E-11  3.33362E-02 SpitzerIRS 
 2.27410E+01  3.83314E-10  1.91657E-11  3.27017E-02 SpitzerIRS 
 2.28154E+01  3.82841E-10  1.91420E-11  3.20135E-02 SpitzerIRS 
 2.28884E+01  3.85785E-10  1.92893E-11  3.62009E-02 SpitzerIRS 
 2.29713E+01  3.83366E-10  1.91683E-11  3.34501E-02 SpitzerIRS 
 2.30481E+01  3.83649E-10  1.91825E-11  3.26986E-02 SpitzerIRS 
 2.31235E+01  3.82992E-10  1.91496E-11  3.31827E-02 SpitzerIRS 
 2.32002E+01  3.81805E-10  1.90902E-11  3.28894E-02 SpitzerIRS 
 2.32765E+01  3.83808E-10  1.91904E-11  3.47105E-02 SpitzerIRS 
 2.33573E+01  3.86587E-10  1.93294E-11  3.25984E-02 SpitzerIRS 
 2.34334E+01  3.87180E-10  1.93590E-11  3.50896E-02 SpitzerIRS 
 2.35157E+01  3.96783E-10  1.98391E-11  3.18035E-02 SpitzerIRS 
 2.35905E+01  3.92378E-10  1.96189E-11  3.28807E-02 SpitzerIRS 
 2.36680E+01  3.88166E-10  1.94083E-11  3.38355E-02 SpitzerIRS 
 2.37481E+01  3.86544E-10  1.93272E-11  3.38414E-02 SpitzerIRS 
 2.38285E+01  3.85344E-10  1.92672E-11  3.39690E-02 SpitzerIRS 
 2.39094E+01  3.81316E-10  1.90658E-11  3.31033E-02 SpitzerIRS 
 2.39886E+01  3.75767E-10  1.87884E-11  3.10798E-02 SpitzerIRS 
 2.40631E+01  3.72290E-10  1.86145E-11  3.46518E-02 SpitzerIRS 
 2.41465E+01  3.69181E-10  1.84591E-11  3.27418E-02 SpitzerIRS 
 2.42256E+01  3.71039E-10  1.85519E-11  3.50560E-02 SpitzerIRS 
 2.43105E+01  3.62617E-10  1.81309E-11  3.09595E-02 SpitzerIRS 
 2.43857E+01  3.64225E-10  1.82112E-11  3.49737E-02 SpitzerIRS 
 2.44710E+01  3.64791E-10  1.82396E-11  3.45433E-02 SpitzerIRS 
 2.45556E+01  3.63551E-10  1.81776E-11  3.20343E-02 SpitzerIRS 
 2.46342E+01  3.62800E-10  1.81400E-11  3.17355E-02 SpitzerIRS 
 2.47124E+01  3.64650E-10  1.82325E-11  3.50532E-02 SpitzerIRS 
 2.47990E+01  3.64704E-10  1.82352E-11  3.60240E-02 SpitzerIRS 
 2.48884E+01  3.65470E-10  1.82735E-11  3.04090E-02 SpitzerIRS 
 2.49640E+01  3.63878E-10  1.81939E-11  3.53625E-02 SpitzerIRS 
 2.50523E+01  3.66949E-10  1.83475E-11  3.21575E-02 SpitzerIRS 
 2.51329E+01  3.66797E-10  1.83399E-11  3.31812E-02 SpitzerIRS 
 2.52163E+01  3.61517E-10  1.80759E-11  3.23612E-02 SpitzerIRS 
 2.52979E+01  3.56341E-10  1.78170E-11  3.51603E-02 SpitzerIRS 
 2.53868E+01  3.54624E-10  1.77312E-11  3.43477E-02 SpitzerIRS 
 2.54740E+01  3.53039E-10  1.76520E-11  3.22937E-02 SpitzerIRS 
 2.55563E+01  3.53143E-10  1.76571E-11  3.31006E-02 SpitzerIRS 
 2.56409E+01  3.53071E-10  1.76536E-11  3.18269E-02 SpitzerIRS 
 2.57225E+01  3.52572E-10  1.76286E-11  3.44628E-02 SpitzerIRS 
 2.58111E+01  3.51336E-10  1.75668E-11  3.32465E-02 SpitzerIRS 
 2.58970E+01  3.55010E-10  1.77505E-11  3.38202E-02 SpitzerIRS 
 2.59845E+01  3.53263E-10  1.76632E-11  3.37031E-02 SpitzerIRS 
 2.60721E+01  3.46078E-10  1.73039E-11  3.29007E-02 SpitzerIRS 
 2.61579E+01  3.41612E-10  1.70806E-11  3.31659E-02 SpitzerIRS 
 2.62447E+01  3.42576E-10  1.71288E-11  3.44451E-02 SpitzerIRS 
 2.63350E+01  3.44334E-10  1.72167E-11  3.26914E-02 SpitzerIRS 
 2.64211E+01  3.49568E-10  1.74784E-11  3.39209E-02 SpitzerIRS 
 2.65108E+01  3.47854E-10  1.73927E-11  3.44294E-02 SpitzerIRS 
 2.66020E+01  3.46181E-10  1.73091E-11  3.26531E-02 SpitzerIRS 
 2.66889E+01  3.45345E-10  1.72672E-11  3.59325E-02 SpitzerIRS 
 2.67848E+01  3.48996E-10  1.74498E-11  3.06797E-02 SpitzerIRS 
 2.68670E+01  3.52158E-10  1.76079E-11  3.32393E-02 SpitzerIRS 
 2.69563E+01  3.49140E-10  1.74570E-11  3.25097E-02 SpitzerIRS 
 2.70439E+01  3.46923E-10  1.73461E-11  3.37555E-02 SpitzerIRS 
 2.71352E+01  3.44822E-10  1.72411E-11  3.39032E-02 SpitzerIRS 
 2.72272E+01  3.46248E-10  1.73124E-11  3.21083E-02 SpitzerIRS 
 2.73146E+01  3.48630E-10  1.74315E-11  3.39672E-02 SpitzerIRS 
 2.74074E+01  3.43781E-10  1.71891E-11  3.22584E-02 SpitzerIRS 
 2.74958E+01  3.41107E-10  1.70554E-11  3.32927E-02 SpitzerIRS 
 2.75874E+01  3.37839E-10  1.68920E-11  3.32384E-02 SpitzerIRS 
 2.76791E+01  3.29335E-10  1.64667E-11  3.41981E-02 SpitzerIRS 
 2.77737E+01  3.28905E-10  1.64453E-11  3.34241E-02 SpitzerIRS 
 2.78665E+01  3.25482E-10  1.62741E-11  2.95437E-02 SpitzerIRS 
 2.79489E+01  3.32452E-10  1.66226E-11  2.95973E-02 SpitzerIRS 
 2.80316E+01  3.30548E-10  1.65274E-11  3.25115E-02 SpitzerIRS 
 2.81227E+01  3.38364E-10  1.69182E-11  3.54752E-02 SpitzerIRS 
 2.82225E+01  3.36901E-10  1.68451E-11  3.32451E-02 SpitzerIRS 
 2.83163E+01  3.38883E-10  1.69442E-11  3.21038E-02 SpitzerIRS 
 2.84072E+01  3.32576E-10  1.66288E-11  3.50020E-02 SpitzerIRS 
 2.85067E+01  3.27217E-10  1.63608E-11  3.27766E-02 SpitzerIRS 
 2.86001E+01  3.27514E-10  1.63757E-11  3.46146E-02 SpitzerIRS 
 2.86991E+01  3.24024E-10  1.62012E-11  3.26819E-02 SpitzerIRS 
 2.87929E+01  3.25325E-10  1.62662E-11  3.27216E-02 SpitzerIRS 
 2.88871E+01  3.33267E-10  1.66634E-11  3.34686E-02 SpitzerIRS 
 2.89838E+01  3.34423E-10  1.67211E-11  3.50606E-02 SpitzerIRS 
 2.90854E+01  3.34852E-10  1.67426E-11  2.90706E-02 SpitzerIRS 
 2.91700E+01  3.34327E-10  1.67164E-11  3.70559E-02 SpitzerIRS 
 2.92780E+01  3.27287E-10  1.63643E-11  2.90371E-02 SpitzerIRS 
 2.93631E+01  3.23691E-10  1.61845E-11  3.69471E-02 SpitzerIRS 
 2.94715E+01  3.23973E-10  1.61987E-11  3.23709E-02 SpitzerIRS 
 2.95669E+01  3.26137E-10  1.63069E-11  3.26784E-02 SpitzerIRS 
 2.96636E+01  3.27758E-10  1.63879E-11  3.60142E-02 SpitzerIRS 
 2.97704E+01  3.26756E-10  1.63378E-11  2.94245E-02 SpitzerIRS 
 2.98580E+01  3.20038E-10  1.60019E-11  3.52572E-02 SpitzerIRS 
 2.99633E+01  3.15403E-10  1.57701E-11  3.21627E-02 SpitzerIRS 
 3.00596E+01  3.24414E-10  1.62207E-11  3.34508E-02 SpitzerIRS 
 3.01602E+01  3.23885E-10  1.61943E-11  3.60754E-02 SpitzerIRS 
 3.02690E+01  3.24282E-10  1.62141E-11  2.99799E-02 SpitzerIRS 
 3.03597E+01  3.22781E-10  1.61391E-11  3.67388E-02 SpitzerIRS 
 3.04713E+01  3.21188E-10  1.60594E-11  3.35880E-02 SpitzerIRS 
 3.05736E+01  3.20661E-10  1.60331E-11  3.15396E-02 SpitzerIRS 
 3.06701E+01  3.20559E-10  1.60279E-11  3.48513E-02 SpitzerIRS 
 3.07769E+01  3.49688E-10  1.74844E-11  3.18092E-02 SpitzerIRS 
 3.08748E+01  3.23863E-10  1.61932E-11  3.55008E-02 SpitzerIRS 
 3.09844E+01  3.25837E-10  1.62918E-11  3.09655E-02 SpitzerIRS 
 3.10804E+01  3.18771E-10  1.59386E-11  3.36061E-02 SpitzerIRS 
 3.11848E+01  3.25924E-10  1.62962E-11  3.48204E-02 SpitzerIRS 
 3.12934E+01  3.18723E-10  1.59362E-11  3.27289E-02 SpitzerIRS 
 3.13958E+01  3.13790E-10  1.56895E-11  3.22527E-02 SpitzerIRS 
 3.14971E+01  3.20443E-10  1.60222E-11  3.30068E-02 SpitzerIRS 
 3.16011E+01  3.13091E-10  1.56545E-11  3.56371E-02 SpitzerIRS 
 3.17137E+01  3.15530E-10  1.57765E-11  3.20540E-02 SpitzerIRS 
 3.18153E+01  3.13760E-10  1.56880E-11  3.46499E-02 SpitzerIRS 
 3.19256E+01  3.14775E-10  1.57387E-11  3.33231E-02 SpitzerIRS 
 3.20320E+01  3.11399E-10  1.55699E-11  3.31344E-02 SpitzerIRS 
 3.21381E+01  3.11194E-10  1.55597E-11  3.39273E-02 SpitzerIRS 
 3.22471E+01  3.12150E-10  1.56075E-11  3.14338E-02 SpitzerIRS 
 3.23485E+01  3.15232E-10  1.57616E-11  3.45555E-02 SpitzerIRS 
 3.24603E+01  3.12313E-10  1.56157E-11  3.25696E-02 SpitzerIRS 
 3.25660E+01  3.12781E-10  1.56390E-11  3.46444E-02 SpitzerIRS 
 3.26788E+01  3.12556E-10  1.56278E-11  3.38430E-02 SpitzerIRS 
 3.27894E+01  3.14082E-10  1.57041E-11  3.23485E-02 SpitzerIRS 
 3.28955E+01  3.16833E-10  1.58417E-11  3.47570E-02 SpitzerIRS 
 3.30098E+01  3.14581E-10  1.57291E-11  2.97330E-02 SpitzerIRS 
 3.31080E+01  3.15715E-10  1.57857E-11  3.52574E-02 SpitzerIRS 
 3.32247E+01  3.18837E-10  1.59419E-11  3.51997E-02 SpitzerIRS 
 3.33417E+01  3.19526E-10  1.59763E-11  3.17933E-02 SpitzerIRS 
 3.34477E+01  3.17599E-10  1.58800E-11  3.32693E-02 SpitzerIRS 
 3.35589E+01  3.21312E-10  1.60656E-11  3.59743E-02 SpitzerIRS 
 3.36797E+01  3.26887E-10  1.63444E-11  3.09065E-02 SpitzerIRS 
 3.37838E+01  3.27361E-10  1.63680E-11  3.46042E-02 SpitzerIRS 
 3.39007E+01  3.26146E-10  1.63073E-11  3.36103E-02 SpitzerIRS 
 3.40146E+01  3.28526E-10  1.64263E-11  3.25190E-02 SpitzerIRS 
 3.41252E+01  3.20803E-10  1.60402E-11  3.22879E-02 SpitzerIRS 
 3.42354E+01  3.31871E-10  1.65936E-11  3.49182E-02 SpitzerIRS 
 3.43549E+01  3.26053E-10  1.63026E-11  3.03013E-02 SpitzerIRS 
 3.44590E+01  3.25999E-10  1.63000E-11  3.55802E-02 SpitzerIRS 
 3.45817E+01  3.29107E-10  1.64554E-11  3.46756E-02 SpitzerIRS 
 3.47016E+01  3.34292E-10  1.67146E-11  3.30051E-02 SpitzerIRS 
 3.48161E+01  3.33599E-10  1.66799E-11  3.16624E-02 SpitzerIRS 
 3.49263E+01  3.32992E-10  1.66496E-11  3.37390E-02 SpitzerIRS 
 3.50442E+01  3.37594E-10  1.68797E-11  3.43952E-02 SpitzerIRS 
 3.51647E+01  3.45432E-10  1.72716E-11  3.27613E-02 SpitzerIRS 
 3.52799E+01  3.37821E-10  1.68910E-11  3.39182E-02 SpitzerIRS 
 3.53996E+01  3.52656E-10  1.76328E-11  3.38035E-02 SpitzerIRS 
 1.15863E-01  2.78623E-13  4.56041E-14  5.01197E-02 <UV> 
 1.16443E-01  2.16062E-13  3.60102E-14  4.99986E-02 <UV> 
 1.17026E-01  4.78215E-13  4.18624E-14  4.99977E-02 <UV> 
 1.17611E-01  1.89114E-12  9.45572E-14  5.00040E-02 <UV> 
 1.18199E-01  4.88116E-13  3.54143E-14  4.99921E-02 <UV> 
 1.18790E-01  3.02741E-13  3.54164E-14  5.00044E-02 <UV> 
 1.19384E-01  4.79217E-13  4.98508E-14  4.99985E-02 <UV> 
 1.19981E-01  8.48047E-13  6.25422E-14  4.99998E-02 <UV> 
 1.20580E-01  2.30098E-12  1.15049E-13  4.99998E-02 <UV> 
 1.21183E-01  7.11857E-12  3.55929E-13  4.99986E-02 <UV> 
 1.21789E-01  1.58422E-11  7.92111E-13  5.00044E-02 <UV> 
 1.22398E-01  1.61045E-12  8.05227E-14  5.00007E-02 <UV> 
 1.23010E-01  4.95726E-13  3.99429E-14  4.99959E-02 <UV> 
 1.23625E-01  1.52874E-12  7.64368E-14  4.99979E-02 <UV> 
 1.24243E-01  1.49138E-12  7.45690E-14  5.00067E-02 <UV> 
 1.24865E-01  7.71501E-13  3.85750E-14  4.99982E-02 <UV> 
 1.25489E-01  1.19623E-12  5.98116E-14  4.99965E-02 <UV> 
 1.26116E-01  9.96450E-13  4.98225E-14  5.00015E-02 <UV> 
 1.26747E-01  1.11731E-12  5.58653E-14  4.99973E-02 <UV> 
 1.27381E-01  1.74011E-12  8.70054E-14  5.00076E-02 <UV> 
 1.28018E-01  8.39565E-13  4.19783E-14  4.99931E-02 <UV> 
 1.28658E-01  7.02095E-13  3.51047E-14  5.00009E-02 <UV> 
 1.29301E-01  1.79036E-12  8.95182E-14  4.99997E-02 <UV> 
 1.29947E-01  3.07372E-12  1.53686E-13  5.00048E-02 <UV> 
 1.30597E-01  8.08982E-12  4.04491E-13  5.00011E-02 <UV> 
 1.31250E-01  1.69650E-12  8.48250E-14  4.99961E-02 <UV> 
 1.31906E-01  6.77814E-13  3.38907E-14  4.99976E-02 <UV> 
 1.32566E-01  9.02798E-13  4.51399E-14  5.00053E-02 <UV> 
 1.33229E-01  5.60203E-12  2.80102E-13  4.99967E-02 <UV> 
 1.33895E-01  4.36666E-12  2.18333E-13  5.00019E-02 <UV> 
 1.34564E-01  9.18300E-13  4.59150E-14  4.99984E-02 <UV> 
 1.35237E-01  1.56093E-12  7.80467E-14  5.00010E-02 <UV> 
 1.35913E-01  1.25453E-12  6.27264E-14  5.00024E-02 <UV> 
 1.36593E-01  6.55525E-13  3.27762E-14  4.99952E-02 <UV> 
 1.37276E-01  8.56234E-13  4.28117E-14  5.00015E-02 <UV> 
 1.37962E-01  1.05193E-12  5.25967E-14  4.99992E-02 <UV> 
 1.38652E-01  1.12085E-12  5.60424E-14  5.00028E-02 <UV> 
 1.39345E-01  2.00772E-12  1.00386E-13  4.99981E-02 <UV> 
 1.40042E-01  2.74810E-12  1.37405E-13  4.99993E-02 <UV> 
 1.40742E-01  1.52038E-12  7.60191E-14  4.99992E-02 <UV> 
 1.41446E-01  1.21775E-12  6.08877E-14  5.00049E-02 <UV> 
 1.42153E-01  8.37907E-13  4.18953E-14  4.99953E-02 <UV> 
 1.42864E-01  1.66615E-12  8.33076E-14  4.99986E-02 <UV> 
 1.43578E-01  1.63846E-12  8.19229E-14  5.00006E-02 <UV> 
 1.44296E-01  2.70548E-12  1.35274E-13  5.00013E-02 <UV> 
 1.45018E-01  1.44014E-12  7.20071E-14  5.00008E-02 <UV> 
 1.45743E-01  1.55018E-12  7.75089E-14  4.99990E-02 <UV> 
 1.46472E-01  2.34847E-12  1.17423E-13  5.00029E-02 <UV> 
 1.47204E-01  1.46076E-12  7.30379E-14  4.99987E-02 <UV> 
 1.47940E-01  1.02817E-12  5.14084E-14  5.00000E-02 <UV> 
 1.48680E-01  2.62234E-12  1.31117E-13  5.00001E-02 <UV> 
 1.49423E-01  1.37063E-12  6.85314E-14  4.99990E-02 <UV> 
 1.50170E-01  3.45456E-12  1.72728E-13  5.00033E-02 <UV> 
 1.50921E-01  1.72922E-12  8.64611E-14  4.99997E-02 <UV> 
 1.51676E-01  1.34364E-12  6.71818E-14  4.99949E-02 <UV> 
 1.52434E-01  2.78596E-12  1.39298E-13  5.00020E-02 <UV> 
 1.53196E-01  1.56254E-12  7.81269E-14  5.00013E-02 <UV> 
 1.53962E-01  1.77517E-12  8.87584E-14  4.99993E-02 <UV> 
 1.54732E-01  1.57064E-11  7.85319E-13  5.00026E-02 <UV> 
 1.55506E-01  4.22642E-12  2.11321E-13  4.99982E-02 <UV> 
 1.56283E-01  2.99367E-12  1.49683E-13  4.99990E-02 <UV> 
 1.57064E-01  1.43464E-12  7.17321E-14  4.99986E-02 <UV> 
 1.57850E-01  1.89199E-12  9.45994E-14  5.00032E-02 <UV> 
 1.58639E-01  1.83292E-12  9.16458E-14  5.00003E-02 <UV> 
 1.59432E-01  2.83007E-12  1.41503E-13  4.99961E-02 <UV> 
 1.60229E-01  4.69235E-12  2.34618E-13  5.00033E-02 <UV> 
 1.61031E-01  2.46560E-12  1.23280E-13  4.99967E-02 <UV> 
 1.61836E-01  2.29855E-12  1.14928E-13  5.00013E-02 <UV> 
 1.62645E-01  1.67941E-12  8.39703E-14  4.99985E-02 <UV> 
 1.63458E-01  2.04450E-12  1.02225E-13  5.00006E-02 <UV> 
 1.64275E-01  3.10944E-12  1.55472E-13  5.00014E-02 <UV> 
 1.65097E-01  1.73639E-12  8.68195E-14  5.00010E-02 <UV> 
 1.65922E-01  3.77453E-12  1.88727E-13  4.99993E-02 <UV> 
 1.66752E-01  1.80521E-12  9.02603E-14  5.00024E-02 <UV> 
 1.67586E-01  8.42026E-13  6.50794E-14  4.99983E-02 <UV> 
 1.68424E-01  7.85385E-13  6.29734E-14  4.99989E-02 <UV> 
 1.69266E-01  6.97879E-13  6.50195E-14  4.99983E-02 <UV> 
 1.70112E-01  6.13594E-13  6.13310E-14  5.00024E-02 <UV> 
 1.70963E-01  9.95768E-13  7.82349E-14  4.99992E-02 <UV> 
 1.71817E-01  1.67995E-12  1.80759E-13  5.00008E-02 <UV> 
 1.72677E-01  1.28949E-12  1.70901E-13  5.00010E-02 <UV> 
 1.73540E-01  1.47699E-12  1.62710E-13  5.00000E-02 <UV> 
 1.74408E-01  1.54636E-12  1.61598E-13  4.99978E-02 <UV> 
 1.75280E-01  1.36282E-12  1.52193E-13  5.00001E-02 <UV> 
 1.76156E-01  1.19567E-12  1.39977E-13  5.00011E-02 <UV> 
 1.77037E-01  9.45081E-13  1.30285E-13  5.00009E-02 <UV> 
 1.77922E-01  1.09820E-12  1.32302E-13  4.99994E-02 <UV> 
 1.78812E-01  1.23388E-12  1.40989E-13  4.99968E-02 <UV> 
 1.79706E-01  1.20413E-12  1.29914E-13  5.00040E-02 <UV> 
 1.80604E-01  1.74350E-12  1.29626E-13  4.99988E-02 <UV> 
 1.81507E-01  2.57092E-12  1.43912E-13  4.99980E-02 <UV> 
 1.82415E-01  1.54867E-12  1.20883E-13  5.00015E-02 <UV> 
 1.83327E-01  1.18082E-12  1.08268E-13  4.99981E-02 <UV> 
 1.84243E-01  9.26969E-13  9.98925E-14  5.00045E-02 <UV> 
 1.85165E-01  1.05004E-12  9.92479E-14  4.99987E-02 <UV> 
 1.86091E-01  1.01017E-12  9.82906E-14  4.99972E-02 <UV> 
 1.87021E-01  1.16014E-12  9.64942E-14  4.99998E-02 <UV> 
 1.87956E-01  8.62481E-13  8.97082E-14  5.00011E-02 <UV> 
 1.88896E-01  1.55957E-12  1.03926E-13  5.00011E-02 <UV> 
 1.89840E-01  1.43818E-12  9.84350E-14  4.99999E-02 <UV> 
 1.90790E-01  3.09938E-12  1.54969E-13  4.99975E-02 <UV> 
 1.91743E-01  1.17767E-12  9.82672E-14  5.00043E-02 <UV> 
 1.92702E-01  1.05803E-12  9.03328E-14  4.99994E-02 <UV> 
 1.93666E-01  9.96540E-13  8.31124E-14  4.99985E-02 <UV> 
 1.94634E-01  9.89354E-13  8.08488E-14  5.00015E-02 <UV> 
 1.95607E-01  9.81931E-13  8.13630E-14  4.99982E-02 <UV> 
 1.96585E-01  8.37034E-13  7.82275E-14  4.99987E-02 <UV> 
 1.97568E-01  9.39183E-13  7.84553E-14  5.00030E-02 <UV> 
 1.98556E-01  6.82264E-13  7.20109E-14  5.00010E-02 <UV> 
 1.99549E-01  9.40424E-13  7.72729E-14  4.99978E-02 <UV> 
 2.00546E-01  8.52046E-13  7.35751E-14  4.99984E-02 <UV> 
 2.01549E-01  9.03624E-13  7.32347E-14  5.00027E-02 <UV> 
 2.02557E-01  7.61361E-13  6.74523E-14  5.00007E-02 <UV> 
 2.03570E-01  7.34091E-13  6.53203E-14  4.99976E-02 <UV> 
 2.04588E-01  6.75992E-13  6.16400E-14  4.99981E-02 <UV> 
 2.05611E-01  7.90021E-13  6.45714E-14  5.00023E-02 <UV> 
 2.06639E-01  9.16667E-13  6.72759E-14  5.00003E-02 <UV> 
 2.07672E-01  7.58322E-13  6.09972E-14  5.00020E-02 <UV> 
 2.08710E-01  7.47635E-13  6.04281E-14  4.99976E-02 <UV> 
 2.09754E-01  8.49922E-13  6.18784E-14  5.00015E-02 <UV> 
 2.10803E-01  8.00461E-13  5.83788E-14  4.99994E-02 <UV> 
 2.11857E-01  7.14770E-13  5.46306E-14  5.00008E-02 <UV> 
 2.12916E-01  7.60235E-13  5.51786E-14  4.99963E-02 <UV> 
 2.13980E-01  9.37285E-13  5.89689E-14  4.99999E-02 <UV> 
 2.15050E-01  7.14304E-13  5.32703E-14  5.00023E-02 <UV> 
 2.16126E-01  9.71499E-13  5.91955E-14  4.99987E-02 <UV> 
 2.17206E-01  9.01427E-13  5.68031E-14  5.00032E-02 <UV> 
 2.18292E-01  7.76330E-13  5.26805E-14  4.99972E-02 <UV> 
 2.19384E-01  7.01685E-13  5.00170E-14  4.99992E-02 <UV> 
 2.20480E-01  7.54762E-13  5.07198E-14  4.99999E-02 <UV> 
 2.21583E-01  8.28064E-13  5.10483E-14  5.00039E-02 <UV> 
 2.22691E-01  7.76474E-13  4.90368E-14  4.99976E-02 <UV> 
 2.23804E-01  8.09384E-13  4.99258E-14  4.99990E-02 <UV> 
 2.24923E-01  1.07634E-12  5.54998E-14  4.99993E-02 <UV> 
 2.26048E-01  1.20835E-12  6.04173E-14  5.00027E-02 <UV> 
 2.27178E-01  1.16708E-12  5.83540E-14  5.00004E-02 <UV> 
 2.28314E-01  1.27001E-12  6.35007E-14  4.99969E-02 <UV> 
 2.29456E-01  1.06541E-12  5.32830E-14  5.00010E-02 <UV> 
 2.30603E-01  1.16665E-12  5.83326E-14  4.99994E-02 <UV> 
 2.31756E-01  3.09167E-12  1.54584E-13  5.00009E-02 <UV> 
 2.32915E-01  1.63043E-11  8.15213E-13  5.00011E-02 <UV> 
 2.34079E-01  3.50819E-12  1.75410E-13  5.00001E-02 <UV> 
 2.35250E-01  2.49256E-12  1.24628E-13  4.99979E-02 <UV> 
 2.36426E-01  3.11498E-12  1.55749E-13  5.00030E-02 <UV> 
 2.37608E-01  3.03670E-12  1.51835E-13  4.99983E-02 <UV> 
 2.38796E-01  3.54445E-12  1.77223E-13  5.00008E-02 <UV> 
 2.39990E-01  3.18983E-12  1.59491E-13  4.99979E-02 <UV> 
 2.41190E-01  3.13817E-12  1.56909E-13  5.00021E-02 <UV> 
 2.42396E-01  1.37407E-12  6.87034E-14  5.00008E-02 <UV> 
 2.43608E-01  1.54459E-12  7.72295E-14  4.99984E-02 <UV> 
 2.44826E-01  1.45160E-12  7.25800E-14  4.99988E-02 <UV> 
 2.46050E-01  1.51969E-12  7.59843E-14  5.00020E-02 <UV> 
 2.47280E-01  1.90060E-12  9.50302E-14  4.99999E-02 <UV> 
 2.48517E-01  1.71151E-12  8.55754E-14  5.00006E-02 <UV> 
 2.49759E-01  1.77947E-12  8.89734E-14  5.00001E-02 <UV> 
 2.51008E-01  1.44605E-12  7.23025E-14  4.99984E-02 <UV> 
 2.52263E-01  1.43776E-12  7.18881E-14  4.99994E-02 <UV> 
 2.53524E-01  1.95513E-12  9.77566E-14  4.99991E-02 <UV> 
 2.54792E-01  1.71333E-12  8.56663E-14  5.00016E-02 <UV> 
 2.56066E-01  2.10521E-12  1.05261E-13  4.99988E-02 <UV> 
 2.57346E-01  2.13768E-12  1.06884E-13  5.00026E-02 <UV> 
 2.58633E-01  2.94852E-12  1.47426E-13  4.99974E-02 <UV> 
 2.59926E-01  4.70802E-12  2.35401E-13  5.00026E-02 <UV> 
 2.61226E-01  5.35064E-12  2.67532E-13  4.99989E-02 <UV> 
 2.62532E-01  5.50196E-12  2.75098E-13  5.00015E-02 <UV> 
 2.63845E-01  2.60114E-12  1.30057E-13  4.99991E-02 <UV> 
 2.65164E-01  1.81495E-12  9.07473E-14  4.99992E-02 <UV> 
 2.66490E-01  2.15207E-12  1.07604E-13  5.00019E-02 <UV> 
 2.67822E-01  2.12797E-12  1.06399E-13  4.99996E-02 <UV> 
 2.69161E-01  1.99496E-12  9.97481E-14  4.99997E-02 <UV> 
 2.70507E-01  2.13455E-12  1.06727E-13  4.99987E-02 <UV> 
 2.71860E-01  2.72045E-12  1.36022E-13  5.00001E-02 <UV> 
 2.73219E-01  3.27590E-12  1.63795E-13  5.00002E-02 <UV> 
 2.74585E-01  5.87148E-12  2.93574E-13  4.99991E-02 <UV> 
 2.75958E-01  4.18744E-12  2.09372E-13  5.00004E-02 <UV> 
 2.77338E-01  3.12407E-12  1.56204E-13  5.00004E-02 <UV> 
 2.78724E-01  9.28320E-12  4.64160E-13  4.99992E-02 <UV> 
 2.80118E-01  6.06310E-11  3.03155E-12  5.00003E-02 <UV> 
 2.81519E-01  4.79105E-12  2.39553E-13  5.00002E-02 <UV> 
 2.82926E-01  3.03690E-12  1.51845E-13  4.99989E-02 <UV> 
 2.84341E-01  3.45360E-12  1.72680E-13  4.99998E-02 <UV> 
 2.85763E-01  3.81479E-12  1.90739E-13  5.00030E-02 <UV> 
 2.87191E-01  3.49121E-12  1.74561E-13  4.99980E-02 <UV> 
 2.88627E-01  3.41588E-12  1.70794E-13  5.00022E-02 <UV> 
 2.90071E-01  3.77382E-12  1.88691E-13  4.99982E-02 <UV> 
 2.91521E-01  4.15974E-12  2.07987E-13  4.99998E-02 <UV> 
 2.92978E-01  4.93320E-12  2.46660E-13  5.00003E-02 <UV> 
 2.94443E-01  5.11884E-12  2.55942E-13  4.99994E-02 <UV> 
 2.95916E-01  4.77794E-12  2.38897E-13  5.00007E-02 <UV> 
 2.97395E-01  4.72716E-12  2.36358E-13  5.00008E-02 <UV> 
 2.98882E-01  4.55619E-12  2.27810E-13  4.99996E-02 <UV> 
 3.00377E-01  4.52869E-12  2.26434E-13  5.00006E-02 <UV> 
 3.01878E-01  4.41597E-12  2.20798E-13  5.00002E-02 <UV> 
 3.03388E-01  5.22634E-12  2.61317E-13  4.99987E-02 <UV> 
 3.04905E-01  5.77166E-12  2.88583E-13  4.99992E-02 <UV> 
 3.06429E-01  5.54282E-12  2.77141E-13  5.00017E-02 <UV> 
 3.07961E-01  6.73807E-12  3.36904E-13  4.99998E-02 <UV> 
 3.09501E-01  6.12556E-12  3.06278E-13  4.99998E-02 <UV> 
 3.11049E-01  7.35662E-12  3.67831E-13  4.99986E-02 <UV> 
 3.12604E-01  7.38555E-12  3.69278E-13  5.00026E-02 <UV> 
 3.14167E-01  7.65248E-12  3.82624E-13  4.99989E-02 <UV> 
 3.15738E-01  6.79566E-12  3.39783E-13  4.97501E-02 <UV> 
