    0.0999381   0.00226487  0.000113244  <UV>
     0.130176     0.763133    0.0381567  <UV>
     0.156500      1.71480    0.0857400  TD1.1565
     0.196500      1.93960     0.164860  TD1.1965
     0.199900      1.64996    0.0824978  <UV>
     0.236500      1.87870     0.152980  TD1.2365
     0.250200      1.83420    0.0917098  <UV>
     0.274000      2.07100     0.103550  TD1.2740
     0.299409      2.54892     0.127446  <UV>
     0.341800      3.33130     0.166565  GENEVA.U
     0.346100      3.08200     0.349160  STROMGREN.U
     0.399500      7.98750     0.399375  GENEVA.B1
     0.410700      8.29820     0.601610  STROMGREN.V
     0.419200      8.51230     0.425615  GENEVA.B
     0.419600      8.46460     0.423230  TYCHO2.BT
     0.419600      8.51160     0.425580  TYCHO2.BT
     0.443400      8.57020     0.428510  JOHNSON.B
     0.447500      9.31100     0.465550  GENEVA.B2
     0.467000      8.51850     0.425925  STROMGREN.B
     0.467000      8.41710     0.420855  STROMGREN.B
     0.518900      7.80400     0.390200  HIPPARCOS.HP
     0.530700      7.88120     0.394060  TYCHO2.VT
     0.530700      7.91760     0.395880  TYCHO2.VT
     0.539200      8.27770     0.413885  GENEVA.V1
     0.547500      8.11840     0.405920  GENEVA.V
     0.547600      7.43430     0.371715  STROMGREN.Y
     0.547600      7.34580     0.367290  STROMGREN.Y
     0.549300      7.74550     0.387275  JOHNSON.V
     0.576200      7.83400     0.391700  GENEVA.G
     0.689900      6.48490      1.94550  USNOB1.R1
      1.23930      4.20690     0.210345  2MASS.J
      1.24310      4.42580     0.221290  JOHNSON.J
      1.64420      4.36430     0.218215  JOHNSON.H
      1.64950      4.28360     0.214180  2MASS.H
      2.16390      4.54730     0.227365  2MASS.KS
      2.18790      4.60200     0.230100  JOHNSON.K
      2.42828      5.61852     0.280926  ISOspec
      2.73625      5.81972     0.290986  ISOspec
      2.99259      5.72116     0.286058  ISOspec
      3.19254      5.77530     0.288765  ISOspec
      3.22447      5.88989     0.294494  ISOspec
      3.25671      6.22755     0.311377  ISOspec
      3.28928      7.36482     0.479940  ISOspec
      3.32217      6.60994     0.330497  ISOspec
      3.35539      6.00810     0.300405  ISOspec
      3.36820      6.46050     0.600980  WISE.W1
      3.38895      6.19138     0.309569  ISOspec
      3.61538      5.81592     0.290796  ISOspec
      3.99363      5.75693     0.287846  ISOspec
      4.50012      6.11147     0.579299  ISOspec
      5.02064      5.66687     0.630395  ISOspec
      5.97562      7.71871     0.832269  ISOspec
      6.06548      8.18736     0.456388  ISOspec
      6.12614      9.59334      1.09844  ISOspec
      6.21826      17.6054      1.40815  ISOspec
      6.31176      14.7742      1.21812  ISOspec
      6.37488      11.3477     0.667675  ISOspec
      6.47074      10.1939     0.509695  ISOspec
      6.97211      9.56868     0.478434  ISOspec
      7.54980      15.4581     0.805629  ISOspec
      7.70155      20.0688      1.00344  ISOspec
      7.85635      25.1356      1.25678  ISOspec
      7.97449      26.5994      1.32997  ISOspec
      8.09441      26.3434      1.31717  ISOspec
      8.25710      24.1979      1.20990  ISOspec
      8.33967      24.2163      1.21081  ISOspec
      8.46508      25.9639      1.29819  ISOspec
      8.54973      28.1733      1.40866  ISOspec
      8.63523      30.2426      1.51213  ISOspec
      8.72158      30.6135      1.53068  ISOspec
      8.80880      30.1749      1.50875  ISOspec
      8.89689      31.1622      1.55811  ISOspec
      9.09950      38.4700      1.92350  AKARI.S9W
      9.49133      46.5993      2.32996  ISOspec
      10.1182      65.1025      3.25513  SpitzerIRS
      10.8813      77.3725      3.86862  SpitzerIRS
      10.9880      81.4420      4.07210  SpitzerIRS
      11.1008      86.4325      4.32163  SpitzerIRS
      11.2172      93.0285      4.65143  SpitzerIRS
      11.3213      91.9539      4.59770  SpitzerIRS
      11.4560      82.1397      4.10699  SpitzerIRS
      11.5732      72.3512      3.61756  SpitzerIRS
      12.0730      59.8590      2.99295  WISE.W3
      12.2928      59.5997      2.97999  SpitzerIRS
      12.4411      59.0960      2.95480  SpitzerIRS
      12.5701      59.2508      2.96254  SpitzerIRS
      12.7001      59.1277      2.95638  SpitzerIRS
      12.8273      58.1293      2.90647  SpitzerIRS
      12.9576      57.5563      2.87781  SpitzerIRS
      13.0855      58.0222      2.90111  SpitzerIRS
      15.0007      78.5521      3.92760  ISOspec
      16.0116      124.031      6.20154  SpitzerIRS
      18.9764      213.753      10.6876  SpitzerIRS
      21.9834      234.409      11.7205  SpitzerIRS
      22.1943      223.040      11.1520  WISE.W4
      23.6108      243.000      12.1500  IRAS.F25
      25.9830      216.489      10.8244  SpitzerIRS
      30.0144      207.363      10.3681  SpitzerIRS
      34.9484      232.974      11.6487  ISOspec
      40.1723      223.848      11.1924  ISOspec
      59.9863      188.755      9.43777  PACSspec
      60.4093      165.000      14.8500  IRAS.F60
      66.2934      156.500      7.82500  AKARI.N60
      69.8821      177.108      8.85540  PACSspec
      70.0000      166.430      8.32150  PACS.70
      80.0025      153.671      7.68354  PACSspec
      90.0091      135.133      6.75667  PACSspec
      100.000      111.640      5.58200  PACS.100
      102.750      121.444      6.07219  PACSspec
      114.975      97.3456      4.86728  PACSspec
      129.965      74.7495      3.73748  PACSspec
      144.973      60.9123      3.04561  PACSspec
      159.989      52.9171      2.64586  PACSspec
      160.000      54.0600      2.70300  PACS.160
      177.797      44.5914      2.22957  PACSspec
      201.825      32.5188      2.21049  SPIREspec
      249.478      20.5852      1.47041  SPIREspec
      301.298      13.9070      1.10992  SPIREspec
      349.243      10.0729     0.781900  SPIREspec
      399.205      7.32407     0.573740  SPIREspec
      498.957      4.49269     0.562964  SPIREspec
      598.687      2.99996     0.553946  SPIREspec
      850.000      1.32400    0.0662000  generic
      1300.00     0.465000    0.0232500  generic
      3400.00    0.0360000   0.00300000  generic
