 4.44000E-01  2.97767E-11  1.48883E-12  1.00000E+00 JOHNSON.B 
 4.82000E-01  3.86247E-11  1.93124E-12  1.00000E+00 SDSS.GP 
 5.54000E-01  6.27724E-11  3.24685E-12  1.00000E+00 JOHNSON.V 
 6.25000E-01  1.02169E-10  5.10846E-12  1.00000E+00 SDSS.RP 
 7.63000E-01  1.89777E-10  9.48884E-12  1.00000E+00 SDSS.IP 
 8.82000E-01  2.52206E-10  1.35960E-11  1.00000E+00 UKIDSS.Z 
 1.23930E+00  6.16034E-10  3.08017E-11  1.00000E+00 2MASS.J 
 1.64950E+00  9.52520E-10  4.76260E-11  1.00000E+00 2MASS.H 
 2.16390E+00  1.11003E-09  5.55016E-11  1.00000E+00 2MASS.KS 
 3.36820E+00  8.31928E-10  4.15964E-11  1.00000E+00 WISE.W1 
 3.60000E+00  8.41084E-10  4.20542E-11  1.00000E+00 IRAC.36 
 4.50000E+00  7.52812E-10  3.76406E-11  1.00000E+00 IRAC.45 
 4.61790E+00  7.49173E-10  3.74586E-11  1.00000E+00 WISE.W2 
 5.80000E+00  5.94416E-10  2.97208E-11  1.00000E+00 IRAC.58 
 8.00000E+00  4.87163E-10  2.43581E-11  1.00000E+00 IRAC.80 
 9.09950E+00  4.80683E-10  2.40341E-11  1.00000E+00 AKARI.S9W 
 1.20730E+01  3.21321E-10  1.60661E-11  1.00000E+00 WISE.W3 
 1.95050E+01  3.83175E-10  2.12106E-11  1.00000E+00 AKARI.L18W 
 2.21943E+01  3.88115E-10  1.94057E-11  1.00000E+00 WISE.W4 
 2.40000E+01  4.30952E-10  2.15476E-11  1.00000E+00 MIPS.24 
 6.62934E+01  2.04630E-10  1.44711E-11  1.00000E+00 AKARI.N60 
 7.00000E+01  2.18420E-10  3.42620E-11  1.00000E+00 PACS.70 
 8.78971E+01  1.76061E-10  8.80307E-12  1.00000E+00 AKARI.WIDES 
 1.00000E+02  1.40902E-10  2.09855E-11  1.00000E+00 PACS.100 
 1.40000E+02  8.77964E-11  1.71310E-11  1.00000E+00 PACS.160 
 1.48761E+02  1.00461E-10  2.76091E-11  1.00000E+00 AKARI.WIDEL 
 8.50000E+02  9.09958E-13  1.48133E-13  1.00000E+00 SCUBA.850WB 
 8.60011E+02  9.06338E-13  9.06338E-14  1.00000E+00 SCUBA.850WB 
 8.87000E+02  8.55101E-13  8.78760E-14  1.00000E+00 generic 
 1.30000E+03  3.13629E-13  2.53671E-14  1.00000E+00 generic 
 1.33000E+03  2.43440E-13  1.57786E-14  1.00000E+00 generic 
 2.00000E+03  5.54616E-14  5.54616E-15  1.00000E+00 generic 
 2.70000E+03  2.83137E-14  2.99792E-15  1.00000E+00 generic 
 3.57000E+03  1.15886E-14  5.79431E-16  1.00000E+00 generic 
 7.00000E+03  1.05784E-15  1.24200E-16  1.00000E+00 generic 
 7.80000E+03  3.29003E-16  6.84142E-17  1.00000E+00 generic 
 8.60000E+03  3.67071E-16  4.00885E-17  1.00000E+00 generic 
 9.60000E+03  2.55760E-16  3.68495E-17  1.00000E+00 generic 
 1.08000E+04  1.43512E-16  2.99792E-17  1.00000E+00 generic 
 5.18700E+00  5.75755E-10  2.87878E-11  5.82225E-02 SpitzerIRS 
 5.21720E+00  5.83714E-10  2.91857E-11  5.80771E-02 SpitzerIRS 
 5.24750E+00  5.88730E-10  2.94365E-11  5.75512E-02 SpitzerIRS 
 5.27770E+00  5.85753E-10  2.92877E-11  5.74114E-02 SpitzerIRS 
 5.30800E+00  5.80173E-10  2.90086E-11  5.68953E-02 SpitzerIRS 
 5.33820E+00  5.85494E-10  2.92747E-11  5.67607E-02 SpitzerIRS 
 5.36850E+00  5.92281E-10  2.96140E-11  5.62541E-02 SpitzerIRS 
 5.39870E+00  5.83181E-10  2.91591E-11  5.59394E-02 SpitzerIRS 
 5.42890E+00  5.81748E-10  2.90874E-11  5.58124E-02 SpitzerIRS 
 5.45920E+00  5.70903E-10  2.85451E-11  5.53195E-02 SpitzerIRS 
 5.48940E+00  5.55660E-10  2.77830E-11  5.51973E-02 SpitzerIRS 
 5.51970E+00  5.48873E-10  2.74436E-11  5.47131E-02 SpitzerIRS 
 5.54990E+00  5.41376E-10  2.70688E-11  5.45956E-02 SpitzerIRS 
 5.58020E+00  5.27385E-10  2.63692E-11  5.41199E-02 SpitzerIRS 
 5.61040E+00  5.21340E-10  2.60670E-11  5.38286E-02 SpitzerIRS 
 5.64060E+00  5.10045E-10  2.55022E-11  5.37177E-02 SpitzerIRS 
 5.67090E+00  5.05998E-10  2.52999E-11  5.32543E-02 SpitzerIRS 
 5.70110E+00  5.00935E-10  2.50468E-11  5.31476E-02 SpitzerIRS 
 5.73140E+00  5.04716E-10  2.52358E-11  5.26922E-02 SpitzerIRS 
 5.76160E+00  5.02903E-10  2.51451E-11  5.24160E-02 SpitzerIRS 
 5.79180E+00  4.99017E-10  2.49509E-11  5.23153E-02 SpitzerIRS 
 5.82210E+00  5.04330E-10  2.52165E-11  5.18713E-02 SpitzerIRS 
 5.85230E+00  5.06778E-10  2.53389E-11  5.17745E-02 SpitzerIRS 
 5.88260E+00  5.09906E-10  2.54953E-11  5.13378E-02 SpitzerIRS 
 5.91280E+00  4.96203E-10  2.48101E-11  5.10756E-02 SpitzerIRS 
 5.94300E+00  5.02176E-10  2.51088E-11  5.09844E-02 SpitzerIRS 
 5.97330E+00  5.00482E-10  2.50241E-11  5.05583E-02 SpitzerIRS 
 6.00350E+00  5.02024E-10  2.51012E-11  5.04706E-02 SpitzerIRS 
 6.03380E+00  4.97521E-10  2.48760E-11  5.00514E-02 SpitzerIRS 
 6.06400E+00  4.99512E-10  2.49756E-11  4.99670E-02 SpitzerIRS 
 6.09430E+00  4.92420E-10  2.46210E-11  4.95545E-02 SpitzerIRS 
 6.12450E+00  4.83971E-10  2.41985E-11  4.93101E-02 SpitzerIRS 
 6.15470E+00  4.79233E-10  2.39617E-11  4.92307E-02 SpitzerIRS 
 6.18500E+00  4.81112E-10  2.40556E-11  4.88278E-02 SpitzerIRS 
 6.21520E+00  4.78900E-10  2.39450E-11  4.87514E-02 SpitzerIRS 
 6.24550E+00  4.74642E-10  2.37321E-11  4.83548E-02 SpitzerIRS 
 6.27570E+00  4.67849E-10  2.33924E-11  4.82815E-02 SpitzerIRS 
 6.30600E+00  4.64032E-10  2.32016E-11  4.78909E-02 SpitzerIRS 
 6.33620E+00  4.62913E-10  2.31457E-11  4.76626E-02 SpitzerIRS 
 6.36640E+00  4.63411E-10  2.31705E-11  4.75936E-02 SpitzerIRS 
 6.39670E+00  4.59027E-10  2.29513E-11  4.72118E-02 SpitzerIRS 
 6.42690E+00  4.62015E-10  2.31008E-11  4.71456E-02 SpitzerIRS 
 6.45720E+00  4.58566E-10  2.29283E-11  4.67695E-02 SpitzerIRS 
 6.48740E+00  4.65202E-10  2.32601E-11  4.67059E-02 SpitzerIRS 
 6.51770E+00  4.64102E-10  2.32051E-11  4.63354E-02 SpitzerIRS 
 6.54790E+00  4.64296E-10  2.32148E-11  4.61217E-02 SpitzerIRS 
 6.57810E+00  4.68477E-10  2.34238E-11  4.60619E-02 SpitzerIRS 
 6.60840E+00  4.64514E-10  2.32257E-11  4.56994E-02 SpitzerIRS 
 6.63860E+00  4.59958E-10  2.29979E-11  4.56422E-02 SpitzerIRS 
 6.66890E+00  4.52712E-10  2.26356E-11  4.52848E-02 SpitzerIRS 
 6.69910E+00  4.47771E-10  2.23886E-11  4.52300E-02 SpitzerIRS 
 6.72940E+00  4.47399E-10  2.23699E-11  4.48777E-02 SpitzerIRS 
 6.75960E+00  4.38255E-10  2.19128E-11  4.46772E-02 SpitzerIRS 
 6.78980E+00  4.40487E-10  2.20244E-11  4.46258E-02 SpitzerIRS 
 6.82010E+00  4.41036E-10  2.20518E-11  4.42809E-02 SpitzerIRS 
 6.85030E+00  4.47104E-10  2.23552E-11  4.42316E-02 SpitzerIRS 
 6.88060E+00  4.34356E-10  2.17178E-11  4.38915E-02 SpitzerIRS 
 6.91080E+00  4.30137E-10  2.15069E-11  4.36997E-02 SpitzerIRS 
 6.94100E+00  4.28425E-10  2.14213E-11  4.36537E-02 SpitzerIRS 
 6.97130E+00  4.28761E-10  2.14380E-11  4.33205E-02 SpitzerIRS 
 7.00150E+00  4.31514E-10  2.15757E-11  4.32764E-02 SpitzerIRS 
 7.03180E+00  4.30030E-10  2.15015E-11  4.29478E-02 SpitzerIRS 
 7.06200E+00  4.29486E-10  2.14743E-11  4.27641E-02 SpitzerIRS 
 7.09220E+00  4.30561E-10  2.15281E-11  4.27230E-02 SpitzerIRS 
 7.12250E+00  4.31234E-10  2.15617E-11  4.24008E-02 SpitzerIRS 
 7.15270E+00  4.27619E-10  2.13810E-11  4.23616E-02 SpitzerIRS 
 7.18300E+00  4.24860E-10  2.12430E-11  4.20437E-02 SpitzerIRS 
 7.21320E+00  4.26630E-10  2.13315E-11  4.20063E-02 SpitzerIRS 
 7.24350E+00  4.26509E-10  2.13255E-11  4.16926E-02 SpitzerIRS 
 7.27370E+00  4.24784E-10  2.12392E-11  4.15194E-02 SpitzerIRS 
 7.30390E+00  4.18800E-10  2.09400E-11  4.14847E-02 SpitzerIRS 
 7.33420E+00  4.18337E-10  2.09168E-11  4.11770E-02 SpitzerIRS 
 7.36440E+00  4.22842E-10  2.11421E-11  4.11439E-02 SpitzerIRS 
 7.39470E+00  4.20148E-10  2.10074E-11  4.08401E-02 SpitzerIRS 
 7.42490E+00  4.12512E-10  2.06256E-11  4.08086E-02 SpitzerIRS 
 7.45520E+00  4.07759E-10  2.03880E-11  4.05086E-02 SpitzerIRS 
 7.48540E+00  4.21505E-10  2.10753E-11  4.03452E-02 SpitzerIRS 
 7.51560E+00  4.04223E-10  2.02111E-11  4.03161E-02 SpitzerIRS 
 7.54590E+00  4.09135E-10  2.04568E-11  4.00217E-02 SpitzerIRS 
 7.57610E+00  4.09954E-10  2.04977E-11  7.98564E-02 SpitzerIRS 
 7.63660E+00  4.05748E-10  2.02874E-11  7.92237E-02 SpitzerIRS 
 7.69710E+00  4.03416E-10  2.01708E-11  7.86010E-02 SpitzerIRS 
 7.75760E+00  4.03029E-10  2.01514E-11  7.78591E-02 SpitzerIRS 
 7.81800E+00  4.05050E-10  2.02525E-11  7.73855E-02 SpitzerIRS 
 7.87850E+00  4.06795E-10  2.03397E-11  7.67913E-02 SpitzerIRS 
 7.93900E+00  4.08139E-10  2.04070E-11  7.62061E-02 SpitzerIRS 
 7.99950E+00  4.06731E-10  2.03366E-11  7.56297E-02 SpitzerIRS 
 8.06000E+00  4.04508E-10  2.02254E-11  7.50620E-02 SpitzerIRS 
 8.12050E+00  4.06445E-10  2.03222E-11  7.45028E-02 SpitzerIRS 
 8.18100E+00  4.06836E-10  2.03418E-11  7.38296E-02 SpitzerIRS 
 8.24140E+00  4.06936E-10  2.03468E-11  7.34099E-02 SpitzerIRS 
 8.30190E+00  4.10029E-10  2.05015E-11  7.28749E-02 SpitzerIRS 
 8.36240E+00  4.11200E-10  2.05600E-11  7.23477E-02 SpitzerIRS 
 8.42290E+00  4.08506E-10  2.04253E-11  7.18280E-02 SpitzerIRS 
 8.48340E+00  4.09555E-10  2.04777E-11  7.13157E-02 SpitzerIRS 
 8.54390E+00  4.11584E-10  2.05792E-11  7.06937E-02 SpitzerIRS 
 8.60430E+00  4.12270E-10  2.06135E-11  7.03137E-02 SpitzerIRS 
 8.66480E+00  4.08014E-10  2.04007E-11  6.98227E-02 SpitzerIRS 
 8.72530E+00  4.14438E-10  2.07219E-11  6.93386E-02 SpitzerIRS 
 8.78580E+00  4.13226E-10  2.06613E-11  6.88611E-02 SpitzerIRS 
 8.84630E+00  4.19000E-10  2.09500E-11  6.83902E-02 SpitzerIRS 
 8.90680E+00  4.20025E-10  2.10013E-11  6.78134E-02 SpitzerIRS 
 8.96720E+00  4.24939E-10  2.12469E-11  6.74681E-02 SpitzerIRS 
 9.02770E+00  4.27434E-10  2.13717E-11  6.70160E-02 SpitzerIRS 
 9.08820E+00  4.26565E-10  2.13282E-11  6.65698E-02 SpitzerIRS 
 9.14870E+00  4.33673E-10  2.16836E-11  6.61296E-02 SpitzerIRS 
 9.20920E+00  4.35958E-10  2.17979E-11  6.56952E-02 SpitzerIRS 
 9.26970E+00  4.36117E-10  2.18058E-11  6.51585E-02 SpitzerIRS 
 9.33010E+00  4.36375E-10  2.18187E-11  6.48439E-02 SpitzerIRS 
 9.39060E+00  4.34927E-10  2.17463E-11  6.44261E-02 SpitzerIRS 
 9.45110E+00  4.38325E-10  2.19162E-11  6.40137E-02 SpitzerIRS 
 9.51160E+00  4.37608E-10  2.18804E-11  6.36065E-02 SpitzerIRS 
 9.57210E+00  4.35296E-10  2.17648E-11  6.32045E-02 SpitzerIRS 
 9.63260E+00  4.33243E-10  2.16622E-11  6.28075E-02 SpitzerIRS 
 9.69310E+00  4.32052E-10  2.16026E-11  6.23124E-02 SpitzerIRS 
 9.75350E+00  4.36461E-10  2.18231E-11  6.20290E-02 SpitzerIRS 
 9.81400E+00  4.35615E-10  2.17808E-11  5.81720E-02 SpitzerIRS 
 9.87109E+00  4.39969E-10  2.19984E-11  7.69925E-03 SpitzerIRS 
 9.87869E+00  4.43861E-10  2.21930E-11  7.69333E-03 SpitzerIRS 
 9.88629E+00  4.42892E-10  2.21446E-11  7.69753E-03 SpitzerIRS 
 9.89390E+00  4.40321E-10  2.20161E-11  7.69161E-03 SpitzerIRS 
 9.90151E+00  4.44270E-10  2.22135E-11  7.69580E-03 SpitzerIRS 
 9.90913E+00  4.42410E-10  2.21205E-11  7.68988E-03 SpitzerIRS 
 9.91675E+00  4.32121E-10  2.16060E-11  7.70414E-03 SpitzerIRS 
 9.92439E+00  4.39875E-10  2.19937E-11  7.68813E-03 SpitzerIRS 
 9.93202E+00  4.40868E-10  2.20434E-11  7.70236E-03 SpitzerIRS 
 9.93967E+00  4.34520E-10  2.17260E-11  7.68637E-03 SpitzerIRS 
 9.94731E+00  4.39720E-10  2.19860E-11  7.70057E-03 SpitzerIRS 
 9.95497E+00  4.39358E-10  2.19679E-11  7.69465E-03 SpitzerIRS 
 9.96263E+00  4.40937E-10  2.20468E-11  7.69877E-03 SpitzerIRS 
 9.97030E+00  4.36090E-10  2.18045E-11  7.69285E-03 SpitzerIRS 
 9.97797E+00  4.36822E-10  2.18411E-11  7.69696E-03 SpitzerIRS 
 9.98565E+00  4.39440E-10  2.19720E-11  7.69104E-03 SpitzerIRS 
 9.99333E+00  4.35967E-10  2.17984E-11  7.67512E-03 SpitzerIRS 
 1.00010E+01  4.33001E-10  2.16500E-11  7.69923E-03 SpitzerIRS 
 1.00087E+01  4.36256E-10  2.18128E-11  7.69331E-03 SpitzerIRS 
 1.00164E+01  4.38181E-10  2.19090E-11  7.68739E-03 SpitzerIRS 
 1.00241E+01  4.34219E-10  2.17110E-11  7.68149E-03 SpitzerIRS 
 1.00318E+01  4.32431E-10  2.16215E-11  7.77527E-03 SpitzerIRS 
 1.00396E+01  4.37057E-10  2.18529E-11  7.66963E-03 SpitzerIRS 
 1.00473E+01  4.36150E-10  2.18075E-11  7.66375E-03 SpitzerIRS 
 1.00550E+01  4.29092E-10  2.14546E-11  7.75733E-03 SpitzerIRS 
 1.00628E+01  4.35290E-10  2.17645E-11  7.65195E-03 SpitzerIRS 
 1.00705E+01  4.35958E-10  2.17979E-11  7.64610E-03 SpitzerIRS 
 1.00782E+01  4.34372E-10  2.17186E-11  7.73948E-03 SpitzerIRS 
 1.00860E+01  4.28505E-10  2.14252E-11  7.73349E-03 SpitzerIRS 
 1.00938E+01  4.35813E-10  2.17906E-11  7.62845E-03 SpitzerIRS 
 1.01015E+01  4.37083E-10  2.18541E-11  7.72163E-03 SpitzerIRS 
 1.01093E+01  4.32247E-10  2.16124E-11  7.71567E-03 SpitzerIRS 
 1.01171E+01  4.28429E-10  2.14215E-11  7.70972E-03 SpitzerIRS 
 1.01249E+01  4.33375E-10  2.16688E-11  7.70378E-03 SpitzerIRS 
 1.01327E+01  4.36036E-10  2.18018E-11  7.69785E-03 SpitzerIRS 
 1.01405E+01  4.29826E-10  2.14913E-11  7.69193E-03 SpitzerIRS 
 1.01483E+01  4.32745E-10  2.16373E-11  7.68602E-03 SpitzerIRS 
 1.01561E+01  4.34344E-10  2.17172E-11  7.68011E-03 SpitzerIRS 
 1.01639E+01  4.31550E-10  2.15775E-11  7.67422E-03 SpitzerIRS 
 1.01717E+01  4.30438E-10  2.15219E-11  7.66833E-03 SpitzerIRS 
 1.01795E+01  4.33121E-10  2.16561E-11  7.76070E-03 SpitzerIRS 
 1.01874E+01  4.39851E-10  2.19925E-11  7.65652E-03 SpitzerIRS 
 1.01952E+01  4.34213E-10  2.17106E-11  7.74874E-03 SpitzerIRS 
 1.02031E+01  4.29889E-10  2.14945E-11  7.64474E-03 SpitzerIRS 
 1.02109E+01  4.32186E-10  2.16093E-11  7.73683E-03 SpitzerIRS 
 1.02188E+01  4.31849E-10  2.15924E-11  7.63299E-03 SpitzerIRS 
 1.02266E+01  4.30112E-10  2.15056E-11  7.72495E-03 SpitzerIRS 
 1.02345E+01  4.30003E-10  2.15001E-11  7.71899E-03 SpitzerIRS 
 1.02424E+01  4.33538E-10  2.16769E-11  7.71304E-03 SpitzerIRS 
 1.02503E+01  4.32911E-10  2.16456E-11  7.60953E-03 SpitzerIRS 
 1.02581E+01  4.29405E-10  2.14703E-11  7.70123E-03 SpitzerIRS 
 1.02660E+01  4.32763E-10  2.16381E-11  7.69530E-03 SpitzerIRS 
 1.02739E+01  4.34126E-10  2.17063E-11  7.68939E-03 SpitzerIRS 
 1.02818E+01  4.30643E-10  2.15321E-11  7.78074E-03 SpitzerIRS 
 1.02898E+01  4.28822E-10  2.14411E-11  7.67751E-03 SpitzerIRS 
 1.02977E+01  4.30045E-10  2.15022E-11  7.67162E-03 SpitzerIRS 
 1.03056E+01  4.30152E-10  2.15076E-11  7.66574E-03 SpitzerIRS 
 1.03135E+01  4.28159E-10  2.14080E-11  7.75682E-03 SpitzerIRS 
 1.03215E+01  4.27749E-10  2.13875E-11  7.65393E-03 SpitzerIRS 
 1.03294E+01  4.29988E-10  2.14994E-11  7.74488E-03 SpitzerIRS 
 1.03374E+01  4.29411E-10  2.14706E-11  7.64215E-03 SpitzerIRS 
 1.03453E+01  4.25345E-10  2.12673E-11  7.73298E-03 SpitzerIRS 
 1.03533E+01  4.27255E-10  2.13627E-11  7.63042E-03 SpitzerIRS 
 1.03612E+01  4.28764E-10  2.14382E-11  7.72111E-03 SpitzerIRS 
 1.03692E+01  4.28375E-10  2.14187E-11  7.71516E-03 SpitzerIRS 
 1.03772E+01  4.25248E-10  2.12624E-11  7.70921E-03 SpitzerIRS 
 1.03852E+01  4.28093E-10  2.14047E-11  7.70327E-03 SpitzerIRS 
 1.03932E+01  4.29457E-10  2.14728E-11  7.69734E-03 SpitzerIRS 
 1.04012E+01  4.33897E-10  2.16948E-11  7.69142E-03 SpitzerIRS 
 1.04092E+01  4.32310E-10  2.16155E-11  7.68551E-03 SpitzerIRS 
 1.04172E+01  4.29803E-10  2.14901E-11  7.67961E-03 SpitzerIRS 
 1.04252E+01  4.29654E-10  2.14827E-11  7.67371E-03 SpitzerIRS 
 1.04332E+01  4.28968E-10  2.14484E-11  7.66783E-03 SpitzerIRS 
 1.04412E+01  4.28284E-10  2.14142E-11  7.75773E-03 SpitzerIRS 
 1.04493E+01  4.30034E-10  2.15017E-11  7.65602E-03 SpitzerIRS 
 1.04573E+01  4.29192E-10  2.14596E-11  7.74579E-03 SpitzerIRS 
 1.04654E+01  4.29596E-10  2.14798E-11  7.64424E-03 SpitzerIRS 
 1.04734E+01  4.28613E-10  2.14306E-11  7.73388E-03 SpitzerIRS 
 1.04815E+01  4.27289E-10  2.13644E-11  7.63250E-03 SpitzerIRS 
 1.04895E+01  4.31527E-10  2.15764E-11  7.72201E-03 SpitzerIRS 
 1.04976E+01  4.31677E-10  2.15839E-11  7.71605E-03 SpitzerIRS 
 1.05057E+01  4.29992E-10  2.14996E-11  7.71010E-03 SpitzerIRS 
 1.05138E+01  4.27391E-10  2.13695E-11  7.70416E-03 SpitzerIRS 
 1.05219E+01  4.27119E-10  2.13559E-11  7.69823E-03 SpitzerIRS 
 1.05300E+01  4.26494E-10  2.13247E-11  7.69231E-03 SpitzerIRS 
 1.05381E+01  4.25771E-10  2.12885E-11  7.68640E-03 SpitzerIRS 
 1.05462E+01  4.23181E-10  2.11590E-11  7.68049E-03 SpitzerIRS 
 1.05543E+01  4.24796E-10  2.12398E-11  7.67460E-03 SpitzerIRS 
 1.05624E+01  4.28401E-10  2.14201E-11  7.66871E-03 SpitzerIRS 
 1.05705E+01  4.25107E-10  2.12553E-11  7.75744E-03 SpitzerIRS 
 1.05787E+01  4.23675E-10  2.11837E-11  7.65690E-03 SpitzerIRS 
 1.05868E+01  4.27182E-10  2.13591E-11  7.74549E-03 SpitzerIRS 
 1.05950E+01  4.26067E-10  2.13034E-11  7.64512E-03 SpitzerIRS 
 1.06031E+01  4.24150E-10  2.12075E-11  7.73359E-03 SpitzerIRS 
 1.06113E+01  4.26003E-10  2.13002E-11  7.63337E-03 SpitzerIRS 
 1.06194E+01  4.27358E-10  2.13679E-11  7.72172E-03 SpitzerIRS 
 1.06276E+01  4.27330E-10  2.13665E-11  7.71576E-03 SpitzerIRS 
 1.06358E+01  4.21428E-10  2.12869E-11  7.70981E-03 SpitzerIRS 
 1.06440E+01  4.25762E-10  2.12881E-11  7.70387E-03 SpitzerIRS 
 1.06522E+01  4.28592E-10  2.14296E-11  7.69794E-03 SpitzerIRS 
 1.06604E+01  4.24002E-10  2.12001E-11  7.69202E-03 SpitzerIRS 
 1.06686E+01  4.24854E-10  2.12427E-11  7.68611E-03 SpitzerIRS 
 1.06768E+01  4.23789E-10  2.11894E-11  7.68020E-03 SpitzerIRS 
 1.06850E+01  4.26867E-10  2.13433E-11  7.67431E-03 SpitzerIRS 
 1.06932E+01  4.22183E-10  2.11091E-11  7.76194E-03 SpitzerIRS 
 1.07015E+01  4.21511E-10  2.10755E-11  7.66248E-03 SpitzerIRS 
 1.07097E+01  4.25888E-10  2.12944E-11  7.65661E-03 SpitzerIRS 
 1.07179E+01  4.24440E-10  2.12220E-11  7.74405E-03 SpitzerIRS 
 1.07262E+01  4.23179E-10  2.11589E-11  7.64483E-03 SpitzerIRS 
 1.07344E+01  4.23012E-10  2.11506E-11  7.73215E-03 SpitzerIRS 
 1.07427E+01  4.26511E-10  2.13255E-11  7.72618E-03 SpitzerIRS 
 1.07510E+01  4.27322E-10  2.13661E-11  7.62720E-03 SpitzerIRS 
 1.07592E+01  4.25060E-10  2.12530E-11  7.71433E-03 SpitzerIRS 
 1.07675E+01  4.24451E-10  2.12225E-11  7.70838E-03 SpitzerIRS 
 1.07758E+01  4.24349E-10  2.12175E-11  7.70244E-03 SpitzerIRS 
 1.07841E+01  4.23239E-10  2.11619E-11  7.69652E-03 SpitzerIRS 
 1.07924E+01  4.21791E-10  2.10896E-11  7.69060E-03 SpitzerIRS 
 1.08007E+01  4.22491E-10  2.11246E-11  7.68469E-03 SpitzerIRS 
 1.08090E+01  4.25709E-10  2.12854E-11  7.67879E-03 SpitzerIRS 
 1.08173E+01  4.25365E-10  2.12683E-11  7.76534E-03 SpitzerIRS 
 1.08257E+01  4.23814E-10  2.11907E-11  7.66694E-03 SpitzerIRS 
 1.08340E+01  4.22795E-10  2.11397E-11  7.66107E-03 SpitzerIRS 
 1.08423E+01  4.23967E-10  2.11984E-11  7.74743E-03 SpitzerIRS 
 1.08507E+01  4.23573E-10  2.11786E-11  7.64928E-03 SpitzerIRS 
 1.08590E+01  4.19536E-10  2.09768E-11  7.73552E-03 SpitzerIRS 
 1.08674E+01  4.22210E-10  2.11105E-11  7.63752E-03 SpitzerIRS 
 1.08757E+01  4.23431E-10  2.11716E-11  7.72364E-03 SpitzerIRS 
 1.08841E+01  4.21309E-10  2.10654E-11  7.71768E-03 SpitzerIRS 
 1.08925E+01  4.18823E-10  2.09412E-11  7.71173E-03 SpitzerIRS 
 1.09009E+01  4.21127E-10  2.10563E-11  7.61405E-03 SpitzerIRS 
 1.09092E+01  4.24527E-10  2.12264E-11  7.69992E-03 SpitzerIRS 
 1.09176E+01  4.19445E-10  2.09722E-11  7.69400E-03 SpitzerIRS 
 1.09260E+01  4.21954E-10  2.10977E-11  7.77961E-03 SpitzerIRS 
 1.09345E+01  4.20236E-10  2.10118E-11  7.68211E-03 SpitzerIRS 
 1.09429E+01  4.23921E-10  2.11961E-11  7.67621E-03 SpitzerIRS 
 1.09513E+01  4.19632E-10  2.09816E-11  7.67032E-03 SpitzerIRS 
 1.09597E+01  4.18441E-10  2.09220E-11  7.66444E-03 SpitzerIRS 
 1.09681E+01  4.21381E-10  2.10691E-11  7.74975E-03 SpitzerIRS 
 1.09766E+01  4.23084E-10  2.11542E-11  7.65264E-03 SpitzerIRS 
 1.09850E+01  4.22305E-10  2.11152E-11  7.73782E-03 SpitzerIRS 
 1.09935E+01  4.19418E-10  2.09709E-11  7.64088E-03 SpitzerIRS 
 1.10019E+01  4.22724E-10  2.11362E-11  7.72594E-03 SpitzerIRS 
 1.10104E+01  4.25366E-10  2.12683E-11  7.71997E-03 SpitzerIRS 
 1.10189E+01  4.20432E-10  2.10216E-11  7.71402E-03 SpitzerIRS 
 1.10274E+01  4.21301E-10  2.10650E-11  7.61739E-03 SpitzerIRS 
 1.10358E+01  4.21048E-10  2.10524E-11  7.70221E-03 SpitzerIRS 
 1.10443E+01  4.20151E-10  2.10076E-11  7.69628E-03 SpitzerIRS 
 1.10528E+01  4.21434E-10  2.10717E-11  7.69036E-03 SpitzerIRS 
 1.10613E+01  4.20308E-10  2.10154E-11  7.77485E-03 SpitzerIRS 
 1.10699E+01  4.18619E-10  2.09310E-11  7.67848E-03 SpitzerIRS 
 1.10784E+01  4.17142E-10  2.08571E-11  7.67259E-03 SpitzerIRS 
 1.10869E+01  4.18756E-10  2.09378E-11  7.66671E-03 SpitzerIRS 
 1.10954E+01  4.20675E-10  2.10338E-11  7.75096E-03 SpitzerIRS 
 1.11040E+01  4.20876E-10  2.10438E-11  7.65490E-03 SpitzerIRS 
 1.11125E+01  4.19664E-10  2.09832E-11  7.73903E-03 SpitzerIRS 
 1.11211E+01  4.18770E-10  2.09385E-11  7.64313E-03 SpitzerIRS 
 1.11296E+01  4.17562E-10  2.08781E-11  7.72714E-03 SpitzerIRS 
 1.11382E+01  4.18550E-10  2.09275E-11  7.72118E-03 SpitzerIRS 
 1.11468E+01  4.15761E-10  2.07880E-11  7.62551E-03 SpitzerIRS 
 1.11553E+01  4.20314E-10  2.10157E-11  7.70934E-03 SpitzerIRS 
 1.11639E+01  4.20962E-10  2.10481E-11  7.70340E-03 SpitzerIRS 
 1.11725E+01  4.19020E-10  2.09510E-11  7.69747E-03 SpitzerIRS 
 1.11811E+01  4.18177E-10  2.09089E-11  7.69155E-03 SpitzerIRS 
 1.11897E+01  4.15525E-10  2.07763E-11  7.68564E-03 SpitzerIRS 
 1.11983E+01  4.17854E-10  2.08927E-11  7.67974E-03 SpitzerIRS 
 1.12069E+01  4.15511E-10  2.07755E-11  7.76307E-03 SpitzerIRS 
 1.12156E+01  4.14317E-10  2.07158E-11  7.66789E-03 SpitzerIRS 
 1.12242E+01  4.16545E-10  2.08272E-11  7.66202E-03 SpitzerIRS 
 1.12328E+01  4.17155E-10  2.08577E-11  7.74517E-03 SpitzerIRS 
 1.12415E+01  4.15568E-10  2.07784E-11  7.65022E-03 SpitzerIRS 
 1.12501E+01  4.13505E-10  2.06752E-11  7.73326E-03 SpitzerIRS 
 1.12588E+01  4.15816E-10  2.07908E-11  7.72729E-03 SpitzerIRS 
 1.12675E+01  4.17871E-10  2.08935E-11  7.63257E-03 SpitzerIRS 
 1.12761E+01  4.16260E-10  2.08130E-11  7.71543E-03 SpitzerIRS 
 1.12848E+01  4.13466E-10  2.06733E-11  7.70949E-03 SpitzerIRS 
 1.12935E+01  4.12954E-10  2.06477E-11  7.70355E-03 SpitzerIRS 
 1.13022E+01  4.18116E-10  2.09058E-11  7.69762E-03 SpitzerIRS 
 1.13109E+01  4.16787E-10  2.08394E-11  7.69170E-03 SpitzerIRS 
 1.13196E+01  4.13990E-10  2.06995E-11  7.68578E-03 SpitzerIRS 
 1.13283E+01  4.12638E-10  2.06319E-11  7.67988E-03 SpitzerIRS 
 1.13370E+01  4.09817E-10  2.04908E-11  7.67399E-03 SpitzerIRS 
 1.13457E+01  4.08496E-10  2.04248E-11  7.75624E-03 SpitzerIRS 
 1.13545E+01  4.06405E-10  2.03202E-11  7.66216E-03 SpitzerIRS 
 1.13632E+01  4.08788E-10  2.04394E-11  7.65629E-03 SpitzerIRS 
 1.13719E+01  4.07700E-10  2.03850E-11  7.73837E-03 SpitzerIRS 
 1.13807E+01  4.07951E-10  2.03975E-11  7.73239E-03 SpitzerIRS 
 1.13895E+01  4.03111E-10  2.01555E-11  7.63861E-03 SpitzerIRS 
 1.13982E+01  4.05170E-10  2.02585E-11  7.72052E-03 SpitzerIRS 
 1.14070E+01  4.03504E-10  2.01752E-11  7.71456E-03 SpitzerIRS 
 1.14158E+01  4.04730E-10  2.02365E-11  7.70861E-03 SpitzerIRS 
 1.14246E+01  4.00878E-10  2.00439E-11  7.61515E-03 SpitzerIRS 
 1.14333E+01  4.04540E-10  2.02270E-11  7.69682E-03 SpitzerIRS 
 1.14421E+01  4.05552E-10  2.02776E-11  7.69090E-03 SpitzerIRS 
 1.14509E+01  4.04198E-10  2.02099E-11  7.77231E-03 SpitzerIRS 
 1.14598E+01  4.00596E-10  2.00298E-11  7.67902E-03 SpitzerIRS 
 1.14686E+01  4.02435E-10  2.01217E-11  7.67312E-03 SpitzerIRS 
 1.14774E+01  4.00408E-10  2.00204E-11  7.66724E-03 SpitzerIRS 
 1.14862E+01  3.97076E-10  1.98538E-11  7.74843E-03 SpitzerIRS 
 1.14951E+01  3.98411E-10  1.99206E-11  7.65544E-03 SpitzerIRS 
 1.15039E+01  3.94497E-10  1.97249E-11  7.73651E-03 SpitzerIRS 
 1.15128E+01  3.96963E-10  1.98482E-11  7.64367E-03 SpitzerIRS 
 1.15216E+01  3.96257E-10  1.98128E-11  7.72462E-03 SpitzerIRS 
 1.15305E+01  3.94492E-10  1.97246E-11  7.71866E-03 SpitzerIRS 
 1.15394E+01  3.94180E-10  1.97090E-11  7.62605E-03 SpitzerIRS 
 1.15482E+01  3.97563E-10  1.98782E-11  7.70683E-03 SpitzerIRS 
 1.15571E+01  3.93991E-10  1.96996E-11  7.70089E-03 SpitzerIRS 
 1.15660E+01  3.93248E-10  1.96624E-11  7.69497E-03 SpitzerIRS 
 1.15749E+01  3.90531E-10  1.95266E-11  7.68905E-03 SpitzerIRS 
 1.15838E+01  3.90570E-10  1.95285E-11  7.68314E-03 SpitzerIRS 
 1.15927E+01  3.90524E-10  1.95262E-11  7.76351E-03 SpitzerIRS 
 1.16017E+01  3.88399E-10  1.94200E-11  7.67129E-03 SpitzerIRS 
 1.16106E+01  3.89013E-10  1.94506E-11  7.66541E-03 SpitzerIRS 
 1.16195E+01  3.85469E-10  1.92735E-11  7.74560E-03 SpitzerIRS 
 1.16285E+01  3.86893E-10  1.93447E-11  7.65361E-03 SpitzerIRS 
 1.16374E+01  3.84583E-10  1.92291E-11  7.73369E-03 SpitzerIRS 
 1.16464E+01  3.84249E-10  1.92125E-11  7.64185E-03 SpitzerIRS 
 1.16553E+01  3.81999E-10  1.90999E-11  7.72181E-03 SpitzerIRS 
 1.16643E+01  3.79416E-10  1.89708E-11  7.71585E-03 SpitzerIRS 
 1.16733E+01  3.78549E-10  1.89274E-11  7.70990E-03 SpitzerIRS 
 1.16823E+01  3.78557E-10  1.89279E-11  7.61836E-03 SpitzerIRS 
 1.16912E+01  3.78831E-10  1.89415E-11  7.69810E-03 SpitzerIRS 
 1.17002E+01  3.76804E-10  1.88402E-11  7.77764E-03 SpitzerIRS 
 1.17093E+01  3.75605E-10  1.87803E-11  7.68620E-03 SpitzerIRS 
 1.17183E+01  3.81605E-10  1.90803E-11  7.68029E-03 SpitzerIRS 
 1.17273E+01  3.80223E-10  1.90112E-11  7.67440E-03 SpitzerIRS 
 1.17363E+01  3.78243E-10  1.89122E-11  7.66852E-03 SpitzerIRS 
 1.17453E+01  3.78438E-10  1.89219E-11  7.74778E-03 SpitzerIRS 
 1.17544E+01  3.78584E-10  1.89292E-11  7.65671E-03 SpitzerIRS 
 1.17634E+01  3.75145E-10  1.87572E-11  7.73586E-03 SpitzerIRS 
 1.17725E+01  3.73378E-10  1.86689E-11  7.64494E-03 SpitzerIRS 
 1.17815E+01  3.71161E-10  1.85580E-11  7.72397E-03 SpitzerIRS 
 1.17906E+01  3.69006E-10  1.84503E-11  7.71801E-03 SpitzerIRS 
 1.17997E+01  3.67715E-10  1.83857E-11  7.71206E-03 SpitzerIRS 
 1.18088E+01  3.66805E-10  1.83402E-11  7.62143E-03 SpitzerIRS 
 1.18178E+01  3.68468E-10  1.84234E-11  7.70025E-03 SpitzerIRS 
 1.18269E+01  3.68730E-10  1.84365E-11  7.69432E-03 SpitzerIRS 
 1.18360E+01  3.67152E-10  1.83576E-11  7.68841E-03 SpitzerIRS 
 1.18451E+01  3.64893E-10  1.82447E-11  7.76692E-03 SpitzerIRS 
 1.18543E+01  3.64185E-10  1.82093E-11  7.67654E-03 SpitzerIRS 
 1.18634E+01  3.65321E-10  1.82661E-11  7.67065E-03 SpitzerIRS 
 1.18725E+01  3.65220E-10  1.82610E-11  7.66477E-03 SpitzerIRS 
 1.18816E+01  3.65198E-10  1.82599E-11  7.74306E-03 SpitzerIRS 
 1.18908E+01  3.61572E-10  1.80786E-11  7.65298E-03 SpitzerIRS 
 1.18999E+01  3.63125E-10  1.81562E-11  7.73116E-03 SpitzerIRS 
 1.19091E+01  3.64435E-10  1.82218E-11  7.72518E-03 SpitzerIRS 
 1.19183E+01  3.63500E-10  1.81750E-11  7.63532E-03 SpitzerIRS 
 1.19274E+01  3.63348E-10  1.81674E-11  7.71333E-03 SpitzerIRS 
 1.19366E+01  3.59730E-10  1.79865E-11  7.70739E-03 SpitzerIRS 
 1.19458E+01  3.57144E-10  1.78572E-11  7.70145E-03 SpitzerIRS 
 1.19550E+01  3.59410E-10  1.79705E-11  7.69552E-03 SpitzerIRS 
 1.19642E+01  3.56911E-10  1.78455E-11  7.68961E-03 SpitzerIRS 
 1.19734E+01  3.54093E-10  1.77046E-11  7.68370E-03 SpitzerIRS 
 1.19826E+01  3.54084E-10  1.77042E-11  7.67780E-03 SpitzerIRS 
 1.19918E+01  3.53859E-10  1.76930E-11  7.75530E-03 SpitzerIRS 
 1.20011E+01  3.53548E-10  1.76774E-11  7.66596E-03 SpitzerIRS 
 1.20103E+01  3.52009E-10  1.76004E-11  7.66009E-03 SpitzerIRS 
 1.20195E+01  3.50405E-10  1.75203E-11  7.73743E-03 SpitzerIRS 
 1.20288E+01  3.52367E-10  1.76184E-11  7.64831E-03 SpitzerIRS 
 1.20380E+01  3.50447E-10  1.75223E-11  7.72554E-03 SpitzerIRS 
 1.20473E+01  3.48178E-10  1.74089E-11  7.71957E-03 SpitzerIRS 
 1.20566E+01  3.49670E-10  1.74835E-11  7.71362E-03 SpitzerIRS 
 1.20659E+01  3.47259E-10  1.73629E-11  7.62479E-03 SpitzerIRS 
 1.20751E+01  3.49544E-10  1.74772E-11  7.70180E-03 SpitzerIRS 
 1.20844E+01  3.48905E-10  1.74453E-11  7.69587E-03 SpitzerIRS 
 1.20937E+01  3.47675E-10  1.73838E-11  7.68995E-03 SpitzerIRS 
 1.21030E+01  3.45595E-10  1.72797E-11  7.76667E-03 SpitzerIRS 
 1.21124E+01  3.47312E-10  1.73656E-11  7.67808E-03 SpitzerIRS 
 1.21217E+01  3.43588E-10  1.71794E-11  7.67219E-03 SpitzerIRS 
 1.21310E+01  3.42697E-10  1.71348E-11  7.66631E-03 SpitzerIRS 
 1.21403E+01  3.44859E-10  1.72429E-11  7.74281E-03 SpitzerIRS 
 1.21497E+01  3.46440E-10  1.73220E-11  7.65451E-03 SpitzerIRS 
 1.21590E+01  3.43520E-10  1.71760E-11  7.73090E-03 SpitzerIRS 
 1.21684E+01  3.40843E-10  1.70421E-11  7.64275E-03 SpitzerIRS 
 1.21777E+01  3.37535E-10  1.68767E-11  7.71903E-03 SpitzerIRS 
 1.21871E+01  3.38915E-10  1.69457E-11  7.71307E-03 SpitzerIRS 
 1.21965E+01  3.39787E-10  1.69893E-11  7.70713E-03 SpitzerIRS 
 1.22059E+01  3.38567E-10  1.69284E-11  7.70119E-03 SpitzerIRS 
 1.22153E+01  3.36120E-10  1.68060E-11  7.69527E-03 SpitzerIRS 
 1.22247E+01  3.35283E-10  1.67641E-11  7.68935E-03 SpitzerIRS 
 1.22341E+01  3.37397E-10  1.68699E-11  7.68344E-03 SpitzerIRS 
 1.22435E+01  3.41362E-10  1.70681E-11  7.67754E-03 SpitzerIRS 
 1.22529E+01  3.39549E-10  1.69774E-11  7.75327E-03 SpitzerIRS 
 1.22624E+01  3.39159E-10  1.69579E-11  7.66571E-03 SpitzerIRS 
 1.22718E+01  3.41901E-10  1.70951E-11  7.65984E-03 SpitzerIRS 
 1.22812E+01  3.42013E-10  1.71007E-11  7.73540E-03 SpitzerIRS 
 1.22907E+01  3.35670E-10  1.67835E-11  7.64806E-03 SpitzerIRS 
 1.23001E+01  3.33140E-10  1.66570E-11  7.72351E-03 SpitzerIRS 
 1.23096E+01  3.34634E-10  1.67317E-11  7.71755E-03 SpitzerIRS 
 1.23191E+01  3.35575E-10  1.67788E-11  7.71160E-03 SpitzerIRS 
 1.23286E+01  3.32443E-10  1.66221E-11  7.62455E-03 SpitzerIRS 
 1.23380E+01  3.31220E-10  1.65610E-11  7.69979E-03 SpitzerIRS 
 1.23475E+01  3.31800E-10  1.65900E-11  7.69387E-03 SpitzerIRS 
 1.23570E+01  3.33372E-10  1.66686E-11  7.76888E-03 SpitzerIRS 
 1.23666E+01  3.41707E-10  1.70854E-11  7.68198E-03 SpitzerIRS 
 1.23761E+01  3.43126E-10  1.71563E-11  7.67609E-03 SpitzerIRS 
 1.23856E+01  3.36841E-10  1.68420E-11  7.67020E-03 SpitzerIRS 
 1.23951E+01  3.35233E-10  1.67616E-11  7.74500E-03 SpitzerIRS 
 1.24047E+01  3.34084E-10  1.67042E-11  7.65839E-03 SpitzerIRS 
 1.24142E+01  3.33787E-10  1.66894E-11  7.65253E-03 SpitzerIRS 
 1.24237E+01  3.33720E-10  1.66860E-11  7.72717E-03 SpitzerIRS 
 1.24333E+01  3.33795E-10  1.66898E-11  7.72120E-03 SpitzerIRS 
 1.24429E+01  3.34381E-10  1.67191E-11  7.71524E-03 SpitzerIRS 
 1.24525E+01  3.32014E-10  1.66007E-11  7.62899E-03 SpitzerIRS 
 1.24620E+01  3.30546E-10  1.65273E-11  7.70342E-03 SpitzerIRS 
 1.24716E+01  3.30186E-10  1.65093E-11  7.69749E-03 SpitzerIRS 
 1.24812E+01  3.31008E-10  1.65504E-11  7.69157E-03 SpitzerIRS 
 1.24908E+01  3.27132E-10  1.63566E-11  7.68566E-03 SpitzerIRS 
 1.25004E+01  3.27586E-10  1.63793E-11  7.75975E-03 SpitzerIRS 
 1.25101E+01  3.30196E-10  1.65098E-11  7.67380E-03 SpitzerIRS 
 1.25197E+01  3.34839E-10  1.67420E-11  7.66792E-03 SpitzerIRS 
 1.25293E+01  3.27627E-10  1.63814E-11  7.74185E-03 SpitzerIRS 
 1.25390E+01  3.29769E-10  1.64885E-11  7.65611E-03 SpitzerIRS 
 1.25486E+01  3.27417E-10  1.63709E-11  7.72995E-03 SpitzerIRS 
 1.25583E+01  3.29332E-10  1.64666E-11  7.64435E-03 SpitzerIRS 
 1.25679E+01  3.24374E-10  1.62187E-11  7.71808E-03 SpitzerIRS 
 1.25776E+01  3.26808E-10  1.63404E-11  7.71212E-03 SpitzerIRS 
 1.25873E+01  3.28013E-10  1.64007E-11  7.70618E-03 SpitzerIRS 
 1.25970E+01  3.29072E-10  1.64536E-11  7.70025E-03 SpitzerIRS 
 1.26067E+01  3.25761E-10  1.62880E-11  7.69432E-03 SpitzerIRS 
 1.26164E+01  3.24933E-10  1.62466E-11  7.68841E-03 SpitzerIRS 
 1.26261E+01  3.28439E-10  1.64220E-11  7.68250E-03 SpitzerIRS 
 1.26358E+01  3.29414E-10  1.64707E-11  7.67660E-03 SpitzerIRS 
 1.26455E+01  3.26708E-10  1.63354E-11  7.67071E-03 SpitzerIRS 
 1.26552E+01  3.27407E-10  1.63704E-11  7.74385E-03 SpitzerIRS 
 1.26650E+01  3.25868E-10  1.62934E-11  7.65890E-03 SpitzerIRS 
 1.26747E+01  3.21236E-10  1.60618E-11  7.73194E-03 SpitzerIRS 
 1.26845E+01  3.19284E-10  1.59642E-11  7.72596E-03 SpitzerIRS 
 1.26943E+01  3.20324E-10  1.60162E-11  7.64122E-03 SpitzerIRS 
 1.27040E+01  3.20512E-10  1.60256E-11  7.71411E-03 SpitzerIRS 
 1.27138E+01  3.18513E-10  1.59256E-11  7.70816E-03 SpitzerIRS 
 1.27236E+01  3.20002E-10  1.60001E-11  7.70222E-03 SpitzerIRS 
 1.27334E+01  3.19840E-10  1.59920E-11  7.69629E-03 SpitzerIRS 
 1.27432E+01  3.18747E-10  1.59374E-11  7.69038E-03 SpitzerIRS 
 1.27530E+01  3.20693E-10  1.60347E-11  7.68447E-03 SpitzerIRS 
 1.27628E+01  3.20332E-10  1.60166E-11  7.67857E-03 SpitzerIRS 
 1.27726E+01  3.19438E-10  1.59719E-11  7.67267E-03 SpitzerIRS 
 1.27824E+01  3.21271E-10  1.60636E-11  7.74502E-03 SpitzerIRS 
 1.27923E+01  3.19973E-10  1.59986E-11  7.66086E-03 SpitzerIRS 
 1.28021E+01  3.20255E-10  1.60127E-11  7.73311E-03 SpitzerIRS 
 1.28120E+01  3.24797E-10  1.62399E-11  7.64908E-03 SpitzerIRS 
 1.28218E+01  3.18032E-10  1.59016E-11  7.72122E-03 SpitzerIRS 
 1.28317E+01  3.20565E-10  1.60282E-11  7.71527E-03 SpitzerIRS 
 1.28416E+01  3.19185E-10  1.59593E-11  7.63145E-03 SpitzerIRS 
 1.28514E+01  3.18459E-10  1.59230E-11  7.70344E-03 SpitzerIRS 
 1.28613E+01  3.15720E-10  1.57860E-11  7.69751E-03 SpitzerIRS 
 1.28712E+01  3.18801E-10  1.59400E-11  7.69159E-03 SpitzerIRS 
 1.28811E+01  3.14664E-10  1.57332E-11  7.76331E-03 SpitzerIRS 
 1.28911E+01  3.13820E-10  1.56910E-11  7.67972E-03 SpitzerIRS 
 1.29010E+01  3.12829E-10  1.56414E-11  7.67382E-03 SpitzerIRS 
 1.29109E+01  3.15935E-10  1.57968E-11  7.66794E-03 SpitzerIRS 
 1.29208E+01  3.17948E-10  1.58974E-11  7.73946E-03 SpitzerIRS 
 1.29308E+01  3.14610E-10  1.57305E-11  7.65614E-03 SpitzerIRS 
 1.29407E+01  3.12858E-10  1.56429E-11  7.72756E-03 SpitzerIRS 
 1.29507E+01  3.14235E-10  1.57117E-11  7.72159E-03 SpitzerIRS 
 1.29607E+01  3.14830E-10  1.57415E-11  7.63848E-03 SpitzerIRS 
 1.29706E+01  3.14576E-10  1.57288E-11  7.70974E-03 SpitzerIRS 
 1.29806E+01  3.13035E-10  1.56518E-11  7.70380E-03 SpitzerIRS 
 1.29906E+01  3.13408E-10  1.56704E-11  7.69787E-03 SpitzerIRS 
 1.30006E+01  3.13550E-10  1.56775E-11  7.69195E-03 SpitzerIRS 
 1.30106E+01  3.14023E-10  1.57012E-11  7.68604E-03 SpitzerIRS 
 1.30206E+01  3.15134E-10  1.57567E-11  7.68014E-03 SpitzerIRS 
 1.30306E+01  3.19185E-10  1.59592E-11  7.75099E-03 SpitzerIRS 
 1.30407E+01  3.17526E-10  1.58763E-11  7.66830E-03 SpitzerIRS 
 1.30507E+01  3.12631E-10  1.56316E-11  7.66242E-03 SpitzerIRS 
 1.30607E+01  3.17517E-10  1.58759E-11  7.73312E-03 SpitzerIRS 
 1.30708E+01  3.16056E-10  1.58028E-11  7.65064E-03 SpitzerIRS 
 1.30808E+01  3.16324E-10  1.58162E-11  7.72124E-03 SpitzerIRS 
 1.30909E+01  3.15051E-10  1.57526E-11  7.71528E-03 SpitzerIRS 
 1.31010E+01  3.13607E-10  1.56804E-11  7.70934E-03 SpitzerIRS 
 1.31111E+01  3.12570E-10  1.56285E-11  7.70340E-03 SpitzerIRS 
 1.31212E+01  3.12251E-10  1.56126E-11  7.69747E-03 SpitzerIRS 
 1.31313E+01  3.12959E-10  1.56479E-11  7.69155E-03 SpitzerIRS 
 1.31414E+01  3.13539E-10  1.56770E-11  7.68563E-03 SpitzerIRS 
 1.31515E+01  3.15460E-10  1.57730E-11  7.67973E-03 SpitzerIRS 
 1.31616E+01  3.13746E-10  1.56873E-11  7.67384E-03 SpitzerIRS 
 1.31717E+01  3.14723E-10  1.57362E-11  7.74388E-03 SpitzerIRS 
 1.31819E+01  3.12547E-10  1.56273E-11  7.66202E-03 SpitzerIRS 
 1.31920E+01  3.11444E-10  1.55722E-11  7.73196E-03 SpitzerIRS 
 1.32022E+01  3.10513E-10  1.55256E-11  7.65024E-03 SpitzerIRS 
 1.32123E+01  3.09926E-10  1.54963E-11  7.72008E-03 SpitzerIRS 
 1.32225E+01  3.12147E-10  1.56073E-11  7.63849E-03 SpitzerIRS 
 1.32326E+01  3.13708E-10  1.56854E-11  7.70824E-03 SpitzerIRS 
 1.32428E+01  3.11677E-10  1.55839E-11  7.70230E-03 SpitzerIRS 
 1.32530E+01  3.13055E-10  1.56527E-11  7.69637E-03 SpitzerIRS 
 1.32632E+01  3.12043E-10  1.56022E-11  7.69045E-03 SpitzerIRS 
 1.32734E+01  3.13423E-10  1.56712E-11  7.68454E-03 SpitzerIRS 
 1.32836E+01  3.13918E-10  1.56959E-11  7.75392E-03 SpitzerIRS 
 1.32939E+01  3.13003E-10  1.56501E-11  7.67269E-03 SpitzerIRS 
 1.33041E+01  3.12290E-10  1.56145E-11  7.66681E-03 SpitzerIRS 
 1.33143E+01  3.13890E-10  1.56945E-11  7.73604E-03 SpitzerIRS 
 1.33246E+01  3.14709E-10  1.57355E-11  7.65501E-03 SpitzerIRS 
 1.33348E+01  3.13113E-10  1.56557E-11  7.72415E-03 SpitzerIRS 
 1.33451E+01  3.11265E-10  1.55633E-11  7.71819E-03 SpitzerIRS 
 1.33554E+01  3.09860E-10  1.54930E-11  7.63736E-03 SpitzerIRS 
 1.33656E+01  3.09888E-10  1.54944E-11  7.70635E-03 SpitzerIRS 
 1.33759E+01  3.10965E-10  1.55483E-11  7.70042E-03 SpitzerIRS 
 1.33862E+01  3.09982E-10  1.54991E-11  7.69449E-03 SpitzerIRS 
 1.33965E+01  3.10427E-10  1.55213E-11  7.68858E-03 SpitzerIRS 
 1.34068E+01  3.11986E-10  1.55993E-11  7.68267E-03 SpitzerIRS 
 1.34171E+01  3.18372E-10  1.59186E-11  7.75130E-03 SpitzerIRS 
 1.34275E+01  3.17174E-10  1.58587E-11  7.67082E-03 SpitzerIRS 
 1.34378E+01  3.14189E-10  1.57094E-11  7.66495E-03 SpitzerIRS 
 1.34481E+01  3.15449E-10  1.57724E-11  7.73343E-03 SpitzerIRS 
 1.34585E+01  3.13712E-10  1.56856E-11  7.72746E-03 SpitzerIRS 
 1.34689E+01  3.15284E-10  1.57642E-11  7.64725E-03 SpitzerIRS 
 1.34792E+01  3.16518E-10  1.58259E-11  7.71559E-03 SpitzerIRS 
 1.34896E+01  3.12002E-10  1.56001E-11  7.70964E-03 SpitzerIRS 
 1.35000E+01  3.10889E-10  1.55445E-11  7.70370E-03 SpitzerIRS 
 1.35104E+01  3.13619E-10  1.56809E-11  7.69777E-03 SpitzerIRS 
 1.35208E+01  3.12158E-10  1.56079E-11  7.69185E-03 SpitzerIRS 
 1.35312E+01  3.15142E-10  1.57571E-11  7.68594E-03 SpitzerIRS 
 1.35416E+01  3.15958E-10  1.57979E-11  7.68004E-03 SpitzerIRS 
 1.35520E+01  3.21441E-10  1.60720E-11  7.67414E-03 SpitzerIRS 
 1.35624E+01  3.15535E-10  1.57768E-11  7.74199E-03 SpitzerIRS 
 1.35729E+01  3.14995E-10  1.57498E-11  7.66233E-03 SpitzerIRS 
 1.35833E+01  3.12269E-10  1.56135E-11  7.73008E-03 SpitzerIRS 
 1.35938E+01  3.12919E-10  1.56459E-11  7.65055E-03 SpitzerIRS 
 1.36042E+01  3.13799E-10  1.56900E-11  7.71820E-03 SpitzerIRS 
 1.36147E+01  3.12621E-10  1.56311E-11  7.71225E-03 SpitzerIRS 
 1.36252E+01  3.14583E-10  1.57291E-11  7.63292E-03 SpitzerIRS 
 1.36356E+01  3.12810E-10  1.56405E-11  7.70043E-03 SpitzerIRS 
 1.36461E+01  3.11515E-10  1.55758E-11  7.69451E-03 SpitzerIRS 
 1.36566E+01  3.09155E-10  1.54578E-11  7.68859E-03 SpitzerIRS 
 1.36671E+01  3.10786E-10  1.55393E-11  7.75585E-03 SpitzerIRS 
 1.36777E+01  3.13136E-10  1.56568E-11  7.67673E-03 SpitzerIRS 
 1.36882E+01  3.15640E-10  1.57820E-11  7.67084E-03 SpitzerIRS 
 1.36987E+01  3.16453E-10  1.58227E-11  7.73796E-03 SpitzerIRS 
 1.37093E+01  3.16106E-10  1.58053E-11  7.65903E-03 SpitzerIRS 
 1.37198E+01  3.16412E-10  1.58206E-11  7.72606E-03 SpitzerIRS 
 1.37304E+01  3.14696E-10  1.57348E-11  7.64726E-03 SpitzerIRS 
 1.37409E+01  3.11644E-10  1.55822E-11  7.71420E-03 SpitzerIRS 
 1.37515E+01  3.11678E-10  1.55839E-11  7.70825E-03 SpitzerIRS 
 1.37621E+01  3.16621E-10  1.58310E-11  7.70231E-03 SpitzerIRS 
 1.37727E+01  3.17293E-10  1.58647E-11  7.69638E-03 SpitzerIRS 
 1.37833E+01  3.12843E-10  1.56421E-11  7.69047E-03 SpitzerIRS 
 1.37939E+01  3.11103E-10  1.55551E-11  7.68456E-03 SpitzerIRS 
 1.38045E+01  3.10823E-10  1.55411E-11  7.67866E-03 SpitzerIRS 
 1.38151E+01  3.13216E-10  1.56608E-11  7.74515E-03 SpitzerIRS 
 1.38258E+01  3.15064E-10  1.57532E-11  7.66683E-03 SpitzerIRS 
 1.38364E+01  3.15412E-10  1.57706E-11  7.66095E-03 SpitzerIRS 
 1.38470E+01  3.16136E-10  1.58068E-11  7.72731E-03 SpitzerIRS 
 1.38577E+01  3.15983E-10  1.57992E-11  7.72134E-03 SpitzerIRS 
 1.38684E+01  3.14122E-10  1.57061E-11  7.64328E-03 SpitzerIRS 
 1.38790E+01  3.12843E-10  1.56422E-11  7.70949E-03 SpitzerIRS 
 1.38897E+01  3.12000E-10  1.56000E-11  7.70355E-03 SpitzerIRS 
 1.39004E+01  3.10619E-10  1.55310E-11  7.69762E-03 SpitzerIRS 
 1.39111E+01  3.10566E-10  1.55283E-11  7.69170E-03 SpitzerIRS 
 1.39218E+01  3.11946E-10  1.55973E-11  7.68579E-03 SpitzerIRS 
 1.39325E+01  3.13381E-10  1.56690E-11  7.67989E-03 SpitzerIRS 
 1.39432E+01  3.11063E-10  1.55532E-11  7.74571E-03 SpitzerIRS 
 1.39540E+01  3.11282E-10  1.55641E-11  7.66805E-03 SpitzerIRS 
 1.39647E+01  3.11681E-10  1.55841E-11  7.73379E-03 SpitzerIRS 
 1.39755E+01  3.10990E-10  1.55495E-11  7.65626E-03 SpitzerIRS 
 1.39862E+01  3.13406E-10  1.56703E-11  7.72190E-03 SpitzerIRS 
 1.39970E+01  3.12031E-10  1.56015E-11  7.64450E-03 SpitzerIRS 
 1.40077E+01  3.10742E-10  1.55371E-11  7.71005E-03 SpitzerIRS 
 1.40185E+01  3.10034E-10  1.55017E-11  7.70411E-03 SpitzerIRS 
 1.40293E+01  3.10043E-10  1.55022E-11  7.69817E-03 SpitzerIRS 
 1.40401E+01  3.11515E-10  1.55758E-11  7.69225E-03 SpitzerIRS 
 1.40509E+01  3.11662E-10  1.55831E-11  7.68634E-03 SpitzerIRS 
 1.40617E+01  3.13823E-10  1.56912E-11  7.68044E-03 SpitzerIRS 
 1.40725E+01  3.12864E-10  1.56432E-11  7.74560E-03 SpitzerIRS 
 1.40834E+01  3.09934E-10  1.54967E-11  7.66860E-03 SpitzerIRS 
 1.40942E+01  3.08492E-10  1.54246E-11  7.73368E-03 SpitzerIRS 
 1.41051E+01  3.07261E-10  1.53631E-11  7.65680E-03 SpitzerIRS 
 1.41159E+01  3.12680E-10  1.56340E-11  7.72179E-03 SpitzerIRS 
 1.41268E+01  3.12075E-10  1.56038E-11  7.64504E-03 SpitzerIRS 
 1.41376E+01  3.13071E-10  1.56536E-11  7.70994E-03 SpitzerIRS 
 1.41485E+01  3.08037E-10  1.54019E-11  7.70400E-03 SpitzerIRS 
 1.41594E+01  3.12301E-10  1.56151E-11  7.69807E-03 SpitzerIRS 
 1.41703E+01  3.12402E-10  1.56201E-11  7.69214E-03 SpitzerIRS 
 1.41812E+01  3.10713E-10  1.55357E-11  7.68623E-03 SpitzerIRS 
 1.41921E+01  3.10293E-10  1.55147E-11  7.68033E-03 SpitzerIRS 
 1.42030E+01  3.12546E-10  1.56273E-11  7.74484E-03 SpitzerIRS 
 1.42140E+01  3.13185E-10  1.56593E-11  7.66850E-03 SpitzerIRS 
 1.42249E+01  3.07833E-10  1.53916E-11  7.73292E-03 SpitzerIRS 
 1.42359E+01  3.09549E-10  1.54775E-11  7.65670E-03 SpitzerIRS 
 1.42468E+01  3.07559E-10  1.53780E-11  7.72103E-03 SpitzerIRS 
 1.42578E+01  3.06056E-10  1.53028E-11  7.71508E-03 SpitzerIRS 
 1.42688E+01  3.05902E-10  1.52951E-11  7.63904E-03 SpitzerIRS 
 1.42797E+01  3.06868E-10  1.53434E-11  7.70324E-03 SpitzerIRS 
 1.42907E+01  3.08140E-10  1.54070E-11  7.69731E-03 SpitzerIRS 
 1.43017E+01  3.08010E-10  1.54005E-11  7.69139E-03 SpitzerIRS 
 1.43127E+01  3.09147E-10  1.54573E-11  7.68548E-03 SpitzerIRS 
 1.43237E+01  3.12277E-10  1.56139E-11  7.74939E-03 SpitzerIRS 
 1.43348E+01  3.13006E-10  1.56503E-11  7.67363E-03 SpitzerIRS 
 1.43458E+01  3.12847E-10  1.56424E-11  7.66775E-03 SpitzerIRS 
 1.43568E+01  3.09362E-10  1.54681E-11  7.73153E-03 SpitzerIRS 
 1.43679E+01  3.07684E-10  1.53842E-11  7.65596E-03 SpitzerIRS 
 1.43789E+01  3.07221E-10  1.53611E-11  7.71964E-03 SpitzerIRS 
 1.43900E+01  3.10220E-10  1.55110E-11  7.71369E-03 SpitzerIRS 
 1.44011E+01  3.14469E-10  1.57234E-11  7.70774E-03 SpitzerIRS 
 1.44122E+01  3.11847E-10  1.55923E-11  7.63242E-03 SpitzerIRS 
 1.44232E+01  3.12804E-10  1.56402E-11  7.69593E-03 SpitzerIRS 
 1.44343E+01  3.07685E-10  1.53842E-11  7.69002E-03 SpitzerIRS 
 1.44454E+01  3.06919E-10  1.53460E-11  7.75333E-03 SpitzerIRS 
 1.44566E+01  3.13110E-10  1.56555E-11  7.67815E-03 SpitzerIRS 
 1.44677E+01  3.12240E-10  1.56120E-11  7.67226E-03 SpitzerIRS 
 1.44788E+01  3.13193E-10  1.56597E-11  7.73545E-03 SpitzerIRS 
 1.44900E+01  3.13181E-10  1.56590E-11  7.66046E-03 SpitzerIRS 
 1.45011E+01  3.14599E-10  1.57300E-11  7.72355E-03 SpitzerIRS 
 1.45123E+01  3.13024E-10  1.56512E-11  7.64868E-03 SpitzerIRS 
 1.45234E+01  3.12489E-10  1.56245E-11  7.71169E-03 SpitzerIRS 
 1.45346E+01  3.13270E-10  1.56635E-11  7.70575E-03 SpitzerIRS 
 1.45458E+01  3.12892E-10  1.56446E-11  7.69982E-03 SpitzerIRS 
 1.45570E+01  3.09439E-10  1.54719E-11  7.69389E-03 SpitzerIRS 
 1.45682E+01  3.08141E-10  1.54071E-11  7.68798E-03 SpitzerIRS 
 1.45794E+01  3.12728E-10  1.56364E-11  7.68207E-03 SpitzerIRS 
 1.45906E+01  3.13471E-10  1.56735E-11  7.74471E-03 SpitzerIRS 
 1.46019E+01  3.11643E-10  1.55821E-11  7.67023E-03 SpitzerIRS 
 1.46131E+01  3.14344E-10  1.57172E-11  7.66436E-03 SpitzerIRS 
 1.46243E+01  3.15649E-10  1.57824E-11  7.72687E-03 SpitzerIRS 
 1.46356E+01  3.20571E-10  1.60286E-11  7.72090E-03 SpitzerIRS 
 1.46469E+01  3.21267E-10  1.60634E-11  7.64667E-03 SpitzerIRS 
 1.46581E+01  3.17926E-10  1.58963E-11  7.70905E-03 SpitzerIRS 
 1.46694E+01  3.12833E-10  1.56417E-11  7.70311E-03 SpitzerIRS 
 1.46807E+01  3.13170E-10  1.56585E-11  7.69718E-03 SpitzerIRS 
 1.46920E+01  3.15464E-10  1.57732E-11  7.69126E-03 SpitzerIRS 
 1.47033E+01  3.13309E-10  1.56654E-11  7.68535E-03 SpitzerIRS 
 1.47146E+01  3.11224E-10  1.55612E-11  7.67945E-03 SpitzerIRS 
 1.47259E+01  3.09442E-10  1.54721E-11  7.74146E-03 SpitzerIRS 
 1.47373E+01  3.08363E-10  1.54181E-11  7.66762E-03 SpitzerIRS 
 1.47486E+01  3.09856E-10  1.54928E-11  7.72955E-03 SpitzerIRS 
 1.47600E+01  3.09651E-10  1.54826E-11  7.65583E-03 SpitzerIRS 
 1.47713E+01  3.11168E-10  1.55584E-11  7.71767E-03 SpitzerIRS 
 1.47827E+01  3.12141E-10  1.56070E-11  7.71172E-03 SpitzerIRS 
 1.47941E+01  3.11714E-10  1.55857E-11  7.63818E-03 SpitzerIRS 
 1.48054E+01  3.11124E-10  1.55562E-11  7.69989E-03 SpitzerIRS 
 1.48168E+01  3.13015E-10  1.56507E-11  7.69397E-03 SpitzerIRS 
 1.48282E+01  3.13864E-10  1.56932E-11  7.75549E-03 SpitzerIRS 
 1.48397E+01  3.12595E-10  1.56297E-11  7.68210E-03 SpitzerIRS 
 1.48511E+01  3.11194E-10  1.55597E-11  7.67620E-03 SpitzerIRS 
 1.48625E+01  3.11954E-10  1.55977E-11  7.67031E-03 SpitzerIRS 
 1.48739E+01  3.13055E-10  1.56527E-11  7.73166E-03 SpitzerIRS 
 1.48854E+01  3.14714E-10  1.57357E-11  7.65851E-03 SpitzerIRS 
 1.48968E+01  3.12153E-10  1.56077E-11  7.71978E-03 SpitzerIRS 
 1.49083E+01  3.12914E-10  1.56457E-11  7.71382E-03 SpitzerIRS 
 1.49198E+01  3.13952E-10  1.56976E-11  7.64085E-03 SpitzerIRS 
 1.49312E+01  3.10161E-10  1.55080E-11  7.70199E-03 SpitzerIRS 
 1.49427E+01  3.11361E-10  1.55680E-11  7.69607E-03 SpitzerIRS 
 1.49542E+01  3.13202E-10  1.56601E-11  7.69015E-03 SpitzerIRS 
 1.49657E+01  3.12485E-10  1.56242E-11  7.75106E-03 SpitzerIRS 
 1.49773E+01  3.14066E-10  1.57033E-11  7.67829E-03 SpitzerIRS 
 1.49888E+01  3.14351E-10  1.57176E-11  7.67240E-03 SpitzerIRS 
 1.50003E+01  3.13968E-10  1.56984E-11  7.73318E-03 SpitzerIRS 
 1.50119E+01  3.11541E-10  1.55770E-11  7.66059E-03 SpitzerIRS 
 1.50234E+01  3.10440E-10  1.55220E-11  7.72129E-03 SpitzerIRS 
 1.50350E+01  3.12829E-10  1.56414E-11  7.64882E-03 SpitzerIRS 
 1.50465E+01  3.15302E-10  1.57651E-11  7.70943E-03 SpitzerIRS 
 1.50581E+01  3.14177E-10  1.57088E-11  7.70350E-03 SpitzerIRS 
 1.50697E+01  3.09799E-10  1.54900E-11  7.69757E-03 SpitzerIRS 
 1.50813E+01  3.11236E-10  1.55618E-11  7.69164E-03 SpitzerIRS 
 1.50929E+01  3.13180E-10  1.56590E-11  7.68573E-03 SpitzerIRS 
 1.51045E+01  3.11931E-10  1.55966E-11  7.74604E-03 SpitzerIRS 
 1.51162E+01  3.13388E-10  1.56694E-11  7.67389E-03 SpitzerIRS 
 1.51278E+01  3.12565E-10  1.56282E-11  7.66800E-03 SpitzerIRS 
 1.51394E+01  3.13410E-10  1.56705E-11  7.72818E-03 SpitzerIRS 
 1.51511E+01  3.15596E-10  1.57798E-11  7.65621E-03 SpitzerIRS 
 1.51627E+01  3.13860E-10  1.56930E-11  7.71630E-03 SpitzerIRS 
 1.51744E+01  3.23546E-10  1.61773E-11  7.71035E-03 SpitzerIRS 
 1.51861E+01  3.18936E-10  1.59468E-11  7.70441E-03 SpitzerIRS 
 1.51978E+01  3.13054E-10  1.56527E-11  7.69848E-03 SpitzerIRS 
 1.52095E+01  3.15356E-10  1.57678E-11  7.69256E-03 SpitzerIRS 
 1.52212E+01  3.16240E-10  1.58120E-11  7.68665E-03 SpitzerIRS 
 1.52329E+01  3.16692E-10  1.58346E-11  7.68074E-03 SpitzerIRS 
 1.52446E+01  3.17419E-10  1.58709E-11  7.67485E-03 SpitzerIRS 
 1.52563E+01  3.21457E-10  1.60729E-11  7.73451E-03 SpitzerIRS 
 1.52681E+01  3.20227E-10  1.60113E-11  7.66304E-03 SpitzerIRS 
 1.52798E+01  3.20672E-10  1.60336E-11  7.72261E-03 SpitzerIRS 
 1.52916E+01  3.22425E-10  1.61212E-11  7.71665E-03 SpitzerIRS 
 1.53034E+01  3.21198E-10  1.60599E-11  7.64536E-03 SpitzerIRS 
 1.53151E+01  3.21945E-10  1.60973E-11  7.70481E-03 SpitzerIRS 
 1.53269E+01  3.23200E-10  1.61600E-11  7.69888E-03 SpitzerIRS 
 1.53387E+01  3.22988E-10  1.61494E-11  7.69296E-03 SpitzerIRS 
 1.53505E+01  3.22670E-10  1.61335E-11  7.68705E-03 SpitzerIRS 
 1.53623E+01  3.21503E-10  1.60751E-11  7.74624E-03 SpitzerIRS 
 1.53742E+01  3.20690E-10  1.60345E-11  7.67520E-03 SpitzerIRS 
 1.53860E+01  3.21724E-10  1.60862E-11  7.66931E-03 SpitzerIRS 
 1.53978E+01  3.16988E-10  1.58494E-11  7.72838E-03 SpitzerIRS 
 1.54097E+01  3.22675E-10  1.61338E-11  7.65751E-03 SpitzerIRS 
 1.54215E+01  3.24959E-10  1.62480E-11  7.71650E-03 SpitzerIRS 
 1.54334E+01  3.23635E-10  1.61817E-11  7.71055E-03 SpitzerIRS 
 1.54453E+01  3.26594E-10  1.63297E-11  7.70461E-03 SpitzerIRS 
 1.54572E+01  3.23489E-10  1.61745E-11  7.69868E-03 SpitzerIRS 
 1.54691E+01  3.23223E-10  1.61611E-11  7.69276E-03 SpitzerIRS 
 1.54810E+01  3.22390E-10  1.61195E-11  7.68684E-03 SpitzerIRS 
 1.54929E+01  3.22516E-10  1.61258E-11  7.68094E-03 SpitzerIRS 
 1.55048E+01  3.22432E-10  1.61216E-11  7.67504E-03 SpitzerIRS 
 1.55167E+01  3.21379E-10  1.60690E-11  7.73360E-03 SpitzerIRS 
 1.55287E+01  3.21386E-10  1.60693E-11  7.66323E-03 SpitzerIRS 
 1.55406E+01  3.24477E-10  1.62239E-11  7.72171E-03 SpitzerIRS 
 1.55526E+01  3.29140E-10  1.64570E-11  7.65145E-03 SpitzerIRS 
 1.55645E+01  3.30256E-10  1.65128E-11  7.70985E-03 SpitzerIRS 
 1.55765E+01  3.27099E-10  1.63550E-11  7.70391E-03 SpitzerIRS 
 1.55885E+01  3.24240E-10  1.62120E-11  7.69798E-03 SpitzerIRS 
 1.56005E+01  3.23468E-10  1.61734E-11  7.69206E-03 SpitzerIRS 
 1.56125E+01  3.27161E-10  1.63581E-11  7.68615E-03 SpitzerIRS 
 1.56245E+01  3.28460E-10  1.64230E-11  7.68025E-03 SpitzerIRS 
 1.56365E+01  3.28613E-10  1.64306E-11  7.73830E-03 SpitzerIRS 
 1.56486E+01  3.27606E-10  1.63803E-11  7.66842E-03 SpitzerIRS 
 1.56606E+01  3.24832E-10  1.62416E-11  7.72640E-03 SpitzerIRS 
 1.56727E+01  3.25616E-10  1.62808E-11  7.65663E-03 SpitzerIRS 
 1.56847E+01  3.27203E-10  1.63602E-11  7.71452E-03 SpitzerIRS 
 1.56968E+01  3.27387E-10  1.63693E-11  7.70858E-03 SpitzerIRS 
 1.57089E+01  3.27821E-10  1.63911E-11  7.70264E-03 SpitzerIRS 
 1.57210E+01  3.30403E-10  1.65201E-11  7.69671E-03 SpitzerIRS 
 1.57331E+01  3.32653E-10  1.66326E-11  7.69079E-03 SpitzerIRS 
 1.57452E+01  3.33282E-10  1.66641E-11  7.68488E-03 SpitzerIRS 
 1.57573E+01  3.33418E-10  1.66709E-11  7.67898E-03 SpitzerIRS 
 1.57694E+01  3.31398E-10  1.65699E-11  7.67309E-03 SpitzerIRS 
 1.57815E+01  3.30987E-10  1.65493E-11  7.73057E-03 SpitzerIRS 
 1.57937E+01  3.32426E-10  1.66213E-11  7.66128E-03 SpitzerIRS 
 1.58058E+01  3.33856E-10  1.66928E-11  7.71869E-03 SpitzerIRS 
 1.58180E+01  3.33384E-10  1.66692E-11  7.71273E-03 SpitzerIRS 
 1.58302E+01  3.33621E-10  1.66811E-11  7.70679E-03 SpitzerIRS 
 1.58424E+01  3.33739E-10  1.66870E-11  7.70085E-03 SpitzerIRS 
 1.58546E+01  3.33912E-10  1.66956E-11  7.63185E-03 SpitzerIRS 
 1.58667E+01  3.33192E-10  1.66596E-11  7.75208E-03 SpitzerIRS 
 1.58790E+01  3.33576E-10  1.66788E-11  7.68310E-03 SpitzerIRS 
 1.58912E+01  3.35961E-10  1.67981E-11  7.67720E-03 SpitzerIRS 
 1.59034E+01  3.34755E-10  1.67378E-11  7.73420E-03 SpitzerIRS 
 1.59157E+01  3.35563E-10  1.67781E-11  7.66539E-03 SpitzerIRS 
 1.59279E+01  3.35957E-10  1.67978E-11  7.72230E-03 SpitzerIRS 
 1.59402E+01  3.35479E-10  1.67740E-11  7.65361E-03 SpitzerIRS 
 1.59524E+01  3.38684E-10  1.69342E-11  7.71044E-03 SpitzerIRS 
 1.59647E+01  3.39193E-10  1.69597E-11  7.70450E-03 SpitzerIRS 
 1.59770E+01  3.41539E-10  1.70769E-11  7.69857E-03 SpitzerIRS 
 1.59893E+01  3.45586E-10  1.72793E-11  7.69264E-03 SpitzerIRS 
 1.60016E+01  3.44092E-10  1.72046E-11  7.68673E-03 SpitzerIRS 
 1.60139E+01  3.47313E-10  1.73657E-11  7.68083E-03 SpitzerIRS 
 1.60262E+01  3.45853E-10  1.72927E-11  7.67493E-03 SpitzerIRS 
 1.60385E+01  3.44289E-10  1.72144E-11  7.73140E-03 SpitzerIRS 
 1.60509E+01  3.44085E-10  1.72042E-11  7.66312E-03 SpitzerIRS 
 1.60632E+01  3.42029E-10  1.71015E-11  7.71951E-03 SpitzerIRS 
 1.60756E+01  3.43011E-10  1.71506E-11  7.71355E-03 SpitzerIRS 
 1.60880E+01  3.40336E-10  1.70168E-11  7.64545E-03 SpitzerIRS 
 1.61003E+01  3.42077E-10  1.71039E-11  7.70172E-03 SpitzerIRS 
 1.61127E+01  3.46373E-10  1.73186E-11  7.69579E-03 SpitzerIRS 
 1.61251E+01  3.43974E-10  1.71987E-11  7.75189E-03 SpitzerIRS 
 1.61376E+01  3.41400E-10  1.70700E-11  7.68392E-03 SpitzerIRS 
 1.61500E+01  3.41008E-10  1.70504E-11  7.67802E-03 SpitzerIRS 
 1.61624E+01  3.39683E-10  1.69842E-11  7.67213E-03 SpitzerIRS 
 1.61748E+01  3.42939E-10  1.71470E-11  7.72807E-03 SpitzerIRS 
 1.61873E+01  3.44673E-10  1.72336E-11  7.66033E-03 SpitzerIRS 
 1.61997E+01  3.44840E-10  1.72420E-11  7.71619E-03 SpitzerIRS 
 1.62122E+01  3.47309E-10  1.73654E-11  7.71024E-03 SpitzerIRS 
 1.62247E+01  3.49196E-10  1.74598E-11  7.70430E-03 SpitzerIRS 
 1.62372E+01  3.47016E-10  1.73508E-11  7.69837E-03 SpitzerIRS 
 1.62497E+01  3.50015E-10  1.75007E-11  7.69245E-03 SpitzerIRS 
 1.62622E+01  3.48324E-10  1.74162E-11  7.68654E-03 SpitzerIRS 
 1.62747E+01  3.44691E-10  1.72346E-11  7.68063E-03 SpitzerIRS 
 1.62872E+01  3.40274E-10  1.70137E-11  7.67474E-03 SpitzerIRS 
 1.62997E+01  3.43022E-10  1.71511E-11  7.73020E-03 SpitzerIRS 
 1.63123E+01  3.44937E-10  1.72468E-11  7.66293E-03 SpitzerIRS 
 1.63248E+01  3.47143E-10  1.73571E-11  7.71832E-03 SpitzerIRS 
 1.63374E+01  3.48985E-10  1.74493E-11  7.71237E-03 SpitzerIRS 
 1.63500E+01  3.46386E-10  1.73193E-11  7.70642E-03 SpitzerIRS 
 1.63626E+01  3.46315E-10  1.73158E-11  7.63937E-03 SpitzerIRS 
 1.63751E+01  3.45183E-10  1.72592E-11  7.69461E-03 SpitzerIRS 
 1.63877E+01  3.45916E-10  1.72958E-11  7.74971E-03 SpitzerIRS 
 1.64004E+01  3.47383E-10  1.73692E-11  7.68274E-03 SpitzerIRS 
 1.64130E+01  3.46381E-10  1.73190E-11  7.67684E-03 SpitzerIRS 
 1.64256E+01  3.45184E-10  1.72592E-11  7.67095E-03 SpitzerIRS 
 1.64382E+01  3.47549E-10  1.73775E-11  7.72591E-03 SpitzerIRS 
 1.64509E+01  3.48970E-10  1.74485E-11  7.71994E-03 SpitzerIRS 
 1.64636E+01  3.46248E-10  1.73124E-11  7.65325E-03 SpitzerIRS 
 1.64762E+01  3.49666E-10  1.74833E-11  7.70809E-03 SpitzerIRS 
 1.64889E+01  3.47173E-10  1.73587E-11  7.70215E-03 SpitzerIRS 
 1.65016E+01  3.49333E-10  1.74667E-11  7.69622E-03 SpitzerIRS 
 1.65143E+01  3.50001E-10  1.75001E-11  7.69030E-03 SpitzerIRS 
 1.65270E+01  3.42410E-10  1.71205E-11  7.68440E-03 SpitzerIRS 
 1.65397E+01  3.44971E-10  1.72485E-11  7.67849E-03 SpitzerIRS 
 1.65524E+01  3.48095E-10  1.74047E-11  7.73302E-03 SpitzerIRS 
 1.65652E+01  3.44497E-10  1.72249E-11  7.66667E-03 SpitzerIRS 
 1.65779E+01  3.48585E-10  1.74292E-11  7.72112E-03 SpitzerIRS 
 1.65907E+01  3.47866E-10  1.73933E-11  7.71517E-03 SpitzerIRS 
 1.66035E+01  3.49448E-10  1.74724E-11  7.64899E-03 SpitzerIRS 
 1.66162E+01  3.49578E-10  1.74789E-11  7.70333E-03 SpitzerIRS 
 1.66290E+01  3.47870E-10  1.73935E-11  7.69740E-03 SpitzerIRS 
 1.66418E+01  3.48219E-10  1.74109E-11  7.69148E-03 SpitzerIRS 
 1.66546E+01  3.51485E-10  1.75742E-11  7.68556E-03 SpitzerIRS 
 1.66674E+01  3.50231E-10  1.75115E-11  7.73966E-03 SpitzerIRS 
 1.66803E+01  3.47447E-10  1.73724E-11  7.67372E-03 SpitzerIRS 
 1.66931E+01  3.45162E-10  1.72581E-11  7.66784E-03 SpitzerIRS 
 1.67059E+01  3.44760E-10  1.72380E-11  7.72182E-03 SpitzerIRS 
 1.67188E+01  3.45645E-10  1.72822E-11  7.71586E-03 SpitzerIRS 
 1.67317E+01  3.46565E-10  1.73282E-11  7.65015E-03 SpitzerIRS 
 1.67445E+01  3.45721E-10  1.72861E-11  7.70402E-03 SpitzerIRS 
 1.67574E+01  3.46702E-10  1.73351E-11  7.69809E-03 SpitzerIRS 
 1.67703E+01  3.45215E-10  1.72607E-11  7.69217E-03 SpitzerIRS 
 1.67832E+01  3.42307E-10  1.71154E-11  7.68626E-03 SpitzerIRS 
 1.67961E+01  3.46480E-10  1.73240E-11  7.73989E-03 SpitzerIRS 
 1.68091E+01  3.49615E-10  1.74807E-11  7.67441E-03 SpitzerIRS 
 1.68220E+01  3.49853E-10  1.74926E-11  7.66853E-03 SpitzerIRS 
 1.68349E+01  3.58168E-10  1.79084E-11  7.72205E-03 SpitzerIRS 
 1.68479E+01  3.53612E-10  1.76806E-11  7.71610E-03 SpitzerIRS 
 1.68609E+01  3.48507E-10  1.74254E-11  7.65084E-03 SpitzerIRS 
 1.68738E+01  3.53778E-10  1.76889E-11  7.70425E-03 SpitzerIRS 
 1.68868E+01  3.51942E-10  1.75971E-11  7.69832E-03 SpitzerIRS 
 1.68998E+01  3.53030E-10  1.76515E-11  7.69240E-03 SpitzerIRS 
 1.69128E+01  3.48868E-10  1.74434E-11  7.68649E-03 SpitzerIRS 
 1.69258E+01  3.50486E-10  1.75243E-11  7.73966E-03 SpitzerIRS 
 1.69389E+01  3.50727E-10  1.75363E-11  7.67464E-03 SpitzerIRS 
 1.69519E+01  3.47340E-10  1.73670E-11  7.66876E-03 SpitzerIRS 
 1.69649E+01  3.50539E-10  1.75270E-11  7.72183E-03 SpitzerIRS 
 1.69780E+01  3.54475E-10  1.77237E-11  7.71587E-03 SpitzerIRS 
 1.69911E+01  3.55643E-10  1.77822E-11  7.65106E-03 SpitzerIRS 
 1.70041E+01  3.48807E-10  1.74404E-11  7.70402E-03 SpitzerIRS 
 1.70172E+01  3.48289E-10  1.74144E-11  7.69809E-03 SpitzerIRS 
 1.70303E+01  3.50568E-10  1.75284E-11  7.69217E-03 SpitzerIRS 
 1.70434E+01  3.51549E-10  1.75775E-11  7.68626E-03 SpitzerIRS 
 1.70565E+01  3.50056E-10  1.75028E-11  7.73899E-03 SpitzerIRS 
 1.70697E+01  3.51877E-10  1.75938E-11  7.67442E-03 SpitzerIRS 
 1.70828E+01  3.52649E-10  1.76325E-11  7.66853E-03 SpitzerIRS 
 1.70959E+01  3.53872E-10  1.76936E-11  7.72115E-03 SpitzerIRS 
 1.71091E+01  3.56672E-10  1.78336E-11  7.71519E-03 SpitzerIRS 
 1.71223E+01  3.55809E-10  1.77904E-11  7.65084E-03 SpitzerIRS 
 1.71354E+01  3.52641E-10  1.76321E-11  7.70335E-03 SpitzerIRS 
 1.71486E+01  3.53336E-10  1.76668E-11  7.69742E-03 SpitzerIRS 
 1.71618E+01  3.54681E-10  1.77340E-11  7.69150E-03 SpitzerIRS 
 1.71750E+01  3.54305E-10  1.77152E-11  7.68559E-03 SpitzerIRS 
 1.71882E+01  3.55034E-10  1.77517E-11  7.73787E-03 SpitzerIRS 
 1.72015E+01  3.55500E-10  1.77750E-11  7.67375E-03 SpitzerIRS 
 1.72147E+01  3.61722E-10  1.80861E-11  7.72596E-03 SpitzerIRS 
 1.72280E+01  3.60812E-10  1.80406E-11  7.66195E-03 SpitzerIRS 
 1.72412E+01  3.54097E-10  1.77049E-11  7.71408E-03 SpitzerIRS 
 1.72545E+01  3.52129E-10  1.76064E-11  7.70813E-03 SpitzerIRS 
 1.72678E+01  3.56460E-10  1.78230E-11  7.64429E-03 SpitzerIRS 
 1.72810E+01  3.55711E-10  1.77855E-11  7.69631E-03 SpitzerIRS 
 1.72943E+01  3.60350E-10  1.80175E-11  7.69040E-03 SpitzerIRS 
 1.73076E+01  3.61202E-10  1.80601E-11  7.74226E-03 SpitzerIRS 
 1.73210E+01  3.59540E-10  1.79770E-11  7.67854E-03 SpitzerIRS 
 1.73343E+01  3.60148E-10  1.80074E-11  7.67265E-03 SpitzerIRS 
 1.73476E+01  3.58883E-10  1.79442E-11  7.72441E-03 SpitzerIRS 
 1.73610E+01  3.59899E-10  1.79950E-11  7.66085E-03 SpitzerIRS 
 1.73743E+01  3.56556E-10  1.78278E-11  7.71254E-03 SpitzerIRS 
 1.73877E+01  3.60997E-10  1.80498E-11  7.70660E-03 SpitzerIRS 
 1.74011E+01  3.60012E-10  1.80006E-11  7.70066E-03 SpitzerIRS 
 1.74145E+01  3.56194E-10  1.78097E-11  7.69474E-03 SpitzerIRS 
 1.74279E+01  3.57649E-10  1.78825E-11  7.68882E-03 SpitzerIRS 
 1.74413E+01  3.59812E-10  1.79906E-11  7.68291E-03 SpitzerIRS 
 1.74547E+01  3.62972E-10  1.81486E-11  7.73431E-03 SpitzerIRS 
 1.74682E+01  3.58173E-10  1.79087E-11  7.67108E-03 SpitzerIRS 
 1.74816E+01  3.61009E-10  1.80505E-11  7.72241E-03 SpitzerIRS 
 1.74951E+01  3.65560E-10  1.82780E-11  7.65929E-03 SpitzerIRS 
 1.75085E+01  3.63706E-10  1.81853E-11  7.71054E-03 SpitzerIRS 
 1.75220E+01  3.61881E-10  1.80941E-11  7.70460E-03 SpitzerIRS 
 1.75355E+01  3.63509E-10  1.81754E-11  7.69867E-03 SpitzerIRS 
 1.75490E+01  3.63950E-10  1.81975E-11  7.69275E-03 SpitzerIRS 
 1.75625E+01  3.63969E-10  1.81984E-11  7.68683E-03 SpitzerIRS 
 1.75760E+01  3.63875E-10  1.81938E-11  7.68093E-03 SpitzerIRS 
 1.75895E+01  3.65200E-10  1.82600E-11  7.67503E-03 SpitzerIRS 
 1.76030E+01  3.66328E-10  1.83164E-11  7.72596E-03 SpitzerIRS 
 1.76166E+01  3.66003E-10  1.83001E-11  7.66323E-03 SpitzerIRS 
 1.76301E+01  3.66578E-10  1.83289E-11  7.71408E-03 SpitzerIRS 
 1.76437E+01  3.65515E-10  1.82758E-11  7.70813E-03 SpitzerIRS 
 1.76573E+01  3.62596E-10  1.81298E-11  7.70220E-03 SpitzerIRS 
 1.76709E+01  3.65348E-10  1.82674E-11  7.69627E-03 SpitzerIRS 
 1.76845E+01  3.64999E-10  1.82500E-11  7.69035E-03 SpitzerIRS 
 1.76981E+01  3.65325E-10  1.82663E-11  7.68444E-03 SpitzerIRS 
 1.77117E+01  3.66390E-10  1.83195E-11  7.67854E-03 SpitzerIRS 
 1.77253E+01  3.68976E-10  1.84488E-11  7.72907E-03 SpitzerIRS 
 1.77390E+01  3.71159E-10  1.85579E-11  7.66672E-03 SpitzerIRS 
 1.77526E+01  3.65453E-10  1.82727E-11  7.71718E-03 SpitzerIRS 
 1.77663E+01  3.76960E-10  1.88480E-11  7.71123E-03 SpitzerIRS 
 1.77800E+01  3.72446E-10  1.86223E-11  7.64904E-03 SpitzerIRS 
 1.77936E+01  3.70891E-10  1.85445E-11  7.69940E-03 SpitzerIRS 
 1.78073E+01  3.73420E-10  1.86710E-11  7.69347E-03 SpitzerIRS 
 1.78210E+01  3.73510E-10  1.86755E-11  7.68756E-03 SpitzerIRS 
 1.78347E+01  3.71273E-10  1.85637E-11  7.73772E-03 SpitzerIRS 
 1.78485E+01  3.69953E-10  1.84977E-11  7.67572E-03 SpitzerIRS 
 1.78622E+01  3.67618E-10  1.83809E-11  7.66983E-03 SpitzerIRS 
 1.78759E+01  3.68527E-10  1.84264E-11  7.71989E-03 SpitzerIRS 
 1.78897E+01  3.70232E-10  1.85116E-11  7.71394E-03 SpitzerIRS 
 1.79035E+01  3.72688E-10  1.86344E-11  7.65214E-03 SpitzerIRS 
 1.79172E+01  3.81055E-10  1.90528E-11  7.70210E-03 SpitzerIRS 
 1.79310E+01  3.85731E-10  1.92865E-11  7.69617E-03 SpitzerIRS 
 1.79448E+01  3.78638E-10  1.89319E-11  7.74598E-03 SpitzerIRS 
 1.79587E+01  3.74487E-10  1.87244E-11  7.68430E-03 SpitzerIRS 
 1.79725E+01  3.70879E-10  1.85439E-11  7.67840E-03 SpitzerIRS 
 1.79863E+01  3.72536E-10  1.86268E-11  7.67251E-03 SpitzerIRS 
 1.80001E+01  3.72284E-10  1.86142E-11  7.72218E-03 SpitzerIRS 
 1.80140E+01  3.74909E-10  1.87454E-11  7.66071E-03 SpitzerIRS 
 1.80278E+01  3.79670E-10  1.89835E-11  7.71031E-03 SpitzerIRS 
 1.80417E+01  3.77528E-10  1.88764E-11  7.70437E-03 SpitzerIRS 
 1.80556E+01  3.76995E-10  1.88498E-11  7.69844E-03 SpitzerIRS 
 1.80695E+01  3.77115E-10  1.88558E-11  7.69252E-03 SpitzerIRS 
 1.80834E+01  3.76902E-10  1.88451E-11  7.68661E-03 SpitzerIRS 
 1.80973E+01  3.76339E-10  1.88169E-11  7.68070E-03 SpitzerIRS 
 1.81112E+01  3.74542E-10  1.87271E-11  7.73002E-03 SpitzerIRS 
 1.81252E+01  3.74074E-10  1.87037E-11  7.66888E-03 SpitzerIRS 
 1.81391E+01  3.75923E-10  1.87961E-11  7.71813E-03 SpitzerIRS 
 1.81531E+01  3.79378E-10  1.89689E-11  7.71218E-03 SpitzerIRS 
 1.81671E+01  3.79909E-10  1.89955E-11  7.65119E-03 SpitzerIRS 
 1.81810E+01  3.80246E-10  1.90123E-11  7.70035E-03 SpitzerIRS 
 1.81950E+01  3.78597E-10  1.89298E-11  7.69442E-03 SpitzerIRS 
 1.82090E+01  3.77797E-10  1.88899E-11  7.68851E-03 SpitzerIRS 
 1.82230E+01  3.77694E-10  1.88847E-11  7.73747E-03 SpitzerIRS 
 1.82371E+01  3.78392E-10  1.89196E-11  7.67666E-03 SpitzerIRS 
 1.82511E+01  3.78530E-10  1.89265E-11  7.72556E-03 SpitzerIRS 
 1.82652E+01  3.79024E-10  1.89512E-11  7.66485E-03 SpitzerIRS 
 1.82792E+01  3.78464E-10  1.89232E-11  7.71369E-03 SpitzerIRS 
 1.82933E+01  3.76835E-10  1.88417E-11  7.70774E-03 SpitzerIRS 
 1.83074E+01  3.78865E-10  1.89432E-11  7.64718E-03 SpitzerIRS 
 1.83214E+01  3.79213E-10  1.89607E-11  7.69592E-03 SpitzerIRS 
 1.83355E+01  3.76973E-10  1.88486E-11  7.69000E-03 SpitzerIRS 
 1.83496E+01  3.74151E-10  1.87075E-11  7.73859E-03 SpitzerIRS 
 1.83638E+01  3.78485E-10  1.89242E-11  7.67815E-03 SpitzerIRS 
 1.83779E+01  3.79715E-10  1.89857E-11  7.67226E-03 SpitzerIRS 
 1.83920E+01  3.76509E-10  1.88255E-11  7.72075E-03 SpitzerIRS 
 1.84062E+01  3.82828E-10  1.91414E-11  7.71479E-03 SpitzerIRS 
 1.84204E+01  3.80139E-10  1.90069E-11  7.65456E-03 SpitzerIRS 
 1.84345E+01  3.80177E-10  1.90088E-11  7.70295E-03 SpitzerIRS 
 1.84487E+01  3.79730E-10  1.89865E-11  7.69702E-03 SpitzerIRS 
 1.84629E+01  3.77179E-10  1.88590E-11  7.69110E-03 SpitzerIRS 
 1.84771E+01  3.77481E-10  1.88741E-11  7.68519E-03 SpitzerIRS 
 1.84913E+01  3.78698E-10  1.89349E-11  7.73337E-03 SpitzerIRS 
 1.85056E+01  3.82329E-10  1.91164E-11  7.67335E-03 SpitzerIRS 
 1.85198E+01  3.86879E-10  1.93439E-11  7.72147E-03 SpitzerIRS 
 1.85341E+01  3.85282E-10  1.92641E-11  7.66155E-03 SpitzerIRS 
 1.85483E+01  3.82360E-10  1.91180E-11  7.70960E-03 SpitzerIRS 
 1.85626E+01  3.80782E-10  1.90391E-11  7.70366E-03 SpitzerIRS 
 1.85769E+01  3.81634E-10  1.90817E-11  7.69773E-03 SpitzerIRS 
 1.85912E+01  3.92117E-10  1.96059E-11  7.69181E-03 SpitzerIRS 
 1.86055E+01  3.82918E-10  1.91459E-11  7.68590E-03 SpitzerIRS 
 1.86198E+01  3.81565E-10  1.90782E-11  7.68000E-03 SpitzerIRS 
 1.86341E+01  3.83919E-10  1.91959E-11  7.72777E-03 SpitzerIRS 
 1.86485E+01  3.80391E-10  1.90195E-11  7.66818E-03 SpitzerIRS 
 1.86628E+01  3.81081E-10  1.90540E-11  7.71588E-03 SpitzerIRS 
 1.86772E+01  3.80601E-10  1.90300E-11  7.70994E-03 SpitzerIRS 
 1.86916E+01  3.83573E-10  1.91787E-11  7.65050E-03 SpitzerIRS 
 1.87059E+01  3.82273E-10  1.91137E-11  7.69811E-03 SpitzerIRS 
 1.87203E+01  3.83440E-10  1.91720E-11  7.69218E-03 SpitzerIRS 
 1.87347E+01  3.79983E-10  1.89992E-11  7.73965E-03 SpitzerIRS 
 1.87492E+01  3.84187E-10  1.92094E-11  7.68033E-03 SpitzerIRS 
 1.87636E+01  3.83972E-10  1.91986E-11  7.67443E-03 SpitzerIRS 
 1.87780E+01  3.83183E-10  1.91591E-11  7.72180E-03 SpitzerIRS 
 1.87925E+01  3.82224E-10  1.91112E-11  7.66263E-03 SpitzerIRS 
 1.88069E+01  3.82444E-10  1.91222E-11  7.70994E-03 SpitzerIRS 
 1.88214E+01  3.81447E-10  1.90724E-11  7.70400E-03 SpitzerIRS 
 1.88359E+01  3.84612E-10  1.92306E-11  7.69807E-03 SpitzerIRS 
 1.88504E+01  3.83392E-10  1.91696E-11  7.69214E-03 SpitzerIRS 
 1.88649E+01  3.76105E-10  1.88053E-11  7.68623E-03 SpitzerIRS 
 1.88794E+01  3.83870E-10  1.91935E-11  7.68033E-03 SpitzerIRS 
 1.88939E+01  3.82687E-10  1.91344E-11  7.72736E-03 SpitzerIRS 
 1.89085E+01  3.82856E-10  1.91428E-11  7.66851E-03 SpitzerIRS 
 1.89230E+01  3.86533E-10  1.93267E-11  7.71548E-03 SpitzerIRS 
 1.89376E+01  3.84147E-10  1.92074E-11  7.70953E-03 SpitzerIRS 
 1.89522E+01  3.82382E-10  1.91191E-11  7.65083E-03 SpitzerIRS 
 1.89667E+01  3.84063E-10  1.92032E-11  7.69770E-03 SpitzerIRS 
 1.89813E+01  3.83139E-10  1.91570E-11  7.74446E-03 SpitzerIRS 
 1.89960E+01  3.83028E-10  1.91514E-11  7.68583E-03 SpitzerIRS 
 1.90106E+01  3.80981E-10  1.90491E-11  7.67993E-03 SpitzerIRS 
 1.90252E+01  3.79176E-10  1.89588E-11  7.67403E-03 SpitzerIRS 
 1.90398E+01  3.81399E-10  1.90699E-11  7.72067E-03 SpitzerIRS 
 1.90545E+01  3.84243E-10  1.92122E-11  7.71471E-03 SpitzerIRS 
 1.90692E+01  3.83938E-10  1.91969E-11  7.65633E-03 SpitzerIRS 
 1.90838E+01  3.82932E-10  1.91466E-11  7.70287E-03 SpitzerIRS 
 1.90985E+01  3.83862E-10  1.91931E-11  7.69694E-03 SpitzerIRS 
 1.91132E+01  3.82160E-10  1.91080E-11  7.69102E-03 SpitzerIRS 
 1.91279E+01  3.82463E-10  1.91232E-11  7.68511E-03 SpitzerIRS 
 1.91426E+01  3.81920E-10  1.90960E-11  7.73145E-03 SpitzerIRS 
 1.91574E+01  3.81320E-10  1.90660E-11  7.67328E-03 SpitzerIRS 
 1.91721E+01  3.82951E-10  1.91476E-11  7.71955E-03 SpitzerIRS 
 1.91869E+01  3.83390E-10  1.91695E-11  7.66148E-03 SpitzerIRS 
 1.92016E+01  3.84118E-10  1.92059E-11  7.70769E-03 SpitzerIRS 
 1.92164E+01  3.83032E-10  1.91516E-11  7.70175E-03 SpitzerIRS 
 1.92312E+01  3.89679E-10  1.94840E-11  7.69583E-03 SpitzerIRS 
 1.92460E+01  3.89793E-10  1.94896E-11  7.68991E-03 SpitzerIRS 
 1.92608E+01  3.85929E-10  1.92964E-11  7.68400E-03 SpitzerIRS 
 1.92756E+01  3.83895E-10  1.91948E-11  7.67810E-03 SpitzerIRS 
 1.92904E+01  3.87686E-10  1.93843E-11  7.72405E-03 SpitzerIRS 
 1.93053E+01  3.87055E-10  1.93527E-11  7.71809E-03 SpitzerIRS 
 1.93202E+01  3.84500E-10  1.92250E-11  7.66038E-03 SpitzerIRS 
 1.93350E+01  3.87804E-10  1.93902E-11  7.70623E-03 SpitzerIRS 
 1.93499E+01  3.86697E-10  1.93349E-11  7.70030E-03 SpitzerIRS 
 1.93648E+01  3.83325E-10  1.91662E-11  7.69437E-03 SpitzerIRS 
 1.93797E+01  3.73387E-10  1.86693E-11  7.68846E-03 SpitzerIRS 
 1.93946E+01  3.76791E-10  1.88396E-11  7.68255E-03 SpitzerIRS 
 1.94095E+01  3.88407E-10  1.94204E-11  7.72817E-03 SpitzerIRS 
 1.94245E+01  3.89695E-10  1.94848E-11  7.67073E-03 SpitzerIRS 
 1.94394E+01  3.86257E-10  1.93128E-11  7.71629E-03 SpitzerIRS 
 1.94544E+01  3.82219E-10  1.91110E-11  7.65894E-03 SpitzerIRS 
 1.94693E+01  3.83603E-10  1.91802E-11  7.70444E-03 SpitzerIRS 
 1.94843E+01  3.81751E-10  1.90875E-11  7.69851E-03 SpitzerIRS 
 1.94993E+01  3.77131E-10  1.88565E-11  7.69258E-03 SpitzerIRS 
 1.95143E+01  3.78199E-10  1.89100E-11  7.68667E-03 SpitzerIRS 
 1.95293E+01  3.89881E-10  1.94940E-11  7.73197E-03 SpitzerIRS 
 1.95444E+01  3.80994E-10  1.90497E-11  7.67483E-03 SpitzerIRS 
 1.95594E+01  3.84154E-10  1.92077E-11  3.64019E-02 SpitzerIRS 
 1.96306E+01  3.92342E-10  1.96171E-11  5.84801E-02 SpitzerIRS 
 1.97454E+01  3.85222E-10  1.92611E-11  5.84946E-02 SpitzerIRS 
 1.98609E+01  3.78120E-10  1.89060E-11  5.01488E-02 SpitzerIRS 
 1.99605E+01  3.80071E-10  1.90035E-11  5.00989E-02 SpitzerIRS 
 2.00605E+01  3.79108E-10  1.89554E-11  5.01483E-02 SpitzerIRS 
 2.01611E+01  3.74170E-10  1.87085E-11  5.84790E-02 SpitzerIRS 
 2.02790E+01  3.79287E-10  1.89644E-11  5.85335E-02 SpitzerIRS 
 2.03977E+01  3.81479E-10  1.90739E-11  5.84870E-02 SpitzerIRS 
 2.05170E+01  3.80599E-10  1.90300E-11  5.84881E-02 SpitzerIRS 
 2.06370E+01  3.81752E-10  1.90876E-11  5.85356E-02 SpitzerIRS 
 2.07578E+01  3.77768E-10  1.88884E-11  6.05556E-02 SpitzerIRS 
 2.08835E+01  3.79158E-10  1.89579E-11  4.80283E-02 SpitzerIRS 
 2.09838E+01  3.84942E-10  1.92471E-11  5.01339E-02 SpitzerIRS 
 2.10890E+01  3.80267E-10  1.90133E-11  4.73707E-02 SpitzerIRS 
 2.11889E+01  3.78600E-10  1.89300E-11  6.13057E-02 SpitzerIRS 
 2.13188E+01  3.85592E-10  1.92796E-11  5.84930E-02 SpitzerIRS 
 2.14435E+01  3.84448E-10  1.92224E-11  5.84793E-02 SpitzerIRS 
 2.15689E+01  3.78799E-10  1.89399E-11  5.85102E-02 SpitzerIRS 
 2.16951E+01  3.76126E-10  1.88063E-11  5.84925E-02 SpitzerIRS 
 2.18220E+01  3.73974E-10  1.86987E-11  5.85189E-02 SpitzerIRS 
 2.19497E+01  3.65776E-10  1.82888E-11  5.84974E-02 SpitzerIRS 
 2.20781E+01  3.65018E-10  1.82509E-11  6.13277E-02 SpitzerIRS 
 2.22135E+01  3.65163E-10  1.82581E-11  4.73136E-02 SpitzerIRS 
 2.23186E+01  3.71370E-10  1.85685E-11  5.01376E-02 SpitzerIRS 
 2.24305E+01  3.68925E-10  1.84462E-11  5.01103E-02 SpitzerIRS 
 2.25429E+01  3.64448E-10  1.82224E-11  5.01266E-02 SpitzerIRS 
 2.26559E+01  3.72409E-10  1.86205E-11  5.84837E-02 SpitzerIRS 
 2.27884E+01  3.72484E-10  1.86242E-11  5.85386E-02 SpitzerIRS 
 2.29218E+01  3.68397E-10  1.84198E-11  5.85033E-02 SpitzerIRS 
 2.30559E+01  3.69519E-10  1.84759E-11  5.85100E-02 SpitzerIRS 
 2.31908E+01  3.65354E-10  1.82677E-11  5.84715E-02 SpitzerIRS 
 2.33264E+01  3.61354E-10  1.80677E-11  5.85174E-02 SpitzerIRS 
 2.34629E+01  3.58337E-10  1.79168E-11  6.00096E-02 SpitzerIRS 
 2.36037E+01  3.67009E-10  1.83505E-11  4.86364E-02 SpitzerIRS 
 2.37185E+01  3.63190E-10  1.81595E-11  4.76000E-02 SpitzerIRS 
 2.38314E+01  3.62183E-10  1.81091E-11  6.10119E-02 SpitzerIRS 
 2.39768E+01  3.66082E-10  1.83041E-11  5.85149E-02 SpitzerIRS 
 2.41171E+01  3.61745E-10  1.80872E-11  5.85062E-02 SpitzerIRS 
 2.42582E+01  3.57426E-10  1.78713E-11  5.84957E-02 SpitzerIRS 
 2.44001E+01  3.57373E-10  1.78687E-11  5.84834E-02 SpitzerIRS 
 2.45428E+01  3.53852E-10  1.76926E-11  5.85100E-02 SpitzerIRS 
 2.46864E+01  3.48107E-10  1.74054E-11  5.84937E-02 SpitzerIRS 
 2.48308E+01  3.44450E-10  1.72225E-11  5.85160E-02 SpitzerIRS 
 2.49761E+01  3.45621E-10  1.72810E-11  5.65741E-02 SpitzerIRS 
 2.51174E+01  3.53164E-10  1.76582E-11  4.92885E-02 SpitzerIRS 
 2.52412E+01  3.54035E-10  1.77018E-11  6.12887E-02 SpitzerIRS 
 2.53959E+01  3.49554E-10  1.74777E-11  5.84740E-02 SpitzerIRS 
 2.55444E+01  3.45323E-10  1.72661E-11  5.85255E-02 SpitzerIRS 
 2.56939E+01  3.42150E-10  1.71075E-11  5.84964E-02 SpitzerIRS 
 2.58442E+01  3.42361E-10  1.71180E-11  5.85044E-02 SpitzerIRS 
 2.59954E+01  3.46082E-10  1.73041E-11  5.85104E-02 SpitzerIRS 
 2.61475E+01  3.33430E-10  1.66715E-11  5.85142E-02 SpitzerIRS 
 2.63005E+01  3.32119E-10  1.66060E-11  5.85160E-02 SpitzerIRS 
 2.64544E+01  3.24698E-10  1.62349E-11  5.84780E-02 SpitzerIRS 
 2.66091E+01  3.27519E-10  1.63760E-11  5.85138E-02 SpitzerIRS 
 2.67648E+01  3.30541E-10  1.65271E-11  5.01031E-02 SpitzerIRS 
 2.68989E+01  3.30745E-10  1.65372E-11  5.01507E-02 SpitzerIRS 
 2.70338E+01  3.35707E-10  1.67854E-11  4.73111E-02 SpitzerIRS 
 2.71617E+01  3.38244E-10  1.69122E-11  6.12996E-02 SpitzerIRS 
 2.73282E+01  3.43213E-10  1.71607E-11  5.85110E-02 SpitzerIRS 
 2.74881E+01  3.44434E-10  1.72217E-11  5.84980E-02 SpitzerIRS 
 2.76489E+01  3.43079E-10  1.71540E-11  5.85195E-02 SpitzerIRS 
 2.78107E+01  3.32246E-10  1.66123E-11  5.85027E-02 SpitzerIRS 
 2.79734E+01  3.31944E-10  1.65972E-11  5.84841E-02 SpitzerIRS 
 2.81370E+01  3.30899E-10  1.65449E-11  5.85350E-02 SpitzerIRS 
 2.83017E+01  3.25070E-10  1.62535E-11  5.84771E-02 SpitzerIRS 
 2.84672E+01  3.25328E-10  1.62664E-11  5.85235E-02 SpitzerIRS 
 2.86338E+01  3.16692E-10  1.58346E-11  5.84973E-02 SpitzerIRS 
 2.88013E+01  3.16173E-10  1.58087E-11  5.65599E-02 SpitzerIRS 
 2.89642E+01  3.25557E-10  1.62778E-11  5.20643E-02 SpitzerIRS 
 2.91150E+01  3.17350E-10  1.58675E-11  4.80508E-02 SpitzerIRS 
 2.92549E+01  3.22202E-10  1.61101E-11  6.05710E-02 SpitzerIRS 
 2.94321E+01  3.29092E-10  1.64546E-11  5.85075E-02 SpitzerIRS 
 2.96043E+01  3.21183E-10  1.60591E-11  5.85050E-02 SpitzerIRS 
 2.97775E+01  3.13611E-10  1.56806E-11  5.85005E-02 SpitzerIRS 
 2.99517E+01  3.07433E-10  1.53717E-11  5.84942E-02 SpitzerIRS 
 3.01269E+01  3.02298E-10  1.51149E-11  5.85191E-02 SpitzerIRS 
 3.03032E+01  3.04445E-10  1.52223E-11  5.85087E-02 SpitzerIRS 
 3.04805E+01  3.04674E-10  1.52337E-11  5.84964E-02 SpitzerIRS 
 3.06588E+01  3.00453E-10  1.50227E-11  5.85150E-02 SpitzerIRS 
 3.08382E+01  2.97382E-10  1.48691E-11  5.84989E-02 SpitzerIRS 
 3.10186E+01  2.93993E-10  1.46996E-11  5.85133E-02 SpitzerIRS 
 3.12001E+01  3.08872E-10  1.54436E-11  4.85896E-02 SpitzerIRS 
 3.13517E+01  3.01398E-10  1.50699E-11  6.00286E-02 SpitzerIRS 
 3.15399E+01  3.11358E-10  1.55679E-11  5.84973E-02 SpitzerIRS 
 3.17244E+01  2.95685E-10  1.47842E-11  5.85039E-02 SpitzerIRS 
 3.19100E+01  2.98489E-10  1.49245E-11  5.85083E-02 SpitzerIRS 
 3.20967E+01  2.98044E-10  1.49022E-11  5.85107E-02 SpitzerIRS 
 3.22845E+01  2.95710E-10  1.47855E-11  5.85111E-02 SpitzerIRS 
 3.24734E+01  2.95118E-10  1.47559E-11  5.84786E-02 SpitzerIRS 
 3.26633E+01  2.99594E-10  1.49797E-11  5.85060E-02 SpitzerIRS 
 3.28544E+01  2.97905E-10  1.48953E-11  5.85310E-02 SpitzerIRS 
 3.30467E+01  3.09456E-10  1.54728E-11  5.84930E-02 SpitzerIRS 
 3.32400E+01  2.89756E-10  1.44878E-11  5.85138E-02 SpitzerIRS 
 3.34345E+01  2.90599E-10  1.45300E-11  5.85024E-02 SpitzerIRS 
 3.36301E+01  2.95900E-10  1.47950E-11  5.84893E-02 SpitzerIRS 
 3.38268E+01  2.93873E-10  1.46937E-11  4.73293E-02 SpitzerIRS 
 3.39869E+01  3.14777E-10  1.57389E-11  6.13177E-02 SpitzerIRS 
 3.41953E+01  3.30451E-10  1.65225E-11  5.84876E-02 SpitzerIRS 
 3.43953E+01  3.23451E-10  1.61726E-11  5.84964E-02 SpitzerIRS 
 3.45965E+01  3.09986E-10  1.54993E-11  5.85030E-02 SpitzerIRS 
 3.47989E+01  3.06143E-10  1.53071E-11  5.85076E-02 SpitzerIRS 
 3.50025E+01  3.09442E-10  1.54721E-11  5.85101E-02 SpitzerIRS 
 3.52073E+01  2.93359E-10  1.46680E-11  5.85106E-02 SpitzerIRS 
 3.54133E+01  2.90130E-10  1.45065E-11  5.85091E-02 SpitzerIRS 
 3.56205E+01  2.92417E-10  1.46209E-11  5.85056E-02 SpitzerIRS 
 3.58289E+01  2.86390E-10  1.43195E-11  3.75395E-02 SpitzerIRS 
 3.59634E+01  2.80937E-10  1.40469E-11  3.73991E-02 SpitzerIRS 
 1.93237E+02  5.53722E-11  2.76861E-12  4.85436E-02 SPIREspec 
 1.94175E+02  5.40847E-11  2.70423E-12  4.87811E-02 SPIREspec 
 1.95122E+02  5.28334E-11  2.64167E-12  4.90195E-02 SPIREspec 
 1.96078E+02  5.18297E-11  2.59148E-12  4.92610E-02 SPIREspec 
 1.97044E+02  5.12264E-11  2.56132E-12  4.95049E-02 SPIREspec 
 1.98020E+02  5.10430E-11  2.55215E-12  4.97512E-02 SPIREspec 
 1.99005E+02  5.11105E-11  2.55552E-12  4.99999E-02 SPIREspec 
 2.00000E+02  5.11548E-11  2.55774E-12  5.02512E-02 SPIREspec 
 2.01005E+02  5.09500E-11  2.54750E-12  5.05050E-02 SPIREspec 
 2.02020E+02  5.04302E-11  2.52151E-12  5.07613E-02 SPIREspec 
 2.03046E+02  4.96744E-11  2.48372E-12  5.10210E-02 SPIREspec 
 2.04082E+02  4.88609E-11  2.44304E-12  5.12820E-02 SPIREspec 
 2.05128E+02  4.81272E-11  2.40636E-12  5.15463E-02 SPIREspec 
 2.06186E+02  4.75254E-11  2.37627E-12  5.18134E-02 SPIREspec 
 2.07254E+02  4.70416E-11  2.35208E-12  5.20833E-02 SPIREspec 
 2.08333E+02  4.65858E-11  2.32929E-12  5.23559E-02 SPIREspec 
 2.09424E+02  4.61008E-11  2.30504E-12  5.26315E-02 SPIREspec 
 2.10526E+02  4.56138E-11  2.28069E-12  5.29100E-02 SPIREspec 
 2.11640E+02  4.51979E-11  2.25989E-12  5.31914E-02 SPIREspec 
 2.12766E+02  4.49028E-11  2.24514E-12  5.34766E-02 SPIREspec 
 2.13904E+02  4.47117E-11  2.23559E-12  5.37634E-02 SPIREspec 
 2.15054E+02  4.45441E-11  2.22721E-12  5.40540E-02 SPIREspec 
 2.16216E+02  4.42467E-11  2.21233E-12  5.43477E-02 SPIREspec 
 2.17391E+02  4.37173E-11  2.18586E-12  5.46447E-02 SPIREspec 
 2.18579E+02  4.29618E-11  2.14809E-12  5.49450E-02 SPIREspec 
 2.19780E+02  4.20957E-11  2.10478E-12  5.52485E-02 SPIREspec 
 2.20994E+02  4.12915E-11  2.06458E-12  5.55555E-02 SPIREspec 
 2.22222E+02  4.06711E-11  2.03356E-12  5.58666E-02 SPIREspec 
 2.23464E+02  4.02714E-11  2.01357E-12  5.61797E-02 SPIREspec 
 2.24719E+02  4.00081E-11  2.00041E-12  5.64971E-02 SPIREspec 
 2.25989E+02  3.97241E-11  1.98620E-12  5.68181E-02 SPIREspec 
 2.27273E+02  3.93123E-11  1.96562E-12  5.71428E-02 SPIREspec 
 2.28571E+02  3.87333E-11  1.93666E-12  5.74712E-02 SPIREspec 
 2.29885E+02  3.80668E-11  1.90334E-12  5.78034E-02 SPIREspec 
 2.31214E+02  3.74303E-11  1.87151E-12  5.81394E-02 SPIREspec 
 2.32558E+02  3.69131E-11  1.84566E-12  5.84794E-02 SPIREspec 
 2.33918E+02  3.65244E-11  1.82622E-12  5.88242E-02 SPIREspec 
 2.35294E+02  3.61950E-11  1.80975E-12  5.91715E-02 SPIREspec 
 2.36686E+02  3.58277E-11  1.79138E-12  5.95237E-02 SPIREspec 
 2.38095E+02  3.53346E-11  1.76673E-12  5.98801E-02 SPIREspec 
 2.39521E+02  3.47192E-11  1.73596E-12  6.02409E-02 SPIREspec 
 2.40964E+02  3.40249E-11  1.70124E-12  6.06060E-02 SPIREspec 
 2.42424E+02  3.33211E-11  1.66606E-12  6.09755E-02 SPIREspec 
 2.43902E+02  3.26525E-11  1.63262E-12  6.13496E-02 SPIREspec 
 2.45399E+02  3.20465E-11  1.60232E-12  6.17283E-02 SPIREspec 
 2.46914E+02  3.15316E-11  1.57658E-12  6.21125E-02 SPIREspec 
 2.48447E+02  3.11101E-11  1.55551E-12  6.24999E-02 SPIREspec 
 2.50000E+02  3.07849E-11  1.53925E-12  6.28930E-02 SPIREspec 
 2.51572E+02  3.05646E-11  1.52823E-12  6.32910E-02 SPIREspec 
 2.53165E+02  3.04396E-11  1.52198E-12  6.36942E-02 SPIREspec 
 2.54777E+02  3.03547E-11  1.51774E-12  6.41025E-02 SPIREspec 
 2.56410E+02  3.02100E-11  1.51050E-12  6.45160E-02 SPIREspec 
 2.58065E+02  2.99194E-11  1.49597E-12  6.49350E-02 SPIREspec 
 2.59740E+02  2.94394E-11  1.47197E-12  6.53594E-02 SPIREspec 
 2.61438E+02  2.88248E-11  1.44124E-12  6.57903E-02 SPIREspec 
 2.63158E+02  2.81912E-11  1.40956E-12  6.62251E-02 SPIREspec 
 2.64901E+02  2.76561E-11  1.38280E-12  6.66666E-02 SPIREspec 
 2.66667E+02  2.72737E-11  1.36368E-12  6.71140E-02 SPIREspec 
 2.68456E+02  2.70218E-11  1.35109E-12  6.75675E-02 SPIREspec 
 2.70270E+02  2.67977E-11  1.33988E-12  6.80271E-02 SPIREspec 
 2.72109E+02  2.64886E-11  1.32443E-12  6.84930E-02 SPIREspec 
 2.73973E+02  2.60435E-11  1.30218E-12  6.89654E-02 SPIREspec 
 2.75862E+02  2.55053E-11  1.27527E-12  6.94453E-02 SPIREspec 
 2.77778E+02  2.49761E-11  1.24880E-12  6.99300E-02 SPIREspec 
 2.79720E+02  2.45676E-11  1.22838E-12  7.04224E-02 SPIREspec 
 2.81690E+02  2.43421E-11  1.21711E-12  7.09219E-02 SPIREspec 
 2.83688E+02  2.42564E-11  1.21282E-12  7.14285E-02 SPIREspec 
 2.85714E+02  2.41969E-11  1.20985E-12  7.19423E-02 SPIREspec 
 2.87770E+02  2.40142E-11  1.20071E-12  7.24637E-02 SPIREspec 
 2.89855E+02  2.36326E-11  1.18163E-12  7.29926E-02 SPIREspec 
 2.91971E+02  2.30605E-11  1.15302E-12  7.35293E-02 SPIREspec 
 2.94118E+02  2.23933E-11  1.11966E-12  7.40750E-02 SPIREspec 
 2.96296E+02  2.17603E-11  1.08802E-12  7.46268E-02 SPIREspec 
 2.98507E+02  2.12763E-11  1.06381E-12  7.51877E-02 SPIREspec 
 3.00752E+02  2.09883E-11  1.04942E-12  7.57576E-02 SPIREspec 
 3.03030E+02  2.09426E-11  1.04713E-12  7.63359E-02 SPIREspec 
 3.05344E+02  2.07167E-11  1.03584E-12  7.69231E-02 SPIREspec 
 3.07692E+02  2.05432E-11  1.02716E-12  7.75194E-02 SPIREspec 
 3.10078E+02  2.03100E-11  1.01550E-12  7.81250E-02 SPIREspec 
 3.12500E+02  2.00635E-11  1.00317E-12  7.87402E-02 SPIREspec 
 3.14961E+02  1.98783E-11  1.04066E-12  6.72269E-01 SPIREspec 
 3.36134E+02  1.65629E-11  8.28147E-13  8.47457E-02 SPIREspec 
 3.38983E+02  1.56454E-11  7.82272E-13  8.54701E-02 SPIREspec 
 3.41880E+02  1.54069E-11  7.70345E-13  8.62069E-02 SPIREspec 
 3.44828E+02  1.56076E-11  7.80381E-13  8.69565E-02 SPIREspec 
 3.47826E+02  1.59042E-11  7.95210E-13  8.77193E-02 SPIREspec 
 3.50877E+02  1.59476E-11  7.97378E-13  8.84957E-02 SPIREspec 
 3.53982E+02  1.55871E-11  7.79354E-13  8.92857E-02 SPIREspec 
 3.57143E+02  1.49869E-11  7.49347E-13  9.00901E-02 SPIREspec 
 3.60360E+02  1.44362E-11  7.21812E-13  9.09091E-02 SPIREspec 
 3.63636E+02  1.41166E-11  7.05830E-13  9.17431E-02 SPIREspec 
 3.66972E+02  1.40347E-11  7.01734E-13  9.25926E-02 SPIREspec 
 3.70370E+02  1.40619E-11  7.03093E-13  9.34579E-02 SPIREspec 
 3.73832E+02  1.40081E-11  7.00403E-13  9.43397E-02 SPIREspec 
 3.77358E+02  1.37266E-11  6.86328E-13  9.52381E-02 SPIREspec 
 3.80952E+02  1.32131E-11  6.60657E-13  9.61538E-02 SPIREspec 
 3.84615E+02  1.26114E-11  6.30572E-13  9.70874E-02 SPIREspec 
 3.88350E+02  1.21080E-11  6.05400E-13  9.80392E-02 SPIREspec 
 3.92157E+02  1.18234E-11  5.91172E-13  9.90099E-02 SPIREspec 
 3.96040E+02  1.17461E-11  5.87307E-13  1.00000E-01 SPIREspec 
 4.00000E+02  1.17420E-11  5.87099E-13  1.01010E-01 SPIREspec 
 4.04040E+02  1.16247E-11  5.81236E-13  1.02041E-01 SPIREspec 
 4.08163E+02  1.12850E-11  5.64251E-13  1.03093E-01 SPIREspec 
 4.12371E+02  1.07511E-11  5.37557E-13  1.04167E-01 SPIREspec 
 4.16667E+02  1.01384E-11  5.06922E-13  1.05263E-01 SPIREspec 
 4.21053E+02  9.57024E-12  4.78512E-13  1.06383E-01 SPIREspec 
 4.25532E+02  9.12585E-12  4.56293E-13  1.07527E-01 SPIREspec 
 4.30108E+02  8.83265E-12  4.41633E-13  1.08696E-01 SPIREspec 
 4.34783E+02  8.65558E-12  4.32779E-13  1.09890E-01 SPIREspec 
 4.39560E+02  8.50576E-12  4.25288E-13  1.11111E-01 SPIREspec 
 4.44444E+02  8.29635E-12  4.14817E-13  1.12360E-01 SPIREspec 
 4.49438E+02  8.00723E-12  4.00362E-13  1.13636E-01 SPIREspec 
 4.54545E+02  7.68933E-12  3.84466E-13  1.14943E-01 SPIREspec 
 4.59770E+02  7.40537E-12  3.70268E-13  1.16279E-01 SPIREspec 
 4.65116E+02  7.18535E-12  3.59267E-13  1.17647E-01 SPIREspec 
 4.70588E+02  7.00640E-12  3.50320E-13  1.19048E-01 SPIREspec 
 4.76190E+02  6.81092E-12  3.40546E-13  1.20482E-01 SPIREspec 
 4.81928E+02  6.55264E-12  3.27632E-13  1.21951E-01 SPIREspec 
 4.87805E+02  6.24071E-12  3.12036E-13  1.23457E-01 SPIREspec 
 4.93827E+02  5.95046E-12  3.17050E-13  1.25000E-01 SPIREspec 
 5.00000E+02  5.77647E-12  3.42031E-13  1.26582E-01 SPIREspec 
 5.06329E+02  5.76980E-12  3.57885E-13  1.28205E-01 SPIREspec 
 5.12821E+02  5.86286E-12  3.64264E-13  1.29870E-01 SPIREspec 
 5.19481E+02  5.87432E-12  3.62101E-13  1.31579E-01 SPIREspec 
 5.26316E+02  5.65745E-12  3.42491E-13  1.33333E-01 SPIREspec 
 5.33333E+02  5.24002E-12  3.04624E-13  1.35135E-01 SPIREspec 
 5.40541E+02  4.76554E-12  2.65681E-13  1.36986E-01 SPIREspec 
 5.47945E+02  4.37322E-12  2.45213E-13  1.38889E-01 SPIREspec 
 5.55556E+02  4.14378E-12  2.54854E-13  1.40845E-01 SPIREspec 
 5.63380E+02  4.08238E-12  2.94128E-13  1.42857E-01 SPIREspec 
 5.71429E+02  4.09595E-12  3.36449E-13  1.44928E-01 SPIREspec 
 5.79710E+02  4.02663E-12  3.45004E-13  1.47059E-01 SPIREspec 
 5.88235E+02  3.77954E-12  3.19646E-13  1.49254E-01 SPIREspec 
 5.97015E+02  3.41458E-12  3.08535E-13  1.51515E-01 SPIREspec 
 6.06061E+02  3.10122E-12  3.31153E-13  1.53846E-01 SPIREspec 
 6.15385E+02  2.99416E-12  3.42073E-13  1.56250E-01 SPIREspec 
 6.25000E+02  3.14643E-12  3.23988E-13  1.53846E-01 SPIREspec 
 1.23776E-01  1.02168E-13  1.11263E-14  1.11137E-01 <UV> 
 1.25151E-01  1.43236E-13  8.75270E-15  9.99990E-02 <UV> 
 1.26403E-01  1.48752E-13  7.85676E-15  9.99979E-02 <UV> 
 1.27667E-01  1.79036E-13  8.95180E-15  1.00003E-01 <UV> 
 1.28943E-01  2.35965E-13  1.17983E-14  9.99974E-02 <UV> 
 1.30233E-01  3.14408E-13  1.57204E-14  9.99979E-02 <UV> 
 1.31535E-01  2.49131E-13  1.24566E-14  1.00004E-01 <UV> 
 1.32851E-01  3.32299E-13  1.66149E-14  9.99996E-02 <UV> 
 1.34179E-01  3.66475E-13  1.83238E-14  1.00001E-01 <UV> 
 1.35521E-01  3.03790E-13  1.51895E-14  9.99994E-02 <UV> 
 1.36876E-01  2.37577E-13  1.18789E-14  9.99956E-02 <UV> 
 1.38245E-01  2.92972E-13  1.46486E-14  1.00004E-01 <UV> 
 1.39627E-01  4.98156E-13  2.49078E-14  1.00002E-01 <UV> 
 1.41023E-01  4.28727E-13  2.14363E-14  9.99975E-02 <UV> 
 1.42434E-01  3.50850E-13  1.75425E-14  9.99974E-02 <UV> 
 1.43858E-01  4.85798E-13  2.42899E-14  1.00001E-01 <UV> 
 1.45297E-01  4.79146E-13  2.39573E-14  1.00002E-01 <UV> 
 1.46750E-01  5.08994E-13  2.54497E-14  1.00000E-01 <UV> 
 1.48217E-01  4.33323E-13  2.16662E-14  9.99952E-02 <UV> 
 1.49699E-01  4.81754E-13  2.40877E-14  1.00001E-01 <UV> 
 1.51196E-01  5.19992E-13  2.59996E-14  1.00003E-01 <UV> 
 1.52708E-01  5.50101E-13  2.75050E-14  1.00001E-01 <UV> 
 1.54235E-01  6.68104E-13  3.34052E-14  9.99966E-02 <UV> 
 1.55778E-01  6.93916E-13  3.46958E-14  1.00002E-01 <UV> 
 1.57335E-01  6.80905E-13  3.40453E-14  1.00003E-01 <UV> 
 1.58909E-01  8.43845E-13  4.21923E-14  1.00001E-01 <UV> 
 1.60498E-01  9.28713E-13  4.64357E-14  9.99951E-02 <UV> 
 1.62103E-01  8.18310E-13  4.09155E-14  1.00004E-01 <UV> 
 1.63724E-01  9.15341E-13  4.57671E-14  9.99976E-02 <UV> 
 1.65361E-01  8.34601E-13  4.17300E-14  9.99993E-02 <UV> 
 1.67015E-01  6.30865E-13  3.15432E-14  1.00003E-01 <UV> 
 1.68685E-01  5.17569E-13  2.58785E-14  9.99971E-02 <UV> 
 1.70372E-01  5.12686E-13  2.56343E-14  9.99990E-02 <UV> 
 1.72075E-01  5.73667E-13  2.86833E-14  1.00003E-01 <UV> 
 1.73796E-01  5.65156E-13  2.82578E-14  9.99964E-02 <UV> 
 1.75534E-01  5.78736E-13  2.96477E-14  1.00003E-01 <UV> 
 1.77290E-01  5.72113E-13  3.11675E-14  1.00000E-01 <UV> 
 1.79062E-01  6.11650E-13  3.14292E-14  9.99987E-02 <UV> 
 1.80853E-01  7.06974E-13  3.53487E-14  9.99983E-02 <UV> 
 1.82662E-01  7.49177E-13  3.74589E-14  9.99992E-02 <UV> 
 1.84488E-01  7.05274E-13  3.52637E-14  1.00001E-01 <UV> 
 1.86333E-01  6.05616E-13  4.03253E-14  1.00004E-01 <UV> 
 1.88196E-01  4.79901E-13  4.77642E-14  9.99966E-02 <UV> 
 1.90078E-01  4.54667E-13  5.56169E-14  9.90066E-02 <UV> 
