 1.53500E-01  6.16889E-12  3.08444E-13  1.00000E+00 GALEX.FUV 
 2.30100E-01  9.84312E-12  4.92156E-13  1.00000E+00 GALEX.NUV 
 3.63700E-01  5.40731E-11  1.26940E-11  1.00000E+00 JOHNSON.U 
 3.63700E-01  5.71230E-11  2.85615E-12  1.00000E+00 JOHNSON.U 
 4.43400E-01  1.26435E-10  2.33262E-11  1.00000E+00 JOHNSON.B 
 4.43400E-01  1.44014E-10  7.20070E-12  1.00000E+00 JOHNSON.B 
 4.43400E-01  1.24406E-10  6.22032E-12  1.00000E+00 JOHNSON.B 
 5.49300E-01  2.77252E-10  4.61177E-11  1.00000E+00 JOHNSON.V 
 5.49300E-01  3.18185E-10  1.59092E-11  1.00000E+00 JOHNSON.V 
 6.30000E-01  4.76480E-10  2.38240E-11  1.00000E+00 COUSINS.R 
 6.49900E-01  4.09755E-10  1.56783E-10  1.00000E+00 COUSINS.R 
 6.93900E-01  3.69826E-10  1.84913E-11  1.00000E+00 JOHNSON.R 
 7.88400E-01  5.57985E-10  4.11739E-11  1.00000E+00 COUSINS.I 
 1.23930E+00  6.93758E-10  3.46879E-11  1.00000E+00 2MASS.J 
 1.25000E+00  7.39384E-10  3.69692E-11  1.00000E+00 JOHNSON.H 
 1.60300E+00  6.43348E-10  3.21674E-11  1.00000E+00 NICMOS.F160W 
 1.64640E+00  6.30030E-10  3.15015E-11  1.00000E+00 JOHNSON.H 
 1.64950E+00  6.83716E-10  3.41858E-11  1.00000E+00 2MASS.H 
 2.16390E+00  4.50125E-10  2.25063E-11  1.00000E+00 2MASS.KS 
 2.19510E+00  3.68748E-10  1.84374E-11  1.00000E+00 JOHNSON.K 
 3.36820E+00  1.23737E-10  6.18686E-12  1.00000E+00 WISE.W1 
 3.52710E+00  1.34295E-10  1.78493E-11  1.00000E+00 JOHNSON.L 
 3.60000E+00  1.41569E-10  7.07843E-12  1.00000E+00 IRAC.36 
 4.50000E+00  8.66067E-11  4.33034E-12  1.00000E+00 IRAC.45 
 4.61790E+00  5.77246E-11  2.88623E-12  1.00000E+00 WISE.W2 
 5.80000E+00  5.16884E-11  2.58442E-12  1.00000E+00 IRAC.58 
 8.00000E+00  3.74741E-11  1.87370E-12  1.00000E+00 IRAC.80 
 9.09950E+00  3.55488E-11  1.98665E-12  1.00000E+00 AKARI.S9W 
 1.20730E+01  2.91970E-11  1.45985E-12  1.00000E+00 WISE.W3 
 1.95050E+01  8.52422E-11  1.02364E-11  1.00000E+00 AKARI.L18W 
 2.21943E+01  1.15072E-10  5.75358E-12  1.00000E+00 WISE.W4 
 2.36108E+01  1.15037E-10  1.26541E-11  1.00000E+00 IRAS.F25 
 2.40000E+01  9.11869E-11  4.55934E-12  1.00000E+00 MIPS.24 
 6.04093E+01  1.41437E-10  1.41437E-11  1.00000E+00 IRAS.F60 
 6.31800E+01  9.44266E-11  4.72133E-12  1.00000E+00 generic 
 7.28400E+01  1.01248E-10  5.06239E-12  1.00000E+00 generic 
 7.87400E+01  9.36613E-11  4.68307E-12  1.00000E+00 generic 
 8.78971E+01  9.89109E-11  7.81055E-12  1.00000E+00 AKARI.WIDES 
 9.01600E+01  9.97535E-11  1.33005E-11  1.00000E+00 generic 
 1.45530E+02  7.49842E-11  3.74921E-12  1.00000E+00 generic 
 1.57740E+02  8.07733E-11  4.03866E-12  1.00000E+00 generic 
 1.79530E+02  8.34937E-11  4.17468E-12  1.00000E+00 generic 
 1.89570E+02  4.39639E-11  2.19819E-12  1.00000E+00 generic 
 3.50000E+02  2.92854E-11  1.46427E-12  1.00000E+00 generic 
 8.60000E+02  2.23101E-12  2.09158E-13  1.00000E+00 generic 
 1.10000E+03  1.03565E-12  8.17616E-14  1.00000E+00 generic 
 1.30000E+03  5.83442E-13  2.91721E-14  1.00000E+00 generic 
 1.30000E+03  4.15097E-13  4.61219E-14  1.00000E+00 generic 
 1.30000E+03  4.35852E-13  3.45914E-14  1.00000E+00 generic 
 2.00000E+03  5.54616E-14  5.99585E-15  1.00000E+00 generic 
 2.70000E+03  2.99792E-14  2.44275E-15  1.00000E+00 generic 
 2.70000E+03  2.33172E-14  2.22068E-15  1.00000E+00 generic 
 7.00000E+03  4.49689E-16  9.85032E-17  1.00000E+00 generic 
 8.60000E+03  1.41879E-16  3.52082E-17  1.00000E+00 generic 
 9.60000E+03  1.07113E-16  1.96739E-17  1.00000E+00 generic 
 1.08000E+04  7.38378E-17  2.30396E-17  1.00000E+00 generic 
 5.18700E+00  6.98533E-11  3.68744E-12  5.82225E-02 SpitzerIRS 
 5.21720E+00  6.45015E-11  3.97639E-12  5.80771E-02 SpitzerIRS 
 5.24750E+00  6.60715E-11  3.30357E-12  5.75512E-02 SpitzerIRS 
 5.27770E+00  6.42449E-11  4.80559E-12  5.74114E-02 SpitzerIRS 
 5.30800E+00  6.48044E-11  6.91872E-12  5.68953E-02 SpitzerIRS 
 5.33820E+00  6.75996E-11  3.37998E-12  5.67607E-02 SpitzerIRS 
 5.36850E+00  6.52803E-11  3.26402E-12  5.62541E-02 SpitzerIRS 
 5.39870E+00  6.25940E-11  4.38691E-12  5.59394E-02 SpitzerIRS 
 5.42890E+00  6.52277E-11  3.26139E-12  5.58124E-02 SpitzerIRS 
 5.45920E+00  6.07690E-11  3.32236E-12  5.53195E-02 SpitzerIRS 
 5.48940E+00  6.48365E-11  3.24183E-12  5.51973E-02 SpitzerIRS 
 5.51970E+00  6.41602E-11  3.20801E-12  5.47131E-02 SpitzerIRS 
 5.54990E+00  5.96247E-11  2.98123E-12  5.45956E-02 SpitzerIRS 
 5.58020E+00  5.91021E-11  2.95511E-12  5.41199E-02 SpitzerIRS 
 5.61040E+00  5.65237E-11  2.82618E-12  5.38286E-02 SpitzerIRS 
 5.64060E+00  5.43396E-11  2.71698E-12  5.37177E-02 SpitzerIRS 
 5.67090E+00  5.44246E-11  2.72123E-12  5.32543E-02 SpitzerIRS 
 5.70110E+00  5.28322E-11  3.28131E-12  5.31476E-02 SpitzerIRS 
 5.73140E+00  5.08529E-11  3.33719E-12  5.26922E-02 SpitzerIRS 
 5.76160E+00  5.43483E-11  2.71742E-12  5.24160E-02 SpitzerIRS 
 5.79180E+00  5.57161E-11  2.78581E-12  5.23153E-02 SpitzerIRS 
 5.82210E+00  5.25838E-11  2.62919E-12  5.18713E-02 SpitzerIRS 
 5.85230E+00  4.96743E-11  3.60122E-12  5.17745E-02 SpitzerIRS 
 5.88260E+00  5.42802E-11  2.71401E-12  5.13378E-02 SpitzerIRS 
 5.91280E+00  5.62998E-11  2.81499E-12  5.10756E-02 SpitzerIRS 
 5.94300E+00  5.46114E-11  2.73057E-12  5.09844E-02 SpitzerIRS 
 5.97330E+00  5.15689E-11  2.57845E-12  5.05583E-02 SpitzerIRS 
 6.00350E+00  5.10598E-11  2.55299E-12  5.04706E-02 SpitzerIRS 
 6.03380E+00  5.12258E-11  2.56129E-12  5.00514E-02 SpitzerIRS 
 6.06400E+00  4.87558E-11  2.43779E-12  4.99670E-02 SpitzerIRS 
 6.09430E+00  5.23307E-11  2.61654E-12  4.95545E-02 SpitzerIRS 
 6.12450E+00  5.33650E-11  2.66825E-12  4.93101E-02 SpitzerIRS 
 6.15470E+00  5.37510E-11  2.70825E-12  4.92307E-02 SpitzerIRS 
 6.18500E+00  5.20335E-11  3.54807E-12  4.88278E-02 SpitzerIRS 
 6.21520E+00  5.06520E-11  2.53260E-12  4.87514E-02 SpitzerIRS 
 6.24550E+00  4.71661E-11  2.78408E-12  4.83548E-02 SpitzerIRS 
 6.27570E+00  4.90458E-11  2.45229E-12  4.82815E-02 SpitzerIRS 
 6.30600E+00  4.91667E-11  2.45834E-12  4.78909E-02 SpitzerIRS 
 6.33620E+00  5.00963E-11  2.50482E-12  4.76626E-02 SpitzerIRS 
 6.36640E+00  4.81211E-11  2.40605E-12  4.75936E-02 SpitzerIRS 
 6.39670E+00  4.49733E-11  2.34802E-12  4.72118E-02 SpitzerIRS 
 6.42690E+00  4.64646E-11  2.32323E-12  4.71456E-02 SpitzerIRS 
 6.45720E+00  4.60469E-11  2.30235E-12  4.67695E-02 SpitzerIRS 
 6.48740E+00  4.18306E-11  2.09153E-12  4.67059E-02 SpitzerIRS 
 6.51770E+00  4.21835E-11  2.10918E-12  4.63354E-02 SpitzerIRS 
 6.54790E+00  4.44430E-11  2.22215E-12  4.61217E-02 SpitzerIRS 
 6.57810E+00  4.58523E-11  2.29262E-12  4.60619E-02 SpitzerIRS 
 6.60840E+00  4.26434E-11  2.13217E-12  4.56994E-02 SpitzerIRS 
 6.63860E+00  4.54886E-11  2.27443E-12  4.56422E-02 SpitzerIRS 
 6.66890E+00  4.12721E-11  2.06360E-12  4.52848E-02 SpitzerIRS 
 6.69910E+00  4.37980E-11  2.34049E-12  4.52300E-02 SpitzerIRS 
 6.72940E+00  4.37032E-11  2.18516E-12  4.48777E-02 SpitzerIRS 
 6.75960E+00  4.16807E-11  3.67223E-12  4.46772E-02 SpitzerIRS 
 6.78980E+00  4.53499E-11  2.26750E-12  4.46258E-02 SpitzerIRS 
 6.82010E+00  4.02648E-11  2.01324E-12  4.42809E-02 SpitzerIRS 
 6.85030E+00  3.90851E-11  2.37198E-12  4.42316E-02 SpitzerIRS 
 6.88060E+00  4.17451E-11  2.08725E-12  4.38915E-02 SpitzerIRS 
 6.91080E+00  4.25430E-11  2.87611E-12  4.36997E-02 SpitzerIRS 
 6.94100E+00  3.82072E-11  3.47692E-12  4.36537E-02 SpitzerIRS 
 6.97130E+00  3.81444E-11  3.22529E-12  4.33205E-02 SpitzerIRS 
 7.00150E+00  3.79499E-11  1.89749E-12  4.32764E-02 SpitzerIRS 
 7.03180E+00  4.26807E-11  4.39555E-12  4.29478E-02 SpitzerIRS 
 7.06200E+00  4.17638E-11  2.08819E-12  4.27641E-02 SpitzerIRS 
 7.09220E+00  3.93667E-11  1.96834E-12  4.27230E-02 SpitzerIRS 
 7.12250E+00  3.85174E-11  1.92587E-12  4.24008E-02 SpitzerIRS 
 7.15270E+00  4.20641E-11  3.70513E-12  4.23616E-02 SpitzerIRS 
 7.18300E+00  3.94868E-11  1.97434E-12  4.20437E-02 SpitzerIRS 
 7.21320E+00  4.12458E-11  2.06229E-12  4.20063E-02 SpitzerIRS 
 7.24350E+00  3.44802E-11  1.72401E-12  4.16926E-02 SpitzerIRS 
 7.27370E+00  3.63071E-11  1.81536E-12  4.15194E-02 SpitzerIRS 
 7.30390E+00  3.88537E-11  2.09743E-12  4.14847E-02 SpitzerIRS 
 7.33420E+00  3.47241E-11  2.60789E-12  4.11770E-02 SpitzerIRS 
 7.36440E+00  3.72115E-11  1.86057E-12  4.11439E-02 SpitzerIRS 
 7.39470E+00  3.55347E-11  2.05546E-12  4.08401E-02 SpitzerIRS 
 7.42490E+00  3.84830E-11  1.92415E-12  4.08086E-02 SpitzerIRS 
 7.45520E+00  4.24483E-11  3.33764E-12  4.05086E-02 SpitzerIRS 
 7.48540E+00  4.32944E-11  2.94770E-12  4.03452E-02 SpitzerIRS 
 7.51560E+00  4.23665E-11  5.52867E-12  4.03161E-02 SpitzerIRS 
 7.54590E+00  3.61734E-11  3.13066E-12  4.00217E-02 SpitzerIRS 
 7.57610E+00  3.68879E-11  1.84440E-12  7.98564E-02 SpitzerIRS 
 7.63660E+00  3.56142E-11  1.80976E-12  7.92237E-02 SpitzerIRS 
 7.69710E+00  3.38815E-11  1.72543E-12  7.86010E-02 SpitzerIRS 
 7.75760E+00  3.37139E-11  1.68569E-12  7.78591E-02 SpitzerIRS 
 7.81800E+00  3.44121E-11  1.72060E-12  7.73855E-02 SpitzerIRS 
 7.87850E+00  3.34933E-11  1.67467E-12  7.67913E-02 SpitzerIRS 
 7.93900E+00  3.42841E-11  1.71421E-12  7.62061E-02 SpitzerIRS 
 7.99950E+00  3.39424E-11  1.69712E-12  7.56297E-02 SpitzerIRS 
 8.06000E+00  3.19878E-11  1.59939E-12  7.50620E-02 SpitzerIRS 
 8.12050E+00  3.35252E-11  1.67626E-12  7.45028E-02 SpitzerIRS 
 8.18100E+00  3.38416E-11  1.69208E-12  7.38296E-02 SpitzerIRS 
 8.24140E+00  3.63400E-11  2.31354E-12  7.34099E-02 SpitzerIRS 
 8.30190E+00  4.03255E-11  6.14253E-12  7.28749E-02 SpitzerIRS 
 8.36240E+00  3.47172E-11  1.73586E-12  7.23477E-02 SpitzerIRS 
 8.42290E+00  3.68418E-11  1.84209E-12  7.18280E-02 SpitzerIRS 
 8.48340E+00  3.87030E-11  1.93515E-12  7.13157E-02 SpitzerIRS 
 8.54390E+00  3.91938E-11  1.95969E-12  7.06937E-02 SpitzerIRS 
 8.60430E+00  3.88177E-11  1.94088E-12  7.03137E-02 SpitzerIRS 
 8.66480E+00  4.13076E-11  2.06538E-12  6.98227E-02 SpitzerIRS 
 8.72530E+00  4.42750E-11  2.21375E-12  6.93386E-02 SpitzerIRS 
 8.78580E+00  4.41168E-11  2.20584E-12  6.88611E-02 SpitzerIRS 
 8.84630E+00  4.57400E-11  2.28700E-12  6.83902E-02 SpitzerIRS 
 8.90680E+00  4.77854E-11  2.38927E-12  6.78134E-02 SpitzerIRS 
 8.96720E+00  5.06463E-11  2.53232E-12  6.74681E-02 SpitzerIRS 
 9.02770E+00  5.25285E-11  2.62643E-12  6.70160E-02 SpitzerIRS 
 9.08820E+00  5.61637E-11  2.80818E-12  6.65698E-02 SpitzerIRS 
 9.14870E+00  5.72243E-11  2.86121E-12  6.61296E-02 SpitzerIRS 
 9.20920E+00  5.97944E-11  2.98972E-12  6.56952E-02 SpitzerIRS 
 9.26970E+00  6.43879E-11  3.21940E-12  6.51585E-02 SpitzerIRS 
 9.33010E+00  6.72485E-11  3.36243E-12  6.48439E-02 SpitzerIRS 
 9.39060E+00  6.97683E-11  3.48842E-12  6.44261E-02 SpitzerIRS 
 9.45110E+00  7.13613E-11  3.56807E-12  6.40137E-02 SpitzerIRS 
 9.51160E+00  7.24487E-11  3.62243E-12  6.36065E-02 SpitzerIRS 
 9.57210E+00  7.40234E-11  3.70117E-12  6.32045E-02 SpitzerIRS 
 9.63260E+00  7.63004E-11  3.81502E-12  6.28075E-02 SpitzerIRS 
 9.69310E+00  7.79273E-11  3.89636E-12  6.23124E-02 SpitzerIRS 
 9.75350E+00  7.94611E-11  3.97305E-12  6.20290E-02 SpitzerIRS 
 9.81400E+00  7.90781E-11  3.95391E-12  6.16466E-02 SpitzerIRS 
 9.87450E+00  7.84600E-11  3.92300E-12  6.12689E-02 SpitzerIRS 
 9.93500E+00  7.89539E-11  3.94769E-12  6.08958E-02 SpitzerIRS 
 9.99550E+00  7.74833E-11  3.87416E-12  6.05272E-02 SpitzerIRS 
 1.00560E+01  7.71960E-11  3.85980E-12  6.00636E-02 SpitzerIRS 
 1.01164E+01  7.67173E-11  3.83586E-12  5.98039E-02 SpitzerIRS 
 1.01769E+01  7.51948E-11  3.75974E-12  5.94484E-02 SpitzerIRS 
 1.02374E+01  7.35498E-11  3.67749E-12  5.90970E-02 SpitzerIRS 
 1.02979E+01  7.14583E-11  3.57292E-12  5.87498E-02 SpitzerIRS 
 1.03584E+01  7.06531E-11  3.53266E-12  5.83102E-02 SpitzerIRS 
 1.04188E+01  6.96709E-11  3.48355E-12  5.80681E-02 SpitzerIRS 
 1.04793E+01  6.78812E-11  3.39406E-12  5.77329E-02 SpitzerIRS 
 1.05398E+01  6.79012E-11  3.39506E-12  5.74015E-02 SpitzerIRS 
 1.06003E+01  6.54802E-11  3.27401E-12  5.70739E-02 SpitzerIRS 
 1.06608E+01  6.43409E-11  3.21704E-12  5.67500E-02 SpitzerIRS 
 1.07213E+01  6.20428E-11  3.10214E-12  5.63365E-02 SpitzerIRS 
 1.07817E+01  6.01409E-11  3.00704E-12  5.61136E-02 SpitzerIRS 
 1.08422E+01  6.01343E-11  3.00672E-12  5.58005E-02 SpitzerIRS 
 1.09027E+01  5.87228E-11  2.93614E-12  5.54908E-02 SpitzerIRS 
 1.09632E+01  5.77643E-11  2.88822E-12  5.51846E-02 SpitzerIRS 
 1.10237E+01  5.57802E-11  2.78901E-12  5.48818E-02 SpitzerIRS 
 1.10842E+01  5.45264E-11  2.72632E-12  5.45822E-02 SpitzerIRS 
 1.11447E+01  5.37973E-11  2.68987E-12  5.41962E-02 SpitzerIRS 
 1.12051E+01  5.31515E-11  2.65757E-12  5.39933E-02 SpitzerIRS 
 1.12656E+01  5.35047E-11  2.67524E-12  5.37033E-02 SpitzerIRS 
 1.13261E+01  5.20701E-11  2.60351E-12  5.34164E-02 SpitzerIRS 
 1.13866E+01  4.90527E-11  2.45263E-12  5.31326E-02 SpitzerIRS 
 1.14471E+01  4.78349E-11  2.39175E-12  5.28518E-02 SpitzerIRS 
 1.15076E+01  4.55748E-11  2.96468E-12  5.24871E-02 SpitzerIRS 
 1.15680E+01  4.37690E-11  2.18845E-12  5.22994E-02 SpitzerIRS 
 1.16285E+01  4.21414E-11  2.10707E-12  5.20273E-02 SpitzerIRS 
 1.16890E+01  4.06383E-11  2.03192E-12  5.17581E-02 SpitzerIRS 
 1.17495E+01  3.83853E-11  1.91926E-12  5.14916E-02 SpitzerIRS 
 1.18100E+01  3.75312E-11  1.87656E-12  5.12278E-02 SpitzerIRS 
 1.18705E+01  3.67792E-11  1.83896E-12  5.08824E-02 SpitzerIRS 
 1.19309E+01  3.57462E-11  1.78731E-12  5.07087E-02 SpitzerIRS 
 1.19914E+01  3.39708E-11  1.69854E-12  5.04528E-02 SpitzerIRS 
 1.20519E+01  3.29222E-11  1.64611E-12  5.01996E-02 SpitzerIRS 
 1.21124E+01  3.25177E-11  1.62588E-12  4.99488E-02 SpitzerIRS 
 1.21729E+01  3.03661E-11  1.51831E-12  4.97006E-02 SpitzerIRS 
 1.22334E+01  3.02111E-11  1.51055E-12  4.93730E-02 SpitzerIRS 
 1.22938E+01  3.06820E-11  1.53410E-12  4.92118E-02 SpitzerIRS 
 1.23543E+01  3.12743E-11  1.56372E-12  4.89708E-02 SpitzerIRS 
 1.24148E+01  2.96658E-11  1.48329E-12  4.87322E-02 SpitzerIRS 
 1.24753E+01  2.84742E-11  1.42371E-12  4.84958E-02 SpitzerIRS 
 1.25358E+01  2.79757E-11  1.39878E-12  4.82618E-02 SpitzerIRS 
 1.25963E+01  2.73439E-11  1.36719E-12  4.79506E-02 SpitzerIRS 
 1.26567E+01  2.69836E-11  1.34918E-12  4.78008E-02 SpitzerIRS 
 1.27172E+01  2.59594E-11  1.29797E-12  4.75734E-02 SpitzerIRS 
 1.27777E+01  2.73569E-11  1.36784E-12  4.73481E-02 SpitzerIRS 
 1.28382E+01  2.76740E-11  1.38370E-12  4.71250E-02 SpitzerIRS 
 1.28987E+01  2.64053E-11  1.32027E-12  4.69040E-02 SpitzerIRS 
 1.29592E+01  2.57662E-11  1.28831E-12  4.66850E-02 SpitzerIRS 
 1.30197E+01  2.59872E-11  1.29936E-12  4.63912E-02 SpitzerIRS 
 1.30801E+01  2.64219E-11  1.32109E-12  4.62535E-02 SpitzerIRS 
 1.31406E+01  2.51184E-11  1.25592E-12  4.60405E-02 SpitzerIRS 
 1.32011E+01  2.59390E-11  1.97120E-12  4.58295E-02 SpitzerIRS 
 1.32616E+01  2.65621E-11  1.32811E-12  4.56204E-02 SpitzerIRS 
 1.33221E+01  2.55414E-11  1.27707E-12  4.54133E-02 SpitzerIRS 
 1.33826E+01  2.54102E-11  1.27051E-12  4.51332E-02 SpitzerIRS 
 1.34430E+01  2.61145E-11  1.30572E-12  4.50048E-02 SpitzerIRS 
 1.35035E+01  2.44145E-11  1.22073E-12  4.48032E-02 SpitzerIRS 
 1.35640E+01  2.72187E-11  1.36093E-12  4.46034E-02 SpitzerIRS 
 1.36245E+01  2.57622E-11  1.28811E-12  4.44053E-02 SpitzerIRS 
 1.36850E+01  2.55935E-11  1.27968E-12  4.42090E-02 SpitzerIRS 
 1.37455E+01  2.59978E-11  1.29989E-12  4.39417E-02 SpitzerIRS 
 1.38059E+01  2.62771E-11  1.31385E-12  4.38218E-02 SpitzerIRS 
 1.38664E+01  2.69559E-11  1.34779E-12  4.36306E-02 SpitzerIRS 
 1.39269E+01  2.77666E-11  1.38833E-12  4.34411E-02 SpitzerIRS 
 1.39874E+01  2.70785E-11  1.35392E-12  1.19107E-01 SpitzerIRS 
 1.41540E+01  3.09070E-11  1.54535E-12  5.98417E-02 SpitzerIRS 
 1.42387E+01  3.15843E-11  1.57921E-12  5.94858E-02 SpitzerIRS 
 1.43234E+01  3.00768E-11  1.50384E-12  5.91340E-02 SpitzerIRS 
 1.44081E+01  2.97876E-11  1.48938E-12  5.87170E-02 SpitzerIRS 
 1.44927E+01  2.83333E-11  1.41666E-12  5.84432E-02 SpitzerIRS 
 1.45774E+01  2.91784E-11  1.45892E-12  5.81036E-02 SpitzerIRS 
 1.46621E+01  3.08889E-11  1.54445E-12  5.77680E-02 SpitzerIRS 
 1.47468E+01  2.94511E-11  1.47255E-12  5.74362E-02 SpitzerIRS 
 1.48315E+01  3.21411E-11  1.60705E-12  5.70408E-02 SpitzerIRS 
 1.49161E+01  3.09980E-11  1.60588E-12  5.67843E-02 SpitzerIRS 
 1.50008E+01  3.21740E-11  1.60870E-12  5.64637E-02 SpitzerIRS 
 1.50855E+01  3.19298E-11  1.59649E-12  5.60803E-02 SpitzerIRS 
 1.51701E+01  2.98210E-11  1.49105E-12  5.58335E-02 SpitzerIRS 
 1.52548E+01  3.08227E-11  1.54114E-12  5.55235E-02 SpitzerIRS 
 1.53395E+01  3.25248E-11  1.62624E-12  5.52169E-02 SpitzerIRS 
 1.54242E+01  3.45503E-11  1.72752E-12  5.49137E-02 SpitzerIRS 
 1.55089E+01  3.55234E-11  1.77617E-12  5.45493E-02 SpitzerIRS 
 1.55935E+01  3.63458E-11  1.81729E-12  5.43175E-02 SpitzerIRS 
 1.56782E+01  3.65395E-11  1.82697E-12  5.40241E-02 SpitzerIRS 
 1.57629E+01  3.76079E-11  1.88040E-12  5.37338E-02 SpitzerIRS 
 1.58476E+01  3.94594E-11  1.97297E-12  5.33835E-02 SpitzerIRS 
 1.59322E+01  4.15380E-11  2.07690E-12  5.31628E-02 SpitzerIRS 
 1.60169E+01  4.27016E-11  2.13508E-12  5.28816E-02 SpitzerIRS 
 1.61016E+01  4.33148E-11  2.16574E-12  5.26035E-02 SpitzerIRS 
 1.61863E+01  4.56607E-11  2.28304E-12  5.23282E-02 SpitzerIRS 
 1.62710E+01  4.74701E-11  2.37350E-12  5.19943E-02 SpitzerIRS 
 1.63556E+01  4.65463E-11  2.32732E-12  5.17865E-02 SpitzerIRS 
 1.64403E+01  4.92205E-11  2.46103E-12  5.15197E-02 SpitzerIRS 
 1.65250E+01  5.09765E-11  2.54883E-12  5.12557E-02 SpitzerIRS 
 1.66097E+01  5.31767E-11  2.65883E-12  5.09341E-02 SpitzerIRS 
 1.66943E+01  5.41984E-11  2.70992E-12  5.07359E-02 SpitzerIRS 
 1.67790E+01  5.60116E-11  2.80058E-12  5.04798E-02 SpitzerIRS 
 1.68637E+01  5.66583E-11  2.83291E-12  5.02262E-02 SpitzerIRS 
 1.69484E+01  5.78574E-11  2.89287E-12  4.99162E-02 SpitzerIRS 
 1.70330E+01  5.91770E-11  2.95885E-12  4.97270E-02 SpitzerIRS 
 1.71177E+01  5.87704E-11  2.93852E-12  4.94809E-02 SpitzerIRS 
 1.72024E+01  6.23708E-11  3.11854E-12  4.92373E-02 SpitzerIRS 
 1.72871E+01  6.27936E-11  3.13968E-12  4.89382E-02 SpitzerIRS 
 1.73717E+01  6.41376E-11  3.20688E-12  4.87575E-02 SpitzerIRS 
 1.74564E+01  6.59336E-11  3.29668E-12  4.85209E-02 SpitzerIRS 
 1.75411E+01  6.72013E-11  3.36006E-12  4.82866E-02 SpitzerIRS 
 1.76258E+01  6.91626E-11  3.45813E-12  4.80546E-02 SpitzerIRS 
 1.77105E+01  7.21225E-11  3.60613E-12  4.77683E-02 SpitzerIRS 
 1.77951E+01  7.15286E-11  3.57643E-12  4.75974E-02 SpitzerIRS 
 1.78798E+01  6.83327E-11  4.26555E-12  4.73719E-02 SpitzerIRS 
 1.79645E+01  7.00714E-11  3.50357E-12  4.71485E-02 SpitzerIRS 
 1.80492E+01  7.10232E-11  3.55116E-12  4.68719E-02 SpitzerIRS 
 1.81338E+01  7.75478E-11  3.87739E-12  4.67084E-02 SpitzerIRS 
 1.82185E+01  7.84346E-11  3.92173E-12  4.64912E-02 SpitzerIRS 
 1.83032E+01  7.97734E-11  3.98867E-12  4.62761E-02 SpitzerIRS 
 1.83879E+01  7.91924E-11  3.95962E-12  4.60085E-02 SpitzerIRS 
 1.84725E+01  7.96136E-11  3.98068E-12  4.58519E-02 SpitzerIRS 
 1.85572E+01  8.14101E-11  4.07051E-12  4.56427E-02 SpitzerIRS 
 1.86419E+01  8.01429E-11  4.00714E-12  4.54353E-02 SpitzerIRS 
 1.87266E+01  8.15094E-11  4.07547E-12  4.52298E-02 SpitzerIRS 
 1.88113E+01  8.42787E-11  4.21394E-12  4.49730E-02 SpitzerIRS 
 1.88959E+01  8.55403E-11  4.27702E-12  4.48245E-02 SpitzerIRS 
 1.89806E+01  8.65169E-11  4.32585E-12  4.46245E-02 SpitzerIRS 
 1.90653E+01  8.40727E-11  4.20363E-12  4.44263E-02 SpitzerIRS 
 1.91500E+01  8.77116E-11  4.38558E-12  4.41775E-02 SpitzerIRS 
 1.92346E+01  8.64390E-11  4.32195E-12  4.40352E-02 SpitzerIRS 
 1.93193E+01  8.21899E-11  4.10949E-12  4.38422E-02 SpitzerIRS 
 1.94040E+01  8.91621E-11  4.45811E-12  4.36508E-02 SpitzerIRS 
 1.94887E+01  8.83285E-11  4.41643E-12  4.34611E-02 SpitzerIRS 
 1.95734E+01  8.67731E-11  4.33865E-12  4.32219E-02 SpitzerIRS 
 1.96580E+01  8.79781E-11  4.39890E-12  4.30868E-02 SpitzerIRS 
 1.97427E+01  8.66759E-11  4.33379E-12  4.29019E-02 SpitzerIRS 
 1.98274E+01  8.89093E-11  4.44546E-12  4.27187E-02 SpitzerIRS 
 1.99121E+01  8.71098E-11  4.35549E-12  4.24867E-02 SpitzerIRS 
 1.99967E+01  8.76078E-11  4.38039E-12  4.23570E-02 SpitzerIRS 
 2.00814E+01  9.06048E-11  4.53024E-12  4.21783E-02 SpitzerIRS 
 2.01661E+01  9.19635E-11  4.59818E-12  4.20012E-02 SpitzerIRS 
 2.02508E+01  9.40008E-11  4.70004E-12  4.17761E-02 SpitzerIRS 
 2.03354E+01  9.28328E-11  4.64164E-12  4.16515E-02 SpitzerIRS 
 2.04201E+01  9.16300E-11  4.58150E-12  4.14787E-02 SpitzerIRS 
 2.05048E+01  9.38862E-11  4.69431E-12  4.13074E-02 SpitzerIRS 
 2.05895E+01  9.51831E-11  4.75916E-12  4.11375E-02 SpitzerIRS 
 2.06742E+01  9.66145E-11  4.83072E-12  8.18895E-02 SpitzerIRS 
 2.08435E+01  9.42131E-11  4.71065E-12  8.12723E-02 SpitzerIRS 
 2.10129E+01  9.90477E-11  4.95238E-12  8.05696E-02 SpitzerIRS 
 2.11822E+01  1.00153E-10  5.00763E-12  7.99728E-02 SpitzerIRS 
 2.13516E+01  1.00172E-10  5.00862E-12  7.92915E-02 SpitzerIRS 
 2.15209E+01  1.00010E-10  5.00049E-12  7.87142E-02 SpitzerIRS 
 2.16903E+01  1.00094E-10  5.00470E-12  7.80533E-02 SpitzerIRS 
 2.18596E+01  1.00619E-10  5.03094E-12  7.74946E-02 SpitzerIRS 
 2.20290E+01  9.88775E-11  4.94387E-12  7.68532E-02 SpitzerIRS 
 2.21983E+01  1.00346E-10  5.01732E-12  7.63122E-02 SpitzerIRS 
 2.23677E+01  1.01771E-10  5.08855E-12  7.56895E-02 SpitzerIRS 
 2.25370E+01  1.03233E-10  5.16167E-12  7.51653E-02 SpitzerIRS 
 2.27064E+01  1.01592E-10  5.07959E-12  7.45605E-02 SpitzerIRS 
 2.28757E+01  1.02359E-10  5.11794E-12  7.40524E-02 SpitzerIRS 
 2.30451E+01  1.05845E-10  5.29223E-12  7.35080E-02 SpitzerIRS 
 2.32145E+01  1.07182E-10  5.35912E-12  7.29286E-02 SpitzerIRS 
 2.33838E+01  1.03865E-10  5.19327E-12  7.24433E-02 SpitzerIRS 
 2.35532E+01  1.02891E-10  5.14453E-12  7.18798E-02 SpitzerIRS 
 2.37225E+01  1.06745E-10  5.33725E-12  7.14090E-02 SpitzerIRS 
 2.38919E+01  1.08193E-10  5.40964E-12  7.08608E-02 SpitzerIRS 
 2.40612E+01  1.09902E-10  5.79993E-12  7.04038E-02 SpitzerIRS 
 2.42306E+01  1.07915E-10  5.39576E-12  6.98703E-02 SpitzerIRS 
 2.43999E+01  1.10027E-10  5.50134E-12  6.94265E-02 SpitzerIRS 
 2.45693E+01  1.09828E-10  5.49141E-12  6.89071E-02 SpitzerIRS 
 2.47386E+01  1.10972E-10  5.54860E-12  6.84760E-02 SpitzerIRS 
 2.49080E+01  1.11297E-10  5.56484E-12  6.80103E-02 SpitzerIRS 
 2.50774E+01  1.11463E-10  5.57316E-12  6.75110E-02 SpitzerIRS 
 2.52467E+01  1.10767E-10  5.53834E-12  6.70583E-02 SpitzerIRS 
 2.54160E+01  1.10667E-10  5.53335E-12  6.66509E-02 SpitzerIRS 
 2.55854E+01  1.11351E-10  5.56755E-12  6.62096E-02 SpitzerIRS 
 2.57548E+01  1.10295E-10  5.51475E-12  6.57353E-02 SpitzerIRS 
 2.59241E+01  1.09955E-10  5.49775E-12  6.53446E-02 SpitzerIRS 
 2.60935E+01  1.10607E-10  5.53037E-12  6.48821E-02 SpitzerIRS 
 2.62628E+01  1.10246E-10  5.51229E-12  6.45019E-02 SpitzerIRS 
 2.64322E+01  1.11114E-10  5.55568E-12  6.40507E-02 SpitzerIRS 
 2.66015E+01  1.11000E-10  5.55002E-12  6.36806E-02 SpitzerIRS 
 2.67709E+01  1.13946E-10  5.69732E-12  6.32403E-02 SpitzerIRS 
 2.69402E+01  1.09665E-10  5.48325E-12  6.28800E-02 SpitzerIRS 
 2.71096E+01  1.12077E-10  5.60386E-12  6.24502E-02 SpitzerIRS 
 2.72789E+01  1.14382E-10  5.71909E-12  6.20993E-02 SpitzerIRS 
 2.74483E+01  1.13900E-10  5.69499E-12  6.16796E-02 SpitzerIRS 
 2.76176E+01  1.15073E-10  5.75365E-12  6.13377E-02 SpitzerIRS 
 2.77870E+01  1.13368E-10  5.66840E-12  6.09638E-02 SpitzerIRS 
 2.79564E+01  1.14022E-10  5.70108E-12  6.05586E-02 SpitzerIRS 
 2.81257E+01  1.13893E-10  5.69464E-12  6.02296E-02 SpitzerIRS 
 2.82951E+01  1.14505E-10  5.72523E-12  5.98337E-02 SpitzerIRS 
 2.84644E+01  1.14034E-10  5.70171E-12  5.95129E-02 SpitzerIRS 
 2.86338E+01  1.14079E-10  5.70394E-12  5.91259E-02 SpitzerIRS 
 2.88031E+01  1.12925E-10  5.64626E-12  5.88131E-02 SpitzerIRS 
 2.89725E+01  1.14303E-10  5.71517E-12  5.84347E-02 SpitzerIRS 
 2.91418E+01  1.13065E-10  5.65327E-12  5.81296E-02 SpitzerIRS 
 2.93112E+01  1.14598E-10  5.72988E-12  5.77595E-02 SpitzerIRS 
 2.94805E+01  1.14767E-10  5.73837E-12  5.74617E-02 SpitzerIRS 
 2.96499E+01  1.15126E-10  5.75629E-12  5.71334E-02 SpitzerIRS 
 2.98193E+01  1.12157E-10  5.60787E-12  5.67753E-02 SpitzerIRS 
 2.99886E+01  1.13849E-10  5.69247E-12  5.64881E-02 SpitzerIRS 
 3.01580E+01  1.14902E-10  5.74509E-12  5.61377E-02 SpitzerIRS 
 3.03273E+01  1.16149E-10  5.80743E-12  5.58573E-02 SpitzerIRS 
 3.04967E+01  1.17907E-10  5.89534E-12  5.55142E-02 SpitzerIRS 
 3.06660E+01  1.17882E-10  5.89408E-12  5.52403E-02 SpitzerIRS 
 3.08354E+01  1.16618E-10  5.83088E-12  5.49044E-02 SpitzerIRS 
 3.10047E+01  1.16461E-10  5.82307E-12  5.46369E-02 SpitzerIRS 
 3.11741E+01  1.16630E-10  5.83148E-12  5.43079E-02 SpitzerIRS 
 3.13434E+01  1.14413E-10  5.72064E-12  5.40465E-02 SpitzerIRS 
 3.15128E+01  1.14856E-10  5.74278E-12  5.37242E-02 SpitzerIRS 
 3.16821E+01  1.16795E-10  5.83975E-12  5.34687E-02 SpitzerIRS 
 3.18515E+01  1.16687E-10  5.83434E-12  5.31843E-02 SpitzerIRS 
 3.20209E+01  1.17687E-10  5.88436E-12  5.28717E-02 SpitzerIRS 
 3.21902E+01  1.16838E-10  5.84191E-12  5.26247E-02 SpitzerIRS 
 3.23596E+01  1.18452E-10  5.92260E-12  5.23183E-02 SpitzerIRS 
 3.25289E+01  1.21385E-10  6.06927E-12  5.20768E-02 SpitzerIRS 
 3.26983E+01  1.20117E-10  6.00583E-12  5.17764E-02 SpitzerIRS 
 3.28676E+01  1.17275E-10  5.86376E-12  5.15401E-02 SpitzerIRS 
 3.30370E+01  1.15814E-10  5.79072E-12  5.12456E-02 SpitzerIRS 
 3.32063E+01  1.15309E-10  5.76544E-12  5.10144E-02 SpitzerIRS 
 3.33757E+01  1.16348E-10  5.81742E-12  5.07255E-02 SpitzerIRS 
 3.35450E+01  1.18021E-10  5.90103E-12  5.04993E-02 SpitzerIRS 
 3.37144E+01  1.20741E-10  6.03704E-12  5.02159E-02 SpitzerIRS 
 3.38837E+01  1.21427E-10  6.07137E-12  4.99945E-02 SpitzerIRS 
 3.40531E+01  1.21025E-10  6.05125E-12  4.97458E-02 SpitzerIRS 
 3.42225E+01  1.20906E-10  6.04530E-12  4.94704E-02 SpitzerIRS 
 3.43918E+01  1.19348E-10  5.96742E-12  4.92559E-02 SpitzerIRS 
 3.45612E+01  1.26661E-10  6.33307E-12  4.89856E-02 SpitzerIRS 
 3.47305E+01  1.25839E-10  6.29193E-12  4.87756E-02 SpitzerIRS 
 3.48999E+01  1.21419E-10  6.20546E-12  4.85102E-02 SpitzerIRS 
 3.50692E+01  1.16914E-10  5.84570E-12  4.83045E-02 SpitzerIRS 
 3.52386E+01  1.14264E-10  5.71321E-12  4.80439E-02 SpitzerIRS 
 3.54079E+01  1.19322E-10  5.96611E-12  4.78424E-02 SpitzerIRS 
 3.55773E+01  1.26970E-10  6.34849E-12  4.75865E-02 SpitzerIRS 
 3.57466E+01  1.18607E-10  5.93037E-12  4.73891E-02 SpitzerIRS 
 3.59160E+01  1.20203E-10  6.01016E-12  4.71378E-02 SpitzerIRS 
 3.60853E+01  1.26014E-10  9.53496E-12  4.69166E-02 SpitzerIRS 
 9.02250E-02  5.52644E-12  1.49174E-12  4.99972E-02 <UV> 
 9.06761E-02  1.65842E-12  3.46780E-13  5.00022E-02 <UV> 
 9.11295E-02  1.26349E-12  3.26039E-13  5.00058E-02 <UV> 
 9.15852E-02  1.71105E-12  2.85586E-13  4.99972E-02 <UV> 
 9.20431E-02  2.32043E-12  2.50982E-13  4.99983E-02 <UV> 
 9.25033E-02  2.59126E-12  2.48035E-13  4.99982E-02 <UV> 
 9.29658E-02  2.75554E-12  2.44358E-13  4.99969E-02 <UV> 
 9.34306E-02  2.02563E-12  2.44266E-13  5.00050E-02 <UV> 
 9.38978E-02  4.50964E-12  2.84539E-13  5.00012E-02 <UV> 
 9.43673E-02  2.46719E-12  2.68421E-13  4.99961E-02 <UV> 
 9.48391E-02  8.21539E-12  4.10769E-13  5.00005E-02 <UV> 
 9.53133E-02  2.29224E-12  2.87925E-13  5.00035E-02 <UV> 
 9.57899E-02  3.20157E-12  3.00039E-13  4.99948E-02 <UV> 
 9.62688E-02  3.37577E-12  3.10720E-13  5.00058E-02 <UV> 
 9.67502E-02  3.39385E-12  3.18565E-13  4.99947E-02 <UV> 
 9.72339E-02  2.23198E-11  1.11599E-12  5.00031E-02 <UV> 
 9.77201E-02  1.27404E-11  6.37018E-13  4.99999E-02 <UV> 
 9.82087E-02  4.15261E-12  4.26738E-13  4.99956E-02 <UV> 
 9.86997E-02  6.97404E-12  4.50248E-13  5.00002E-02 <UV> 
 9.91932E-02  1.07244E-11  5.36219E-13  5.00034E-02 <UV> 
 9.96892E-02  1.51841E-12  3.86407E-13  4.99954E-02 <UV> 
 1.00188E-01  2.68433E-12  2.95665E-13  5.00062E-02 <UV> 
 1.00689E-01  1.30579E-12  2.73442E-13  4.99957E-02 <UV> 
 1.01192E-01  1.92830E-12  2.39205E-13  5.00040E-02 <UV> 
 1.01698E-01  2.02297E-12  2.48105E-13  5.00010E-02 <UV> 
 1.02207E-01  2.31285E-12  2.23101E-13  4.99968E-02 <UV> 
 1.02718E-01  1.10314E-10  5.51572E-12  5.00012E-02 <UV> 
 1.03231E-01  3.12870E-12  2.02329E-13  5.00043E-02 <UV> 
 1.03747E-01  1.35610E-12  1.91455E-13  4.99965E-02 <UV> 
 1.04266E-01  1.62100E-12  1.84422E-13  4.99971E-02 <UV> 
 1.04787E-01  1.61197E-12  1.88475E-13  5.00061E-02 <UV> 
 1.05311E-01  1.81324E-12  1.99785E-13  4.99946E-02 <UV> 
 1.05838E-01  1.80060E-12  2.06730E-13  5.00010E-02 <UV> 
 1.06367E-01  2.46135E-12  2.27757E-13  4.99967E-02 <UV> 
 1.06899E-01  2.06612E-12  2.35961E-13  5.00006E-02 <UV> 
 1.07433E-01  3.23734E-12  3.25801E-13  5.00031E-02 <UV> 
 1.07970E-01  2.95670E-12  3.71973E-13  5.00044E-02 <UV> 
 1.08510E-01  2.65085E-12  4.34042E-13  1.23684E-01 <UV> 
 1.09853E-01  6.63151E-13  1.28114E-13  7.68667E-02 <UV> 
 1.10697E-01  1.72356E-12  1.04417E-13  5.00014E-02 <UV> 
 1.11250E-01  2.05435E-12  1.05646E-13  4.99953E-02 <UV> 
 1.11807E-01  1.93100E-12  1.04942E-13  5.00060E-02 <UV> 
 1.12366E-01  2.30685E-12  1.15342E-13  4.99975E-02 <UV> 
 1.12928E-01  3.47290E-12  1.73645E-13  4.99967E-02 <UV> 
 1.13492E-01  2.97498E-12  1.48749E-13  5.00035E-02 <UV> 
 1.14060E-01  1.69239E-12  8.46197E-14  5.00002E-02 <UV> 
 1.14630E-01  1.04176E-12  5.20881E-14  4.99957E-02 <UV> 
 1.15203E-01  7.34173E-13  3.68295E-14  4.99987E-02 <UV> 
 1.15779E-01  7.96584E-13  3.98292E-14  5.00004E-02 <UV> 
 1.16358E-01  9.78918E-13  4.89459E-14  5.00009E-02 <UV> 
 1.16940E-01  1.39503E-12  6.97516E-14  5.00001E-02 <UV> 
 1.17524E-01  5.71084E-12  2.85542E-13  5.00066E-02 <UV> 
 1.18112E-01  1.49494E-12  7.47472E-14  4.99949E-02 <UV> 
 1.18703E-01  1.21508E-12  6.07538E-14  4.99989E-02 <UV> 
 1.19296E-01  1.39053E-12  6.95264E-14  5.00016E-02 <UV> 
 1.19893E-01  2.38674E-12  1.19337E-13  5.00031E-02 <UV> 
 1.20492E-01  6.00134E-12  3.00067E-13  4.99950E-02 <UV> 
 1.21094E-01  8.71455E-12  4.35728E-13  5.00023E-02 <UV> 
 1.21700E-01  1.26264E-11  6.31319E-13  5.00000E-02 <UV> 
 1.22309E-01  5.50562E-12  2.75281E-13  4.99965E-02 <UV> 
 1.22920E-01  3.05167E-12  1.52584E-13  5.00000E-02 <UV> 
 1.23535E-01  3.67564E-12  1.83782E-13  5.00022E-02 <UV> 
 1.24152E-01  4.68187E-12  2.34094E-13  5.00031E-02 <UV> 
 1.24773E-01  2.17347E-12  1.08674E-13  4.99948E-02 <UV> 
 1.25397E-01  2.37605E-12  1.18802E-13  5.00012E-02 <UV> 
 1.26024E-01  2.10301E-12  1.05151E-13  5.00064E-02 <UV> 
 1.26654E-01  2.57096E-12  1.28548E-13  4.99944E-02 <UV> 
 1.27287E-01  3.12410E-12  1.56205E-13  5.00050E-02 <UV> 
 1.27924E-01  2.36151E-12  1.18076E-13  4.99985E-02 <UV> 
 1.28563E-01  2.00900E-12  1.00450E-13  4.99987E-02 <UV> 
 1.29206E-01  3.10265E-12  1.55133E-13  4.99976E-02 <UV> 
 1.29852E-01  5.21189E-12  2.60595E-13  5.00030E-02 <UV> 
 1.30502E-01  1.40917E-11  7.04584E-13  4.99994E-02 <UV> 
 1.31154E-01  4.52355E-12  2.26178E-13  5.00023E-02 <UV> 
 1.31810E-01  2.14482E-12  1.07241E-13  4.99963E-02 <UV> 
 1.32469E-01  2.46579E-12  1.23289E-13  5.00042E-02 <UV> 
 1.33131E-01  4.53539E-12  2.26770E-13  4.99958E-02 <UV> 
 1.33797E-01  6.26144E-12  3.13072E-13  5.00012E-02 <UV> 
 1.34466E-01  2.81897E-12  1.40948E-13  4.99978E-02 <UV> 
 1.35138E-01  2.39186E-12  1.19593E-13  5.00007E-02 <UV> 
 1.35814E-01  2.91432E-12  1.45716E-13  5.00023E-02 <UV> 
 1.36493E-01  2.38453E-12  1.19227E-13  5.00026E-02 <UV> 
 1.37175E-01  2.60385E-12  1.30192E-13  4.99944E-02 <UV> 
 1.37861E-01  2.35529E-12  1.17764E-13  4.99996E-02 <UV> 
 1.38551E-01  2.57419E-12  1.28709E-13  5.00034E-02 <UV> 
 1.39243E-01  6.23509E-12  3.11755E-13  4.99988E-02 <UV> 
 1.39939E-01  6.61130E-12  3.30565E-13  5.00002E-02 <UV> 
 1.40639E-01  4.24474E-12  2.12237E-13  5.00003E-02 <UV> 
 1.41342E-01  3.22073E-12  1.61036E-13  4.99992E-02 <UV> 
 1.42049E-01  2.74114E-12  1.37057E-13  5.00038E-02 <UV> 
 1.42759E-01  3.34108E-12  1.67054E-13  5.00002E-02 <UV> 
 1.43473E-01  4.11706E-12  2.05853E-13  4.99954E-02 <UV> 
 1.44190E-01  3.85411E-12  1.92706E-13  5.00033E-02 <UV> 
 1.44911E-01  3.92709E-12  1.96354E-13  4.99960E-02 <UV> 
 1.45636E-01  4.90301E-12  2.45151E-13  5.00014E-02 <UV> 
 1.46364E-01  5.79743E-12  2.89871E-13  4.99986E-02 <UV> 
 1.47096E-01  3.65835E-12  1.82918E-13  5.00014E-02 <UV> 
 1.47832E-01  3.18673E-12  1.59336E-13  5.00029E-02 <UV> 
 1.48571E-01  4.22268E-12  2.11134E-13  4.99964E-02 <UV> 
 1.49314E-01  4.06151E-12  2.03075E-13  5.00022E-02 <UV> 
 1.50060E-01  4.34253E-12  2.17126E-13  5.00000E-02 <UV> 
 1.50810E-01  4.66440E-12  2.33220E-13  4.99966E-02 <UV> 
 1.51564E-01  4.24453E-12  2.12227E-13  5.00051E-02 <UV> 
 1.52322E-01  5.57564E-12  2.78782E-13  4.99992E-02 <UV> 
 1.53084E-01  4.38769E-12  2.19385E-13  4.99987E-02 <UV> 
 1.53849E-01  5.00892E-12  2.50446E-13  4.99970E-02 <UV> 
 1.54618E-01  1.82546E-11  9.12728E-13  5.00005E-02 <UV> 
 1.55392E-01  1.47071E-11  7.35353E-13  5.00027E-02 <UV> 
 1.56169E-01  6.86091E-12  3.43045E-13  4.99972E-02 <UV> 
 1.56949E-01  4.75122E-12  2.37561E-13  5.00034E-02 <UV> 
 1.57734E-01  5.36154E-12  2.68077E-13  4.99955E-02 <UV> 
 1.58523E-01  5.72835E-12  2.86417E-13  5.00054E-02 <UV> 
 1.59315E-01  6.83505E-12  3.41752E-13  4.99951E-02 <UV> 
 1.60112E-01  7.53831E-12  3.76916E-13  5.00025E-02 <UV> 
 1.60913E-01  6.23327E-12  3.11664E-13  5.00023E-02 <UV> 
 1.61717E-01  5.99691E-12  2.99846E-13  4.99947E-02 <UV> 
 1.62526E-01  5.59807E-12  2.79903E-13  5.00044E-02 <UV> 
 1.63338E-01  6.94722E-12  3.47361E-13  5.00005E-02 <UV> 
 1.64155E-01  1.27058E-11  6.35288E-13  4.99954E-02 <UV> 
 1.64976E-01  5.14231E-12  2.57116E-13  5.00013E-02 <UV> 
 1.65801E-01  6.79980E-12  3.39990E-13  4.99998E-02 <UV> 
 1.66630E-01  4.66097E-12  2.33048E-13  5.00031E-02 <UV> 
 1.67463E-01  3.69812E-12  1.84906E-13  4.99991E-02 <UV> 
 1.68300E-01  3.52816E-12  1.76408E-13  4.99999E-02 <UV> 
 1.69142E-01  3.21745E-12  1.60872E-13  4.99995E-02 <UV> 
 1.69987E-01  3.36116E-12  1.68058E-13  4.99978E-02 <UV> 
 1.70837E-01  3.77188E-12  1.88594E-13  5.00008E-02 <UV> 
 1.71691E-01  4.61304E-12  2.30652E-13  5.00025E-02 <UV> 
 1.72550E-01  4.43690E-12  2.21845E-13  4.99971E-02 <UV> 
 1.73413E-01  4.36598E-12  2.18299E-13  5.00021E-02 <UV> 
 1.74280E-01  4.97518E-12  2.48759E-13  5.00001E-02 <UV> 
 1.75151E-01  4.82105E-12  2.41053E-13  5.00025E-02 <UV> 
 1.76027E-01  4.62143E-12  2.31072E-13  4.99980E-02 <UV> 
 1.76907E-01  4.49981E-12  2.24990E-13  4.99980E-02 <UV> 
 1.77792E-01  4.48223E-12  2.24112E-13  5.00024E-02 <UV> 
 1.78681E-01  4.30229E-12  2.15114E-13  4.99998E-02 <UV> 
 1.79574E-01  3.97167E-12  1.98584E-13  5.00017E-02 <UV> 
 1.80472E-01  6.77759E-12  3.38879E-13  4.99967E-02 <UV> 
 1.81374E-01  5.18424E-12  2.59212E-13  5.00016E-02 <UV> 
 1.82281E-01  4.98074E-12  2.49037E-13  4.99997E-02 <UV> 
 1.83193E-01  4.23418E-12  2.11709E-13  5.00020E-02 <UV> 
 1.84109E-01  4.36269E-12  2.18135E-13  4.99977E-02 <UV> 
 1.85029E-01  4.48381E-12  2.24190E-13  4.99976E-02 <UV> 
 1.85954E-01  4.17456E-12  2.08728E-13  5.00016E-02 <UV> 
 1.86884E-01  4.13795E-12  2.06897E-13  4.99990E-02 <UV> 
 1.87818E-01  4.43031E-12  2.21516E-13  5.00005E-02 <UV> 
 1.88757E-01  4.39929E-12  2.19965E-13  5.00007E-02 <UV> 
 1.89701E-01  6.30227E-12  3.15114E-13  4.99997E-02 <UV> 
 1.90650E-01  4.65364E-12  2.32682E-13  5.00027E-02 <UV> 
 1.91603E-01  4.24094E-12  2.12047E-13  4.99992E-02 <UV> 
 1.92561E-01  5.35739E-12  2.67870E-13  4.99997E-02 <UV> 
 1.93524E-01  5.23095E-12  2.61547E-13  4.99990E-02 <UV> 
 1.94491E-01  5.08052E-12  2.54026E-13  5.00022E-02 <UV> 
 1.95464E-01  5.23265E-12  2.61632E-13  4.99990E-02 <UV> 
 1.96441E-01  4.66642E-12  2.33321E-13  4.99997E-02 <UV> 
 1.97423E-01  4.82829E-12  2.41414E-13  4.99991E-02 <UV> 
 1.98411E-01  5.15943E-12  2.57971E-13  5.00024E-02 <UV> 
 1.99403E-01  5.75053E-12  2.87527E-13  4.99993E-02 <UV> 
 2.00400E-01  5.17394E-12  2.58697E-13  5.00001E-02 <UV> 
 2.01402E-01  5.11252E-12  2.55626E-13  4.99996E-02 <UV> 
 2.02409E-01  5.05046E-12  2.52523E-13  4.99979E-02 <UV> 
 2.03421E-01  5.12744E-12  2.56372E-13  4.99999E-02 <UV> 
 2.04438E-01  5.04920E-12  2.52460E-13  5.00006E-02 <UV> 
 2.05460E-01  5.43008E-12  2.71504E-13  5.00000E-02 <UV> 
 2.06487E-01  5.42320E-12  2.71160E-13  4.99983E-02 <UV> 
 2.07520E-01  5.30667E-12  2.65334E-13  5.00001E-02 <UV> 
 2.08557E-01  5.54470E-12  2.77235E-13  5.00007E-02 <UV> 
 2.09600E-01  5.49160E-12  2.74580E-13  5.00000E-02 <UV> 
 2.10648E-01  5.58660E-12  2.79330E-13  5.00028E-02 <UV> 
 2.11701E-01  5.69767E-12  2.84883E-13  4.99997E-02 <UV> 
 2.12760E-01  5.49542E-12  2.74771E-13  5.00000E-02 <UV> 
 2.13824E-01  5.72637E-12  2.86318E-13  4.99992E-02 <UV> 
 2.14893E-01  5.97539E-12  2.98770E-13  5.00017E-02 <UV> 
 2.15967E-01  5.99631E-12  2.99815E-13  4.99983E-02 <UV> 
 2.17047E-01  5.98917E-12  2.99459E-13  4.99984E-02 <UV> 
 2.18132E-01  6.21605E-12  3.10802E-13  5.00018E-02 <UV> 
 2.19223E-01  6.24890E-12  3.12445E-13  4.99993E-02 <UV> 
 2.20319E-01  6.37649E-12  3.18825E-13  5.00002E-02 <UV> 
 2.21421E-01  6.66410E-12  3.33205E-13  4.99999E-02 <UV> 
 2.22528E-01  6.94883E-12  3.47441E-13  4.99983E-02 <UV> 
 2.23640E-01  6.80162E-12  3.40081E-13  4.99999E-02 <UV> 
 2.24759E-01  7.98401E-12  3.99200E-13  5.00003E-02 <UV> 
 2.25882E-01  8.07276E-12  4.03638E-13  4.99995E-02 <UV> 
 2.27012E-01  7.47802E-12  3.73901E-13  5.00018E-02 <UV> 
 2.28147E-01  8.70944E-12  4.35472E-13  4.99985E-02 <UV> 
 2.29288E-01  8.57577E-12  4.28788E-13  5.00027E-02 <UV> 
 2.30434E-01  8.32747E-12  4.16373E-13  4.99970E-02 <UV> 
 2.31586E-01  9.98840E-12  4.99420E-13  5.00030E-02 <UV> 
 2.32744E-01  1.94446E-11  9.72231E-13  4.99991E-02 <UV> 
 2.33908E-01  1.36886E-11  6.84431E-13  4.99983E-02 <UV> 
 2.35077E-01  1.25513E-11  6.27566E-13  5.00006E-02 <UV> 
 2.36253E-01  1.43190E-11  7.15948E-13  5.00015E-02 <UV> 
 2.37434E-01  1.42461E-11  7.12307E-13  4.99971E-02 <UV> 
 2.38621E-01  1.65927E-11  8.29635E-13  5.00040E-02 <UV> 
 2.39814E-01  1.45773E-11  7.28865E-13  4.99970E-02 <UV> 
 2.41013E-01  1.55186E-11  7.75928E-13  5.00014E-02 <UV> 
 2.42218E-01  1.22440E-11  6.12201E-13  5.00003E-02 <UV> 
 2.43430E-01  1.34473E-11  6.72367E-13  4.99980E-02 <UV> 
 2.44647E-01  1.29197E-11  6.45983E-13  5.00027E-02 <UV> 
 2.45870E-01  1.34224E-11  6.71119E-13  4.99980E-02 <UV> 
 2.47099E-01  1.37934E-11  6.89669E-13  5.00002E-02 <UV> 
 2.48335E-01  1.47044E-11  7.35218E-13  5.00011E-02 <UV> 
 2.49576E-01  1.49884E-11  7.49419E-13  5.00007E-02 <UV> 
 2.50824E-01  1.54125E-11  7.70623E-13  4.99991E-02 <UV> 
 2.52078E-01  1.54447E-11  7.72233E-13  5.00003E-02 <UV> 
 2.53339E-01  1.51562E-11  7.57811E-13  5.00002E-02 <UV> 
 2.54605E-01  1.54929E-11  7.74644E-13  4.99989E-02 <UV> 
 2.55879E-01  1.57682E-11  7.88412E-13  5.00003E-02 <UV> 
 2.57158E-01  1.57609E-11  7.88046E-13  5.00004E-02 <UV> 
 2.58444E-01  1.88876E-11  9.44382E-13  4.99993E-02 <UV> 
 2.59736E-01  2.25557E-11  1.12778E-12  5.00008E-02 <UV> 
 2.61035E-01  2.48838E-11  1.24419E-12  5.00010E-02 <UV> 
 2.62340E-01  2.91919E-11  1.45959E-12  5.00000E-02 <UV> 
 2.63651E-01  2.10355E-11  1.05177E-12  4.99978E-02 <UV> 
 2.64970E-01  1.67248E-11  8.36240E-13  5.00019E-02 <UV> 
 2.66295E-01  1.86516E-11  9.32582E-13  4.99973E-02 <UV> 
 2.67626E-01  1.85298E-11  9.26489E-13  5.00026E-02 <UV> 
 2.68964E-01  1.83485E-11  9.17427E-13  4.99992E-02 <UV> 
 2.70309E-01  1.83870E-11  9.19349E-13  4.99983E-02 <UV> 
 2.71661E-01  2.11919E-11  1.05960E-12  4.99999E-02 <UV> 
 2.73019E-01  2.29618E-11  1.14809E-12  5.00002E-02 <UV> 
 2.74384E-01  2.77092E-11  1.38546E-12  4.99993E-02 <UV> 
 2.75756E-01  2.44163E-11  1.22082E-12  5.00008E-02 <UV> 
 2.77135E-01  2.32597E-11  1.16299E-12  5.00010E-02 <UV> 
 2.78520E-01  3.51576E-11  1.75788E-12  4.99999E-02 <UV> 
 2.79913E-01  1.51366E-10  7.56831E-12  5.00013E-02 <UV> 
 2.81313E-01  3.24109E-11  1.62054E-12  4.99978E-02 <UV> 
 2.82719E-01  2.43276E-11  1.21638E-12  5.00002E-02 <UV> 
 2.84133E-01  2.54259E-11  1.27129E-12  5.00013E-02 <UV> 
 2.85553E-01  2.62717E-11  1.31359E-12  4.99977E-02 <UV> 
 2.86981E-01  2.38806E-11  1.19403E-12  5.00033E-02 <UV> 
 2.88416E-01  2.50141E-11  1.25071E-12  4.99972E-02 <UV> 
 2.89858E-01  2.44948E-11  1.22474E-12  5.00003E-02 <UV> 
 2.91307E-01  2.54564E-11  1.27282E-12  5.00022E-02 <UV> 
 2.92764E-01  2.83262E-11  1.41631E-12  4.99993E-02 <UV> 
 2.94228E-01  2.78512E-11  1.39256E-12  4.99987E-02 <UV> 
 2.95699E-01  2.81690E-11  1.40845E-12  5.00002E-02 <UV> 
 2.97177E-01  2.82432E-11  1.41216E-12  5.00005E-02 <UV> 
 2.98663E-01  2.84602E-11  1.42301E-12  4.99995E-02 <UV> 
 3.00156E-01  2.99561E-11  1.49780E-12  5.00006E-02 <UV> 
 3.01657E-01  2.92047E-11  1.46024E-12  5.00004E-02 <UV> 
 3.03166E-01  3.00823E-11  1.50412E-12  4.99991E-02 <UV> 
 3.04681E-01  3.19882E-11  1.59941E-12  4.99998E-02 <UV> 
 3.06205E-01  3.18061E-11  1.59031E-12  4.99992E-02 <UV> 
 3.07736E-01  3.29730E-11  1.64865E-12  5.00007E-02 <UV> 
 3.09275E-01  3.35665E-11  1.67832E-12  5.00009E-02 <UV> 
 3.10821E-01  3.60667E-11  1.80334E-12  4.99999E-02 <UV> 
 3.12375E-01  3.68874E-11  1.84437E-12  5.00008E-02 <UV> 
 3.13937E-01  3.78969E-11  1.89484E-12  5.00005E-02 <UV> 
 3.15507E-01  3.32421E-11  1.66210E-12  4.97517E-02 <UV> 
