 4.43400E-01  5.44271E-11  5.44271E-12  1.00000E+00 JOHNSON.B 
 4.67700E-01  7.08169E-11  3.54085E-12  1.00000E+00 SDSS.G 
 5.49300E-01  1.13259E-10  2.24274E-11  1.00000E+00 JOHNSON.V 
 6.16800E-01  2.14642E-10  1.07321E-11  1.00000E+00 SDSS.R 
 6.24700E-01  2.28475E-10  1.34679E-11  1.00000E+00 SDSS.RP 
 7.49600E-01  3.39838E-10  1.69919E-11  1.00000E+00 SDSS.I 
 7.87500E-01  3.54452E-10  5.54968E-11  1.00000E+00 COUSINS.I 
 1.23930E+00  6.10398E-10  3.05199E-11  1.00000E+00 2MASS.J 
 1.64950E+00  8.01088E-10  4.00544E-11  1.00000E+00 2MASS.H 
 2.16390E+00  7.06858E-10  3.53429E-11  1.00000E+00 2MASS.KS 
 3.36820E+00  5.37138E-10  2.68569E-11  1.00000E+00 WISE.W1 
 3.60000E+00  4.66344E-10  2.33172E-11  1.00000E+00 IRAC.36 
 4.50000E+00  3.73075E-10  1.86538E-11  1.00000E+00 IRAC.45 
 4.61790E+00  4.14726E-10  2.07363E-11  1.00000E+00 WISE.W2 
 5.80000E+00  2.79117E-10  1.39559E-11  1.00000E+00 IRAC.58 
 9.09950E+00  1.79688E-10  1.51881E-11  1.00000E+00 AKARI.S9W 
 1.14099E+01  2.10461E-10  2.73599E-11  1.00000E+00 IRAS.F12 
 1.20730E+01  1.41039E-10  7.05194E-12  1.00000E+00 WISE.W3 
 1.95050E+01  1.24543E-10  6.22717E-12  1.00000E+00 AKARI.L18W 
 2.21943E+01  1.22848E-10  6.14239E-12  1.00000E+00 WISE.W4 
 2.40000E+01  1.26163E-10  6.30813E-12  1.00000E+00 MIPS.24 
 6.31800E+01  6.54817E-11  4.74505E-12  1.00000E+00 mono 
 7.00000E+01  6.93805E-11  5.99585E-12  1.00000E+00 MIPS.70 
 7.28400E+01  6.66754E-11  4.11577E-12  1.00000E+00 mono 
 7.87400E+01  5.97757E-11  3.80737E-12  1.00000E+00 mono 
 9.01600E+01  6.31772E-11  3.32512E-12  1.00000E+00 mono 
 1.45530E+02  4.20241E-11  2.10120E-12  1.00000E+00 mono 
 1.57740E+02  4.50430E-11  2.25215E-12  1.00000E+00 mono 
 1.79530E+02  4.20808E-11  2.10404E-12  1.00000E+00 mono 
 1.89570E+02  3.25775E-11  1.62888E-12  1.00000E+00 mono 
 8.50000E+02  1.14274E-12  5.71369E-14  1.00000E+00 SCUBA.850NB 
 1.30000E+03  2.88954E-13  1.44477E-14  1.00000E+00 generic 
 2.70000E+03  2.10965E-14  1.05483E-15  1.00000E+00 generic 
 5.18700E+00  3.31298E-10  1.65649E-11  5.82225E-02 SpitzerIRS 
 5.21720E+00  3.00206E-10  1.50103E-11  5.80771E-02 SpitzerIRS 
 5.24750E+00  2.87292E-10  1.43646E-11  5.75512E-02 SpitzerIRS 
 5.27770E+00  2.87472E-10  1.43736E-11  5.74114E-02 SpitzerIRS 
 5.30800E+00  2.78731E-10  1.39366E-11  5.68953E-02 SpitzerIRS 
 5.33820E+00  2.74616E-10  1.37308E-11  5.67607E-02 SpitzerIRS 
 5.36850E+00  2.77221E-10  1.38610E-11  5.62541E-02 SpitzerIRS 
 5.39870E+00  2.75220E-10  1.37610E-11  5.59394E-02 SpitzerIRS 
 5.42890E+00  2.72358E-10  1.36179E-11  5.58124E-02 SpitzerIRS 
 5.45920E+00  2.68623E-10  1.34311E-11  5.53195E-02 SpitzerIRS 
 5.48940E+00  2.59958E-10  1.29979E-11  5.51973E-02 SpitzerIRS 
 5.51970E+00  2.59199E-10  1.29599E-11  5.47131E-02 SpitzerIRS 
 5.54990E+00  2.60727E-10  1.30363E-11  5.45956E-02 SpitzerIRS 
 5.58020E+00  2.54025E-10  1.27012E-11  5.41199E-02 SpitzerIRS 
 5.61040E+00  2.53929E-10  1.26965E-11  5.38286E-02 SpitzerIRS 
 5.64060E+00  2.60186E-10  1.30093E-11  5.37177E-02 SpitzerIRS 
 5.67090E+00  2.52452E-10  1.26226E-11  5.32543E-02 SpitzerIRS 
 5.70110E+00  2.50431E-10  1.25215E-11  5.31476E-02 SpitzerIRS 
 5.73140E+00  2.48987E-10  1.24493E-11  5.26922E-02 SpitzerIRS 
 5.76160E+00  2.49138E-10  1.24569E-11  5.24160E-02 SpitzerIRS 
 5.79180E+00  2.45344E-10  1.22672E-11  5.23153E-02 SpitzerIRS 
 5.82210E+00  2.43455E-10  1.21727E-11  5.18713E-02 SpitzerIRS 
 5.85230E+00  2.40482E-10  1.20241E-11  5.17745E-02 SpitzerIRS 
 5.88260E+00  2.43127E-10  1.21564E-11  5.13378E-02 SpitzerIRS 
 5.91280E+00  2.33007E-10  1.16504E-11  5.10756E-02 SpitzerIRS 
 5.94300E+00  2.33897E-10  1.16948E-11  5.09844E-02 SpitzerIRS 
 5.97330E+00  2.32414E-10  1.16207E-11  5.05583E-02 SpitzerIRS 
 6.00350E+00  2.28359E-10  1.14179E-11  5.04706E-02 SpitzerIRS 
 6.03380E+00  2.29304E-10  1.14652E-11  5.00514E-02 SpitzerIRS 
 6.06400E+00  2.27964E-10  1.13982E-11  4.99670E-02 SpitzerIRS 
 6.09430E+00  2.23904E-10  1.11952E-11  4.95545E-02 SpitzerIRS 
 6.12450E+00  2.19481E-10  1.09740E-11  4.93101E-02 SpitzerIRS 
 6.15470E+00  2.15827E-10  1.07913E-11  4.92307E-02 SpitzerIRS 
 6.18500E+00  2.17765E-10  1.08883E-11  4.88278E-02 SpitzerIRS 
 6.21520E+00  2.17107E-10  1.08554E-11  4.87514E-02 SpitzerIRS 
 6.24550E+00  2.13476E-10  1.06738E-11  4.83548E-02 SpitzerIRS 
 6.27570E+00  2.08016E-10  1.04008E-11  4.82815E-02 SpitzerIRS 
 6.30600E+00  2.05158E-10  1.02579E-11  4.78909E-02 SpitzerIRS 
 6.33620E+00  2.04355E-10  1.02177E-11  4.76626E-02 SpitzerIRS 
 6.36640E+00  2.06588E-10  1.03294E-11  4.75936E-02 SpitzerIRS 
 6.39670E+00  2.12086E-10  1.06043E-11  4.72118E-02 SpitzerIRS 
 6.42690E+00  2.09513E-10  1.04756E-11  4.71456E-02 SpitzerIRS 
 6.45720E+00  2.11371E-10  1.05686E-11  4.67695E-02 SpitzerIRS 
 6.48740E+00  2.10401E-10  1.05200E-11  4.67059E-02 SpitzerIRS 
 6.51770E+00  2.05932E-10  1.02966E-11  4.63354E-02 SpitzerIRS 
 6.54790E+00  2.11543E-10  1.05771E-11  4.61217E-02 SpitzerIRS 
 6.57810E+00  2.09519E-10  1.04759E-11  4.60619E-02 SpitzerIRS 
 6.60840E+00  2.18557E-10  1.09278E-11  4.56994E-02 SpitzerIRS 
 6.63860E+00  2.17689E-10  1.08844E-11  4.56422E-02 SpitzerIRS 
 6.66890E+00  2.05367E-10  1.02683E-11  4.52848E-02 SpitzerIRS 
 6.69910E+00  1.96261E-10  9.81303E-12  4.52300E-02 SpitzerIRS 
 6.72940E+00  1.93265E-10  9.66327E-12  4.48777E-02 SpitzerIRS 
 6.75960E+00  1.90796E-10  9.53982E-12  4.46772E-02 SpitzerIRS 
 6.78980E+00  1.95851E-10  9.79255E-12  4.46258E-02 SpitzerIRS 
 6.82010E+00  1.96889E-10  9.84443E-12  4.42809E-02 SpitzerIRS 
 6.85030E+00  1.93185E-10  9.65924E-12  4.42316E-02 SpitzerIRS 
 6.88060E+00  1.87790E-10  9.38948E-12  4.38915E-02 SpitzerIRS 
 6.91080E+00  1.87277E-10  9.36385E-12  4.36997E-02 SpitzerIRS 
 6.94100E+00  1.88017E-10  9.40085E-12  4.36537E-02 SpitzerIRS 
 6.97130E+00  1.85764E-10  9.28818E-12  4.33205E-02 SpitzerIRS 
 7.00150E+00  1.78809E-10  8.94046E-12  4.32764E-02 SpitzerIRS 
 7.03180E+00  1.80836E-10  9.04178E-12  4.29478E-02 SpitzerIRS 
 7.06200E+00  1.83959E-10  9.19797E-12  4.27641E-02 SpitzerIRS 
 7.09220E+00  1.81718E-10  9.08588E-12  4.27230E-02 SpitzerIRS 
 7.12250E+00  1.80578E-10  9.02892E-12  4.24008E-02 SpitzerIRS 
 7.15270E+00  1.81107E-10  9.05534E-12  4.23616E-02 SpitzerIRS 
 7.18300E+00  1.78774E-10  8.93868E-12  4.20437E-02 SpitzerIRS 
 7.21320E+00  1.73482E-10  8.67412E-12  4.20063E-02 SpitzerIRS 
 7.24350E+00  1.72306E-10  8.61528E-12  4.16926E-02 SpitzerIRS 
 7.27370E+00  1.75362E-10  8.76808E-12  4.15194E-02 SpitzerIRS 
 7.30390E+00  1.75855E-10  8.79277E-12  4.14847E-02 SpitzerIRS 
 7.33420E+00  1.75963E-10  8.79814E-12  4.11770E-02 SpitzerIRS 
 7.36440E+00  1.72860E-10  8.64299E-12  4.11439E-02 SpitzerIRS 
 7.39470E+00  1.71564E-10  8.57818E-12  4.08401E-02 SpitzerIRS 
 7.42490E+00  1.73385E-10  8.66927E-12  4.08086E-02 SpitzerIRS 
 7.45520E+00  1.75122E-10  8.75608E-12  4.05086E-02 SpitzerIRS 
 7.48540E+00  1.79686E-10  8.98428E-12  4.03452E-02 SpitzerIRS 
 7.51560E+00  1.68205E-10  8.41027E-12  4.03161E-02 SpitzerIRS 
 7.54590E+00  1.71495E-10  8.57475E-12  4.00217E-02 SpitzerIRS 
 7.57610E+00  1.74531E-10  8.72655E-12  7.98564E-02 SpitzerIRS 
 7.63660E+00  1.73235E-10  8.66174E-12  7.92237E-02 SpitzerIRS 
 7.69710E+00  1.72298E-10  8.61488E-12  7.86010E-02 SpitzerIRS 
 7.75760E+00  1.72334E-10  8.61668E-12  7.78591E-02 SpitzerIRS 
 7.81800E+00  1.68839E-10  8.44197E-12  7.73855E-02 SpitzerIRS 
 7.87850E+00  1.69978E-10  8.49891E-12  7.67913E-02 SpitzerIRS 
 7.93900E+00  1.73139E-10  8.65694E-12  7.62061E-02 SpitzerIRS 
 7.99950E+00  1.74277E-10  8.71383E-12  7.56297E-02 SpitzerIRS 
 8.06000E+00  1.76747E-10  8.83737E-12  7.50620E-02 SpitzerIRS 
 8.12050E+00  1.76032E-10  8.80162E-12  7.45028E-02 SpitzerIRS 
 8.18100E+00  1.79773E-10  8.98864E-12  7.38296E-02 SpitzerIRS 
 8.24140E+00  1.83381E-10  9.16904E-12  7.34099E-02 SpitzerIRS 
 8.30190E+00  1.87226E-10  9.36131E-12  7.28749E-02 SpitzerIRS 
 8.36240E+00  1.88668E-10  9.43340E-12  7.23477E-02 SpitzerIRS 
 8.42290E+00  1.86466E-10  9.32329E-12  7.18280E-02 SpitzerIRS 
 8.48340E+00  1.87451E-10  9.37253E-12  7.13157E-02 SpitzerIRS 
 8.54390E+00  1.90316E-10  9.51582E-12  7.06937E-02 SpitzerIRS 
 8.60430E+00  1.93569E-10  9.67846E-12  7.03137E-02 SpitzerIRS 
 8.66480E+00  1.95857E-10  9.79287E-12  6.98227E-02 SpitzerIRS 
 8.72530E+00  1.98767E-10  9.93834E-12  6.93386E-02 SpitzerIRS 
 8.78580E+00  1.97224E-10  9.86120E-12  6.88611E-02 SpitzerIRS 
 8.84630E+00  2.00532E-10  1.00266E-11  6.83902E-02 SpitzerIRS 
 8.90680E+00  2.03299E-10  1.01650E-11  6.78134E-02 SpitzerIRS 
 8.96720E+00  2.09081E-10  1.04541E-11  6.74681E-02 SpitzerIRS 
 9.02770E+00  2.16922E-10  1.08461E-11  6.70160E-02 SpitzerIRS 
 9.08820E+00  2.19829E-10  1.09914E-11  6.65698E-02 SpitzerIRS 
 9.14870E+00  2.23202E-10  1.11601E-11  6.61296E-02 SpitzerIRS 
 9.20920E+00  2.26755E-10  1.13378E-11  6.56952E-02 SpitzerIRS 
 9.26970E+00  2.28422E-10  1.14211E-11  6.51585E-02 SpitzerIRS 
 9.33010E+00  2.28544E-10  1.14272E-11  6.48439E-02 SpitzerIRS 
 9.39060E+00  2.32492E-10  1.16246E-11  6.44261E-02 SpitzerIRS 
 9.45110E+00  2.33329E-10  1.16664E-11  6.40137E-02 SpitzerIRS 
 9.51160E+00  2.34539E-10  1.17270E-11  6.36065E-02 SpitzerIRS 
 9.57210E+00  2.33583E-10  1.16792E-11  6.32045E-02 SpitzerIRS 
 9.63260E+00  2.31817E-10  1.15909E-11  6.28075E-02 SpitzerIRS 
 9.69310E+00  2.31029E-10  1.15515E-11  6.23124E-02 SpitzerIRS 
 9.75350E+00  2.30539E-10  1.15270E-11  6.20290E-02 SpitzerIRS 
 9.81400E+00  2.30074E-10  1.15037E-11  6.16466E-02 SpitzerIRS 
 9.87450E+00  2.29924E-10  1.14962E-11  6.12689E-02 SpitzerIRS 
 9.93500E+00  2.29752E-10  1.14876E-11  6.08958E-02 SpitzerIRS 
 9.99550E+00  2.27054E-10  1.13527E-11  6.05272E-02 SpitzerIRS 
 1.00560E+01  2.26117E-10  1.13059E-11  6.00636E-02 SpitzerIRS 
 1.01164E+01  2.24462E-10  1.12231E-11  5.98039E-02 SpitzerIRS 
 1.01769E+01  2.23525E-10  1.11763E-11  5.94484E-02 SpitzerIRS 
 1.02374E+01  2.20670E-10  1.10335E-11  5.90970E-02 SpitzerIRS 
 1.02979E+01  2.16532E-10  1.08266E-11  5.87498E-02 SpitzerIRS 
 1.03584E+01  2.15991E-10  1.07995E-11  5.83102E-02 SpitzerIRS 
 1.04188E+01  2.15421E-10  1.07710E-11  5.80681E-02 SpitzerIRS 
 1.04793E+01  2.11259E-10  1.05630E-11  5.77329E-02 SpitzerIRS 
 1.05398E+01  2.10211E-10  1.05106E-11  5.74015E-02 SpitzerIRS 
 1.06003E+01  2.07651E-10  1.03826E-11  5.70739E-02 SpitzerIRS 
 1.06608E+01  2.05421E-10  1.02711E-11  5.67500E-02 SpitzerIRS 
 1.07213E+01  2.05467E-10  1.02734E-11  5.63365E-02 SpitzerIRS 
 1.07817E+01  2.04121E-10  1.02061E-11  5.61136E-02 SpitzerIRS 
 1.08422E+01  1.99933E-10  9.99663E-12  5.58005E-02 SpitzerIRS 
 1.09027E+01  1.98523E-10  9.92617E-12  5.54908E-02 SpitzerIRS 
 1.09632E+01  1.96041E-10  9.80207E-12  5.51846E-02 SpitzerIRS 
 1.10237E+01  1.94305E-10  9.71524E-12  5.48818E-02 SpitzerIRS 
 1.10842E+01  1.92628E-10  9.63138E-12  5.45822E-02 SpitzerIRS 
 1.11447E+01  1.91251E-10  9.56255E-12  5.41962E-02 SpitzerIRS 
 1.12051E+01  1.92425E-10  9.62123E-12  5.39933E-02 SpitzerIRS 
 1.12656E+01  1.91423E-10  9.57116E-12  5.37033E-02 SpitzerIRS 
 1.13261E+01  1.84750E-10  9.23748E-12  5.34164E-02 SpitzerIRS 
 1.13866E+01  1.82944E-10  9.14719E-12  5.31326E-02 SpitzerIRS 
 1.14471E+01  1.78887E-10  8.94433E-12  5.28518E-02 SpitzerIRS 
 1.15076E+01  1.71816E-10  8.59081E-12  5.24871E-02 SpitzerIRS 
 1.15680E+01  1.69198E-10  8.45991E-12  5.22994E-02 SpitzerIRS 
 1.16285E+01  1.65714E-10  8.28570E-12  5.20273E-02 SpitzerIRS 
 1.16890E+01  1.60753E-10  8.03764E-12  5.17581E-02 SpitzerIRS 
 1.17495E+01  1.58369E-10  7.91843E-12  5.14916E-02 SpitzerIRS 
 1.18100E+01  1.51105E-10  7.55523E-12  5.12278E-02 SpitzerIRS 
 1.18705E+01  1.46693E-10  7.33463E-12  5.08824E-02 SpitzerIRS 
 1.19309E+01  1.44608E-10  7.23041E-12  5.07087E-02 SpitzerIRS 
 1.19914E+01  1.42389E-10  7.11943E-12  5.04528E-02 SpitzerIRS 
 1.20519E+01  1.38139E-10  6.90695E-12  5.01996E-02 SpitzerIRS 
 1.21124E+01  1.34105E-10  6.70526E-12  4.99488E-02 SpitzerIRS 
 1.21729E+01  1.32148E-10  6.60741E-12  4.97006E-02 SpitzerIRS 
 1.22334E+01  1.30691E-10  6.53454E-12  4.93730E-02 SpitzerIRS 
 1.22938E+01  1.30076E-10  6.50378E-12  4.92118E-02 SpitzerIRS 
 1.23543E+01  1.29111E-10  6.45555E-12  4.89708E-02 SpitzerIRS 
 1.24148E+01  1.27617E-10  6.38086E-12  4.87322E-02 SpitzerIRS 
 1.24753E+01  1.26513E-10  6.32565E-12  4.84958E-02 SpitzerIRS 
 1.25358E+01  1.23760E-10  6.18798E-12  4.82618E-02 SpitzerIRS 
 1.25963E+01  1.21092E-10  6.05461E-12  4.79506E-02 SpitzerIRS 
 1.26567E+01  1.20557E-10  6.02785E-12  4.78008E-02 SpitzerIRS 
 1.27172E+01  1.18463E-10  5.92315E-12  4.75734E-02 SpitzerIRS 
 1.27777E+01  1.17229E-10  5.86143E-12  4.73481E-02 SpitzerIRS 
 1.28382E+01  1.14789E-10  5.73947E-12  4.71250E-02 SpitzerIRS 
 1.28987E+01  1.12492E-10  5.62458E-12  4.69040E-02 SpitzerIRS 
 1.29592E+01  1.11462E-10  5.57311E-12  4.66850E-02 SpitzerIRS 
 1.30197E+01  1.10636E-10  5.53178E-12  4.63912E-02 SpitzerIRS 
 1.30801E+01  1.12210E-10  5.61052E-12  4.62535E-02 SpitzerIRS 
 1.31406E+01  1.10920E-10  5.54602E-12  4.60405E-02 SpitzerIRS 
 1.32011E+01  1.09819E-10  5.49097E-12  4.58295E-02 SpitzerIRS 
 1.32616E+01  1.10476E-10  5.52379E-12  4.56204E-02 SpitzerIRS 
 1.33221E+01  1.09817E-10  5.49083E-12  4.54133E-02 SpitzerIRS 
 1.33826E+01  1.06363E-10  5.31815E-12  4.51332E-02 SpitzerIRS 
 1.34430E+01  1.09471E-10  5.47356E-12  4.50048E-02 SpitzerIRS 
 1.35035E+01  1.08712E-10  5.43560E-12  4.48032E-02 SpitzerIRS 
 1.35640E+01  1.08713E-10  5.43567E-12  4.46034E-02 SpitzerIRS 
 1.36245E+01  1.08460E-10  5.42298E-12  4.44053E-02 SpitzerIRS 
 1.36850E+01  1.09446E-10  5.47228E-12  4.42090E-02 SpitzerIRS 
 1.37455E+01  1.07657E-10  5.38287E-12  4.39417E-02 SpitzerIRS 
 1.38059E+01  1.08279E-10  5.41394E-12  4.38218E-02 SpitzerIRS 
 1.38664E+01  1.09964E-10  5.49820E-12  4.36306E-02 SpitzerIRS 
 1.39269E+01  1.10255E-10  5.51274E-12  4.34411E-02 SpitzerIRS 
 1.39874E+01  1.09827E-10  5.49136E-12  1.19107E-01 SpitzerIRS 
 1.41540E+01  1.18930E-10  5.94650E-12  5.98417E-02 SpitzerIRS 
 1.42387E+01  1.15858E-10  5.79290E-12  5.94858E-02 SpitzerIRS 
 1.43234E+01  1.16083E-10  5.80417E-12  5.91340E-02 SpitzerIRS 
 1.44081E+01  1.14458E-10  5.72292E-12  5.87170E-02 SpitzerIRS 
 1.44927E+01  1.11842E-10  5.59208E-12  5.84432E-02 SpitzerIRS 
 1.45774E+01  1.11465E-10  5.57327E-12  5.81036E-02 SpitzerIRS 
 1.46621E+01  1.09770E-10  5.48852E-12  5.77680E-02 SpitzerIRS 
 1.47468E+01  1.08703E-10  5.43515E-12  5.74362E-02 SpitzerIRS 
 1.48315E+01  1.09786E-10  5.48931E-12  5.70408E-02 SpitzerIRS 
 1.49161E+01  1.10393E-10  5.51967E-12  5.67843E-02 SpitzerIRS 
 1.50008E+01  1.10336E-10  5.51679E-12  5.64637E-02 SpitzerIRS 
 1.50855E+01  1.06763E-10  5.33816E-12  5.60803E-02 SpitzerIRS 
 1.51701E+01  1.07759E-10  5.38793E-12  5.58335E-02 SpitzerIRS 
 1.52548E+01  1.07840E-10  5.39201E-12  5.55235E-02 SpitzerIRS 
 1.53395E+01  1.08290E-10  5.41452E-12  5.52169E-02 SpitzerIRS 
 1.54242E+01  1.07221E-10  5.36107E-12  5.49137E-02 SpitzerIRS 
 1.55089E+01  1.09866E-10  5.49330E-12  5.45493E-02 SpitzerIRS 
 1.55935E+01  1.10210E-10  5.51050E-12  5.43175E-02 SpitzerIRS 
 1.56782E+01  1.10051E-10  5.50253E-12  5.40241E-02 SpitzerIRS 
 1.57629E+01  1.10848E-10  5.54238E-12  5.37338E-02 SpitzerIRS 
 1.58476E+01  1.12607E-10  5.63033E-12  5.33835E-02 SpitzerIRS 
 1.59322E+01  1.12831E-10  5.64155E-12  5.31628E-02 SpitzerIRS 
 1.60169E+01  1.17116E-10  5.85579E-12  5.28816E-02 SpitzerIRS 
 1.61016E+01  1.17330E-10  5.86650E-12  5.26035E-02 SpitzerIRS 
 1.61863E+01  1.13805E-10  5.69023E-12  5.23282E-02 SpitzerIRS 
 1.62710E+01  1.15125E-10  5.75623E-12  5.19943E-02 SpitzerIRS 
 1.63556E+01  1.14500E-10  5.72499E-12  5.17865E-02 SpitzerIRS 
 1.64403E+01  1.17960E-10  5.89800E-12  5.15197E-02 SpitzerIRS 
 1.65250E+01  1.18859E-10  5.94297E-12  5.12557E-02 SpitzerIRS 
 1.66097E+01  1.19347E-10  5.96735E-12  5.09341E-02 SpitzerIRS 
 1.66943E+01  1.19358E-10  5.96791E-12  5.07359E-02 SpitzerIRS 
 1.67790E+01  1.20008E-10  6.00041E-12  5.04798E-02 SpitzerIRS 
 1.68637E+01  1.19091E-10  5.95453E-12  5.02262E-02 SpitzerIRS 
 1.69484E+01  1.23664E-10  6.18321E-12  4.99162E-02 SpitzerIRS 
 1.70330E+01  1.23226E-10  6.16130E-12  4.97270E-02 SpitzerIRS 
 1.71177E+01  1.23199E-10  6.15997E-12  4.94809E-02 SpitzerIRS 
 1.72024E+01  1.24043E-10  6.20214E-12  4.92373E-02 SpitzerIRS 
 1.72871E+01  1.24644E-10  6.23219E-12  4.89382E-02 SpitzerIRS 
 1.73717E+01  1.27276E-10  6.36380E-12  4.87575E-02 SpitzerIRS 
 1.74564E+01  1.26899E-10  6.34494E-12  4.85209E-02 SpitzerIRS 
 1.75411E+01  1.25387E-10  6.26935E-12  4.82866E-02 SpitzerIRS 
 1.76258E+01  1.27639E-10  6.38193E-12  4.80546E-02 SpitzerIRS 
 1.77105E+01  1.31023E-10  6.55115E-12  4.77683E-02 SpitzerIRS 
 1.77951E+01  1.26982E-10  6.34910E-12  4.75974E-02 SpitzerIRS 
 1.78798E+01  1.21380E-10  7.97276E-12  4.73719E-02 SpitzerIRS 
 1.79645E+01  1.25382E-10  6.26912E-12  4.71485E-02 SpitzerIRS 
 1.80492E+01  1.26403E-10  6.32017E-12  4.68719E-02 SpitzerIRS 
 1.81338E+01  1.32506E-10  6.62530E-12  4.67084E-02 SpitzerIRS 
 1.82185E+01  1.29563E-10  6.47816E-12  4.64912E-02 SpitzerIRS 
 1.83032E+01  1.29848E-10  6.49240E-12  4.62761E-02 SpitzerIRS 
 1.83879E+01  1.32049E-10  6.60246E-12  4.60085E-02 SpitzerIRS 
 1.84725E+01  1.34366E-10  6.71829E-12  4.58519E-02 SpitzerIRS 
 1.85572E+01  1.29510E-10  6.47551E-12  4.56427E-02 SpitzerIRS 
 1.86419E+01  1.29602E-10  6.48010E-12  4.54353E-02 SpitzerIRS 
 1.87266E+01  1.35656E-10  6.78282E-12  4.52298E-02 SpitzerIRS 
 1.88113E+01  1.35315E-10  6.76574E-12  4.49730E-02 SpitzerIRS 
 1.88959E+01  1.32653E-10  6.63264E-12  4.48245E-02 SpitzerIRS 
 1.89806E+01  1.35179E-10  6.75894E-12  4.46245E-02 SpitzerIRS 
 1.90653E+01  1.31985E-10  6.59926E-12  4.44263E-02 SpitzerIRS 
 1.91500E+01  1.32170E-10  6.60851E-12  4.41775E-02 SpitzerIRS 
 1.92346E+01  1.30607E-10  6.53034E-12  4.40352E-02 SpitzerIRS 
 1.93193E+01  1.32095E-10  6.60475E-12  4.38422E-02 SpitzerIRS 
 1.94040E+01  1.34330E-10  6.71652E-12  4.36508E-02 SpitzerIRS 
 1.94887E+01  1.31130E-10  6.55649E-12  4.34611E-02 SpitzerIRS 
 1.95734E+01  1.31368E-10  6.56840E-12  4.32219E-02 SpitzerIRS 
 1.96580E+01  1.31680E-10  6.58398E-12  4.30868E-02 SpitzerIRS 
 1.97427E+01  1.26348E-10  6.31741E-12  4.29019E-02 SpitzerIRS 
 1.98274E+01  1.27281E-10  6.36405E-12  4.27187E-02 SpitzerIRS 
 1.99121E+01  1.27986E-10  6.39931E-12  4.24867E-02 SpitzerIRS 
 1.99967E+01  1.26808E-10  6.34038E-12  4.23570E-02 SpitzerIRS 
 2.00814E+01  1.26540E-10  6.32700E-12  4.21783E-02 SpitzerIRS 
 2.01661E+01  1.24815E-10  6.24074E-12  4.20012E-02 SpitzerIRS 
 2.02508E+01  1.23652E-10  6.18259E-12  4.17761E-02 SpitzerIRS 
 2.03354E+01  1.27078E-10  6.35390E-12  4.16515E-02 SpitzerIRS 
 2.04201E+01  1.25664E-10  6.28321E-12  4.14787E-02 SpitzerIRS 
 2.05048E+01  1.28088E-10  6.40441E-12  4.13074E-02 SpitzerIRS 
 2.05895E+01  1.26516E-10  6.32579E-12  4.11375E-02 SpitzerIRS 
 2.06742E+01  1.25451E-10  6.27254E-12  8.18895E-02 SpitzerIRS 
 2.08435E+01  1.23355E-10  6.16773E-12  8.12723E-02 SpitzerIRS 
 2.10129E+01  1.21350E-10  6.06750E-12  8.05696E-02 SpitzerIRS 
 2.11822E+01  1.21238E-10  6.06189E-12  7.99728E-02 SpitzerIRS 
 2.13516E+01  1.23595E-10  6.17975E-12  7.92915E-02 SpitzerIRS 
 2.15209E+01  1.22408E-10  6.12041E-12  7.87142E-02 SpitzerIRS 
 2.16903E+01  1.20031E-10  6.00157E-12  7.80533E-02 SpitzerIRS 
 2.18596E+01  1.20276E-10  6.01379E-12  7.74946E-02 SpitzerIRS 
 2.20290E+01  1.19168E-10  5.95842E-12  7.68532E-02 SpitzerIRS 
 2.21983E+01  1.17536E-10  5.87679E-12  7.63122E-02 SpitzerIRS 
 2.23677E+01  1.14603E-10  5.73015E-12  7.56895E-02 SpitzerIRS 
 2.25370E+01  1.15455E-10  5.77277E-12  7.51653E-02 SpitzerIRS 
 2.27064E+01  1.16107E-10  5.80536E-12  7.45605E-02 SpitzerIRS 
 2.28757E+01  1.16549E-10  5.82746E-12  7.40524E-02 SpitzerIRS 
 2.30451E+01  1.16009E-10  5.80043E-12  7.35080E-02 SpitzerIRS 
 2.32145E+01  1.15367E-10  5.76837E-12  7.29286E-02 SpitzerIRS 
 2.33838E+01  1.14281E-10  5.71404E-12  7.24433E-02 SpitzerIRS 
 2.35532E+01  1.17932E-10  5.89658E-12  7.18798E-02 SpitzerIRS 
 2.37225E+01  1.17716E-10  5.88578E-12  7.14090E-02 SpitzerIRS 
 2.38919E+01  1.15487E-10  5.77434E-12  7.08608E-02 SpitzerIRS 
 2.40612E+01  1.15804E-10  6.41668E-12  7.04038E-02 SpitzerIRS 
 2.42306E+01  1.14718E-10  5.73588E-12  6.98703E-02 SpitzerIRS 
 2.43999E+01  1.16216E-10  5.81078E-12  6.94265E-02 SpitzerIRS 
 2.45693E+01  1.16201E-10  5.81006E-12  6.89071E-02 SpitzerIRS 
 2.47386E+01  1.14470E-10  5.72352E-12  6.84760E-02 SpitzerIRS 
 2.49080E+01  1.14197E-10  5.70987E-12  6.80103E-02 SpitzerIRS 
 2.50774E+01  1.13904E-10  5.69521E-12  6.75110E-02 SpitzerIRS 
 2.52467E+01  1.14128E-10  5.70642E-12  6.70583E-02 SpitzerIRS 
 2.54160E+01  1.11605E-10  5.58024E-12  6.66509E-02 SpitzerIRS 
 2.55854E+01  1.09545E-10  5.47726E-12  6.62096E-02 SpitzerIRS 
 2.57548E+01  1.08414E-10  5.42069E-12  6.57353E-02 SpitzerIRS 
 2.59241E+01  1.08470E-10  5.42351E-12  6.53446E-02 SpitzerIRS 
 2.60935E+01  1.08979E-10  5.44897E-12  6.48821E-02 SpitzerIRS 
 2.62628E+01  1.06747E-10  5.33736E-12  6.45019E-02 SpitzerIRS 
 2.64322E+01  1.07589E-10  5.37943E-12  6.40507E-02 SpitzerIRS 
 2.66015E+01  1.07939E-10  5.39697E-12  6.36806E-02 SpitzerIRS 
 2.67709E+01  1.07134E-10  5.35672E-12  6.32403E-02 SpitzerIRS 
 2.69402E+01  1.05033E-10  5.25167E-12  6.28800E-02 SpitzerIRS 
 2.71096E+01  1.06191E-10  5.30953E-12  6.24502E-02 SpitzerIRS 
 2.72789E+01  1.06527E-10  5.32637E-12  6.20993E-02 SpitzerIRS 
 2.74483E+01  1.05259E-10  5.26297E-12  6.16796E-02 SpitzerIRS 
 2.76176E+01  1.05315E-10  5.26577E-12  6.13377E-02 SpitzerIRS 
 2.77870E+01  1.01802E-10  5.09012E-12  6.09638E-02 SpitzerIRS 
 2.79564E+01  1.03969E-10  5.19847E-12  6.05586E-02 SpitzerIRS 
 2.81257E+01  1.04267E-10  5.21333E-12  6.02296E-02 SpitzerIRS 
 2.82951E+01  1.03872E-10  5.19361E-12  5.98337E-02 SpitzerIRS 
 2.84644E+01  1.03400E-10  5.16999E-12  5.95129E-02 SpitzerIRS 
 2.86338E+01  1.02507E-10  5.12537E-12  5.91259E-02 SpitzerIRS 
 2.88031E+01  9.94527E-11  4.97264E-12  5.88131E-02 SpitzerIRS 
 2.89725E+01  1.00083E-10  5.00415E-12  5.84347E-02 SpitzerIRS 
 2.91418E+01  9.99696E-11  4.99848E-12  5.81296E-02 SpitzerIRS 
 2.93112E+01  1.01085E-10  5.05423E-12  5.77595E-02 SpitzerIRS 
 2.94805E+01  1.00437E-10  5.02185E-12  5.74617E-02 SpitzerIRS 
 2.96499E+01  1.00394E-10  5.01970E-12  5.71334E-02 SpitzerIRS 
 2.98193E+01  9.63420E-11  4.81710E-12  5.67753E-02 SpitzerIRS 
 2.99886E+01  9.70777E-11  4.85389E-12  5.64881E-02 SpitzerIRS 
 3.01580E+01  9.93775E-11  4.96887E-12  5.61377E-02 SpitzerIRS 
 3.03273E+01  1.00583E-10  5.02916E-12  5.58573E-02 SpitzerIRS 
 3.04967E+01  1.00508E-10  5.02541E-12  5.55142E-02 SpitzerIRS 
 3.06660E+01  9.93149E-11  4.96575E-12  5.52403E-02 SpitzerIRS 
 3.08354E+01  9.85895E-11  4.92947E-12  5.49044E-02 SpitzerIRS 
 3.10047E+01  9.81043E-11  4.90521E-12  5.46369E-02 SpitzerIRS 
 3.11741E+01  9.81088E-11  4.90544E-12  5.43079E-02 SpitzerIRS 
 3.13434E+01  9.59509E-11  4.79755E-12  5.40465E-02 SpitzerIRS 
 3.15128E+01  9.38026E-11  4.69013E-12  5.37242E-02 SpitzerIRS 
 3.16821E+01  9.67268E-11  4.83634E-12  5.34687E-02 SpitzerIRS 
 3.18515E+01  9.74444E-11  4.87222E-12  5.31843E-02 SpitzerIRS 
 3.20209E+01  9.55742E-11  4.77871E-12  5.28717E-02 SpitzerIRS 
 3.21902E+01  9.79083E-11  4.89542E-12  5.26247E-02 SpitzerIRS 
 3.23596E+01  9.73652E-11  4.86826E-12  5.23183E-02 SpitzerIRS 
 3.25289E+01  9.80953E-11  4.90476E-12  5.20768E-02 SpitzerIRS 
 3.26983E+01  9.76265E-11  4.88132E-12  5.17764E-02 SpitzerIRS 
 3.28676E+01  9.77730E-11  4.88865E-12  5.15401E-02 SpitzerIRS 
 3.30370E+01  9.73933E-11  4.86967E-12  5.12456E-02 SpitzerIRS 
 3.32063E+01  9.53511E-11  4.76756E-12  5.10144E-02 SpitzerIRS 
 3.33757E+01  9.42761E-11  4.71381E-12  5.07255E-02 SpitzerIRS 
 3.35450E+01  9.80249E-11  4.90124E-12  5.04993E-02 SpitzerIRS 
 3.37144E+01  9.96700E-11  5.99507E-12  5.02159E-02 SpitzerIRS 
 3.38837E+01  9.76608E-11  4.88304E-12  4.99945E-02 SpitzerIRS 
 3.40531E+01  9.95757E-11  4.97879E-12  4.97458E-02 SpitzerIRS 
 3.42225E+01  9.56647E-11  4.78323E-12  4.94704E-02 SpitzerIRS 
 3.43918E+01  9.82909E-11  4.91454E-12  4.92559E-02 SpitzerIRS 
 3.45612E+01  9.61410E-11  4.80705E-12  4.89856E-02 SpitzerIRS 
 3.47305E+01  9.89491E-11  4.94745E-12  4.87756E-02 SpitzerIRS 
 3.48999E+01  9.90211E-11  4.95106E-12  4.85102E-02 SpitzerIRS 
 3.50692E+01  9.58264E-11  4.79132E-12  4.83045E-02 SpitzerIRS 
 3.52386E+01  9.23004E-11  4.61502E-12  4.80439E-02 SpitzerIRS 
 3.54079E+01  9.54617E-11  4.77309E-12  4.78424E-02 SpitzerIRS 
 3.55773E+01  9.88505E-11  4.94253E-12  4.75865E-02 SpitzerIRS 
 3.57466E+01  9.64660E-11  4.82330E-12  4.73891E-02 SpitzerIRS 
 3.59160E+01  9.56121E-11  4.78060E-12  4.71378E-02 SpitzerIRS 
 3.60853E+01  9.77074E-11  4.88537E-12  4.69166E-02 SpitzerIRS 
 1.91388E+02  4.06712E-11  2.03356E-12  4.80768E-02 SPIREspec 
 1.92308E+02  4.06216E-11  2.03108E-12  4.83091E-02 SPIREspec 
 1.93237E+02  4.05303E-11  2.02652E-12  4.85436E-02 SPIREspec 
 1.94175E+02  4.03580E-11  2.01790E-12  4.87811E-02 SPIREspec 
 1.95122E+02  4.00766E-11  2.00383E-12  4.90195E-02 SPIREspec 
 1.96078E+02  3.96790E-11  1.98395E-12  4.92610E-02 SPIREspec 
 1.97044E+02  3.91820E-11  1.95910E-12  4.95049E-02 SPIREspec 
 1.98020E+02  3.86210E-11  1.93105E-12  4.97512E-02 SPIREspec 
 1.99005E+02  3.80396E-11  1.90198E-12  4.99999E-02 SPIREspec 
 2.00000E+02  3.74789E-11  1.87394E-12  5.02512E-02 SPIREspec 
 2.01005E+02  3.69693E-11  1.84846E-12  5.05050E-02 SPIREspec 
 2.02020E+02  3.65290E-11  1.82645E-12  5.07613E-02 SPIREspec 
 2.03046E+02  3.61659E-11  1.80830E-12  5.10210E-02 SPIREspec 
 2.04082E+02  3.58809E-11  1.79404E-12  5.12820E-02 SPIREspec 
 2.05128E+02  3.56690E-11  1.78345E-12  5.15463E-02 SPIREspec 
 2.06186E+02  3.55192E-11  1.77596E-12  5.18134E-02 SPIREspec 
 2.07254E+02  3.54130E-11  1.77065E-12  5.20833E-02 SPIREspec 
 2.08333E+02  3.53260E-11  1.76630E-12  5.23559E-02 SPIREspec 
 2.09424E+02  3.52319E-11  1.76159E-12  5.26315E-02 SPIREspec 
 2.10526E+02  3.51084E-11  1.75542E-12  5.29100E-02 SPIREspec 
 2.11640E+02  3.49431E-11  1.74715E-12  5.31914E-02 SPIREspec 
 2.12766E+02  3.47349E-11  1.73675E-12  5.34766E-02 SPIREspec 
 2.13904E+02  3.44917E-11  1.72458E-12  5.37634E-02 SPIREspec 
 2.15054E+02  3.42251E-11  1.71126E-12  5.40540E-02 SPIREspec 
 2.16216E+02  3.39462E-11  1.69731E-12  5.43477E-02 SPIREspec 
 2.17391E+02  3.36632E-11  1.68316E-12  5.46447E-02 SPIREspec 
 2.18579E+02  3.33830E-11  1.66915E-12  5.49450E-02 SPIREspec 
 2.19780E+02  3.31127E-11  1.65563E-12  5.52485E-02 SPIREspec 
 2.20994E+02  3.28595E-11  1.64297E-12  5.55555E-02 SPIREspec 
 2.22222E+02  3.26288E-11  1.63144E-12  5.58666E-02 SPIREspec 
 2.23464E+02  3.24203E-11  1.62102E-12  5.61797E-02 SPIREspec 
 2.24719E+02  3.22262E-11  1.61131E-12  5.64971E-02 SPIREspec 
 2.25989E+02  3.20333E-11  1.60167E-12  5.68181E-02 SPIREspec 
 2.27273E+02  3.18289E-11  1.59144E-12  5.71428E-02 SPIREspec 
 2.28571E+02  3.16063E-11  1.58031E-12  5.74712E-02 SPIREspec 
 2.29885E+02  3.13678E-11  1.56839E-12  5.78034E-02 SPIREspec 
 2.31214E+02  3.11217E-11  1.55609E-12  5.81394E-02 SPIREspec 
 2.32558E+02  3.08755E-11  1.54377E-12  5.84794E-02 SPIREspec 
 2.33918E+02  3.06290E-11  1.53145E-12  5.88242E-02 SPIREspec 
 2.35294E+02  3.03737E-11  1.51869E-12  5.91715E-02 SPIREspec 
 2.36686E+02  3.00973E-11  1.50486E-12  5.95237E-02 SPIREspec 
 2.38095E+02  2.97935E-11  1.48968E-12  5.98801E-02 SPIREspec 
 2.39521E+02  2.94703E-11  1.47352E-12  6.02409E-02 SPIREspec 
 2.40964E+02  2.91507E-11  1.45753E-12  6.06060E-02 SPIREspec 
 2.42424E+02  2.88650E-11  1.44325E-12  6.09755E-02 SPIREspec 
 2.43902E+02  2.86384E-11  1.43192E-12  6.13496E-02 SPIREspec 
 2.45399E+02  2.84792E-11  1.42396E-12  6.17283E-02 SPIREspec 
 2.46914E+02  2.83754E-11  1.41877E-12  6.21125E-02 SPIREspec 
 2.48447E+02  2.82997E-11  1.41498E-12  6.24999E-02 SPIREspec 
 2.50000E+02  2.82221E-11  1.41111E-12  6.28930E-02 SPIREspec 
 2.51572E+02  2.81207E-11  1.40604E-12  6.32910E-02 SPIREspec 
 2.53165E+02  2.79872E-11  1.39936E-12  6.36942E-02 SPIREspec 
 2.54777E+02  2.78234E-11  1.39117E-12  6.41025E-02 SPIREspec 
 2.56410E+02  2.76345E-11  1.38172E-12  6.45160E-02 SPIREspec 
 2.58065E+02  2.74218E-11  1.37109E-12  6.49350E-02 SPIREspec 
 2.59740E+02  2.71819E-11  1.35910E-12  6.53594E-02 SPIREspec 
 2.61438E+02  2.69120E-11  1.34560E-12  6.57903E-02 SPIREspec 
 2.63158E+02  2.66161E-11  1.33080E-12  6.62251E-02 SPIREspec 
 2.64901E+02  2.63092E-11  1.31546E-12  6.66666E-02 SPIREspec 
 2.66667E+02  2.60143E-11  1.30072E-12  6.71140E-02 SPIREspec 
 2.68456E+02  2.57540E-11  1.28770E-12  6.75675E-02 SPIREspec 
 2.70270E+02  2.55408E-11  1.27704E-12  6.80271E-02 SPIREspec 
 2.72109E+02  2.53726E-11  1.26863E-12  6.84930E-02 SPIREspec 
 2.73973E+02  2.52352E-11  1.26176E-12  6.89654E-02 SPIREspec 
 2.75862E+02  2.51101E-11  1.25551E-12  6.94453E-02 SPIREspec 
 2.77778E+02  2.49832E-11  1.24916E-12  6.99300E-02 SPIREspec 
 2.79720E+02  2.48486E-11  1.24243E-12  7.04224E-02 SPIREspec 
 2.81690E+02  2.47065E-11  1.23532E-12  7.09219E-02 SPIREspec 
 2.83688E+02  2.45567E-11  1.22783E-12  7.14285E-02 SPIREspec 
 2.85714E+02  2.43934E-11  1.21967E-12  7.19423E-02 SPIREspec 
 2.87770E+02  2.42058E-11  1.21029E-12  7.24637E-02 SPIREspec 
 2.89855E+02  2.39837E-11  1.19919E-12  7.29926E-02 SPIREspec 
 2.91971E+02  2.37266E-11  1.18633E-12  7.35293E-02 SPIREspec 
 2.94118E+02  2.34488E-11  1.17244E-12  7.40750E-02 SPIREspec 
 2.96296E+02  2.27059E-11  1.13529E-12  7.46268E-02 SPIREspec 
 2.98507E+02  2.23397E-11  1.11698E-12  7.51877E-02 SPIREspec 
 3.00752E+02  2.26454E-11  1.13227E-12  7.57576E-02 SPIREspec 
 3.03030E+02  2.27777E-11  1.13888E-12  7.63359E-02 SPIREspec 
 3.05344E+02  2.27880E-11  1.13940E-12  7.69231E-02 SPIREspec 
 3.07692E+02  2.32221E-11  1.16111E-12  7.75194E-02 SPIREspec 
 3.10078E+02  2.28297E-11  1.14148E-12  7.81250E-02 SPIREspec 
 3.12500E+02  2.21874E-11  1.10937E-12  7.87402E-02 SPIREspec 
 3.14961E+02  2.25678E-11  1.12839E-12  7.93651E-02 SPIREspec 
 3.17460E+02  2.29808E-11  1.14904E-12  8.00000E-02 SPIREspec 
 3.20000E+02  2.27251E-11  1.13625E-12  8.06451E-02 SPIREspec 
 3.22581E+02  2.24228E-11  1.12114E-12  8.13008E-02 SPIREspec 
 3.25203E+02  2.20711E-11  1.10356E-12  8.19672E-02 SPIREspec 
 3.27869E+02  2.16630E-11  1.08315E-12  8.26446E-02 SPIREspec 
 3.30579E+02  2.11981E-11  1.05991E-12  8.33334E-02 SPIREspec 
 3.33333E+02  2.06905E-11  1.03452E-12  8.40336E-02 SPIREspec 
 3.36134E+02  2.01670E-11  1.00835E-12  8.47457E-02 SPIREspec 
 3.38983E+02  1.96599E-11  9.82996E-13  8.54701E-02 SPIREspec 
 3.41880E+02  1.91961E-11  9.59805E-13  8.62069E-02 SPIREspec 
 3.44828E+02  1.87905E-11  9.39524E-13  8.69565E-02 SPIREspec 
 3.47826E+02  1.84451E-11  9.22255E-13  8.77193E-02 SPIREspec 
 3.50877E+02  1.81533E-11  9.07667E-13  8.84957E-02 SPIREspec 
 3.53982E+02  1.79053E-11  8.95265E-13  8.92857E-02 SPIREspec 
 3.57143E+02  1.76907E-11  8.84537E-13  9.00901E-02 SPIREspec 
 3.60360E+02  1.74985E-11  8.74927E-13  9.09091E-02 SPIREspec 
 3.63636E+02  1.73146E-11  8.65730E-13  9.17431E-02 SPIREspec 
 3.66972E+02  1.71215E-11  8.56076E-13  9.25926E-02 SPIREspec 
 3.70370E+02  1.69020E-11  8.45101E-13  9.34579E-02 SPIREspec 
 3.73832E+02  1.66451E-11  8.32257E-13  9.43397E-02 SPIREspec 
 3.77358E+02  1.63519E-11  8.17597E-13  9.52381E-02 SPIREspec 
 3.80952E+02  1.60366E-11  8.01828E-13  9.61538E-02 SPIREspec 
 3.84615E+02  1.57211E-11  7.86053E-13  9.70874E-02 SPIREspec 
 3.88350E+02  1.54256E-11  7.71281E-13  9.80392E-02 SPIREspec 
 3.92157E+02  1.51587E-11  7.57934E-13  9.90099E-02 SPIREspec 
 3.96040E+02  1.49123E-11  7.45613E-13  1.00000E-01 SPIREspec 
 4.00000E+02  1.46646E-11  7.33232E-13  1.01010E-01 SPIREspec 
 4.04040E+02  1.43899E-11  7.19496E-13  1.02041E-01 SPIREspec 
 4.08163E+02  1.40696E-11  7.03478E-13  1.03093E-01 SPIREspec 
 4.12371E+02  1.37011E-11  6.85053E-13  1.04167E-01 SPIREspec 
 4.16667E+02  1.32994E-11  6.64969E-13  1.05263E-01 SPIREspec 
 4.21053E+02  1.28913E-11  6.44567E-13  1.06383E-01 SPIREspec 
 4.25532E+02  1.25054E-11  6.25270E-13  1.07527E-01 SPIREspec 
 4.30108E+02  1.21616E-11  6.08078E-13  1.08696E-01 SPIREspec 
 4.34783E+02  1.18659E-11  5.93293E-13  1.09890E-01 SPIREspec 
 4.39560E+02  1.16109E-11  5.80546E-13  1.11111E-01 SPIREspec 
 4.44444E+02  1.13816E-11  5.69080E-13  1.12360E-01 SPIREspec 
 4.49438E+02  1.11626E-11  5.58131E-13  1.13636E-01 SPIREspec 
 4.54545E+02  1.09446E-11  5.47228E-13  1.14943E-01 SPIREspec 
 4.59770E+02  1.07258E-11  5.36291E-13  1.16279E-01 SPIREspec 
 4.65116E+02  1.05103E-11  5.25517E-13  1.17647E-01 SPIREspec 
 4.70588E+02  1.03030E-11  5.15151E-13  1.19048E-01 SPIREspec 
 4.76190E+02  1.01053E-11  5.05267E-13  1.20482E-01 SPIREspec 
 4.81928E+02  9.91362E-12  4.95681E-13  1.21951E-01 SPIREspec 
 4.87805E+02  9.72041E-12  4.86020E-13  1.23457E-01 SPIREspec 
 4.93827E+02  9.51781E-12  4.75891E-13  1.21951E-01 SPIREspec 
 1.26491E-01  9.14140E-15  2.23304E-15  1.93912E-01 <UV> 
 1.28943E-01  1.23182E-14  3.24315E-15  9.99974E-02 <UV> 
 1.30233E-01  4.00939E-14  4.37969E-15  9.99979E-02 <UV> 
 1.31535E-01  1.65054E-14  3.20398E-15  1.00004E-01 <UV> 
 1.32851E-01  2.06030E-14  3.43563E-15  9.99996E-02 <UV> 
 1.34179E-01  2.85580E-14  3.68933E-15  1.00001E-01 <UV> 
 1.35521E-01  2.93560E-14  3.64199E-15  9.99994E-02 <UV> 
 1.36876E-01  1.87226E-14  2.92894E-15  9.99956E-02 <UV> 
 1.38245E-01  2.64399E-14  3.43498E-15  1.00004E-01 <UV> 
 1.39627E-01  5.14127E-14  4.49534E-15  1.00002E-01 <UV> 
 1.41023E-01  3.70782E-14  3.83714E-15  9.99975E-02 <UV> 
 1.42434E-01  2.84473E-14  3.69187E-15  9.99974E-02 <UV> 
 1.43858E-01  3.10751E-14  3.83664E-15  1.00001E-01 <UV> 
 1.45297E-01  4.56834E-14  4.44028E-15  1.00002E-01 <UV> 
 1.46750E-01  4.79999E-14  4.53191E-15  1.00000E-01 <UV> 
 1.48217E-01  3.36517E-14  3.91637E-15  9.99952E-02 <UV> 
 1.49699E-01  5.10353E-14  4.87061E-15  1.00001E-01 <UV> 
 1.51196E-01  4.73415E-14  4.55702E-15  1.00003E-01 <UV> 
 1.52708E-01  7.00947E-14  5.87191E-15  1.00001E-01 <UV> 
 1.54235E-01  9.83708E-14  7.15336E-15  9.99966E-02 <UV> 
 1.55778E-01  9.57331E-14  6.93243E-15  1.00002E-01 <UV> 
 1.57335E-01  8.64728E-14  6.94065E-15  1.00003E-01 <UV> 
 1.58909E-01  8.30362E-14  7.48723E-15  1.00001E-01 <UV> 
 1.60498E-01  8.80487E-14  7.52297E-15  9.99951E-02 <UV> 
 1.62103E-01  7.41577E-14  7.49058E-15  1.00004E-01 <UV> 
 1.63724E-01  9.23486E-14  8.93070E-15  9.99976E-02 <UV> 
 1.65361E-01  1.13980E-13  8.77146E-15  9.99993E-02 <UV> 
 1.67015E-01  1.09683E-13  8.73044E-15  1.00003E-01 <UV> 
 1.68685E-01  8.65365E-14  8.51250E-15  9.99971E-02 <UV> 
 1.70372E-01  1.10752E-13  1.04304E-14  9.99990E-02 <UV> 
 1.72075E-01  1.16896E-13  1.20798E-14  1.00003E-01 <UV> 
 1.73796E-01  9.91201E-14  1.18319E-14  9.99964E-02 <UV> 
 1.75534E-01  1.18862E-13  1.39103E-14  1.00003E-01 <UV> 
 1.77290E-01  1.13458E-13  1.34528E-14  1.00000E-01 <UV> 
 1.79062E-01  1.25110E-13  1.40490E-14  9.99987E-02 <UV> 
 1.80853E-01  1.88190E-13  1.75220E-14  9.99983E-02 <UV> 
 1.82662E-01  2.05755E-13  1.79499E-14  9.99992E-02 <UV> 
 1.84488E-01  1.73149E-13  1.99232E-14  1.00001E-01 <UV> 
 1.86333E-01  1.21211E-13  2.43841E-14  1.00004E-01 <UV> 
 1.88196E-01  1.24116E-13  2.95468E-14  9.90136E-02 <UV> 
