 3.51600E-01  1.15475E-10  5.77373E-12  1.00000E+00 SDSS.U 
 3.63700E-01  1.24302E-10  1.24302E-11  1.00000E+00 JOHNSON.U 
 4.43400E-01  1.95798E-10  1.95798E-11  1.00000E+00 JOHNSON.B 
 4.67700E-01  1.90074E-10  9.50368E-12  1.00000E+00 SDSS.G 
 5.18900E-01  3.05951E-10  1.52976E-11  1.00000E+00 HIPPARCOS.HP 
 5.49300E-01  2.84489E-10  1.42245E-11  1.00000E+00 JOHNSON.V 
 5.49300E-01  3.34553E-10  3.34553E-11  1.00000E+00 JOHNSON.V 
 6.16800E-01  3.72320E-10  1.86160E-11  1.00000E+00 SDSS.R 
 6.89900E-01  6.22225E-10  6.22225E-11  1.00000E+00 JOHNSON.R 
 1.23930E+00  8.67785E-10  4.33892E-11  1.00000E+00 2MASS.J 
 1.64950E+00  9.72912E-10  4.86456E-11  1.00000E+00 2MASS.H 
 2.16390E+00  7.44958E-10  3.72479E-11  1.00000E+00 2MASS.KS 
 3.36820E+00  4.06707E-10  2.03354E-11  1.00000E+00 WISE.W1 
 3.60000E+00  2.74810E-10  1.37405E-11  1.00000E+00 IRAC.36 
 4.50000E+00  1.93200E-10  9.65998E-12  1.00000E+00 IRAC.45 
 4.61790E+00  2.41969E-10  1.20984E-11  1.00000E+00 WISE.W2 
 5.80000E+00  1.29221E-10  6.46104E-12  1.00000E+00 IRAC.58 
 8.00000E+00  1.31159E-10  6.55796E-12  1.00000E+00 IRAC.80 
 9.09950E+00  1.36166E-10  1.52540E-11  1.00000E+00 AKARI.S9W 
 1.14099E+01  1.30848E-10  1.70103E-11  1.00000E+00 IRAS.F12 
 1.20730E+01  9.51772E-11  4.75886E-12  1.00000E+00 WISE.W3 
 1.95050E+01  8.80703E-11  4.40351E-12  1.00000E+00 AKARI.L18W 
 2.21943E+01  9.37930E-11  4.68965E-12  1.00000E+00 WISE.W4 
 2.36108E+01  8.10085E-11  8.10085E-12  1.00000E+00 IRAS.F25 
 2.40000E+01  8.86886E-11  4.43443E-12  1.00000E+00 MIPS.24 
 6.04093E+01  2.22328E-11  2.89027E-12  1.00000E+00 IRAS.F60 
 7.00000E+01  1.71310E-11  1.71310E-12  1.00000E+00 MIPS.70 
 7.00000E+01  1.92724E-11  1.92724E-12  1.00000E+00 PACS70 
 8.50000E+02  4.58506E-13  2.46888E-14  1.00000E+00 SCUBA.850NB 
 1.30000E+03  1.08387E-13  5.41933E-15  1.00000E+00 generic 
 1.30000E+03  1.34215E-13  6.71074E-15  1.00000E+00 generic 
 3.40000E+03  3.70332E-15  1.85166E-16  1.00000E+00 generic 
 5.18700E+00  1.75656E-10  8.78282E-12  5.82225E-02 SpitzerIRS 
 5.21720E+00  1.81564E-10  9.07819E-12  5.80771E-02 SpitzerIRS 
 5.24750E+00  1.88879E-10  9.44396E-12  5.75512E-02 SpitzerIRS 
 5.27770E+00  1.85021E-10  9.25104E-12  5.74114E-02 SpitzerIRS 
 5.30800E+00  1.85450E-10  9.27250E-12  5.68953E-02 SpitzerIRS 
 5.33820E+00  1.88764E-10  9.43822E-12  5.67607E-02 SpitzerIRS 
 5.36850E+00  1.91078E-10  9.55388E-12  5.62541E-02 SpitzerIRS 
 5.39870E+00  1.84744E-10  9.23722E-12  5.59394E-02 SpitzerIRS 
 5.42890E+00  1.79122E-10  8.95611E-12  5.58124E-02 SpitzerIRS 
 5.45920E+00  1.81011E-10  9.05056E-12  5.53195E-02 SpitzerIRS 
 5.48940E+00  1.77050E-10  8.85249E-12  5.51973E-02 SpitzerIRS 
 5.51970E+00  1.74655E-10  8.73274E-12  5.47131E-02 SpitzerIRS 
 5.54990E+00  1.74833E-10  8.74167E-12  5.45956E-02 SpitzerIRS 
 5.58020E+00  1.76957E-10  8.84786E-12  5.41199E-02 SpitzerIRS 
 5.61040E+00  1.68502E-10  8.42512E-12  5.38286E-02 SpitzerIRS 
 5.64060E+00  1.68387E-10  8.41934E-12  5.37177E-02 SpitzerIRS 
 5.67090E+00  1.68687E-10  8.43436E-12  5.32543E-02 SpitzerIRS 
 5.70110E+00  1.64733E-10  8.23665E-12  5.31476E-02 SpitzerIRS 
 5.73140E+00  1.67048E-10  8.35239E-12  5.26922E-02 SpitzerIRS 
 5.76160E+00  1.66032E-10  8.30158E-12  5.24160E-02 SpitzerIRS 
 5.79180E+00  1.64876E-10  8.24380E-12  5.23153E-02 SpitzerIRS 
 5.82210E+00  1.63482E-10  8.17412E-12  5.18713E-02 SpitzerIRS 
 5.85230E+00  1.59217E-10  7.96084E-12  5.17745E-02 SpitzerIRS 
 5.88260E+00  1.60109E-10  8.00546E-12  5.13378E-02 SpitzerIRS 
 5.91280E+00  1.60351E-10  8.01755E-12  5.10756E-02 SpitzerIRS 
 5.94300E+00  1.62053E-10  8.10267E-12  5.09844E-02 SpitzerIRS 
 5.97330E+00  1.61693E-10  8.08465E-12  5.05583E-02 SpitzerIRS 
 6.00350E+00  1.55796E-10  7.78981E-12  5.04706E-02 SpitzerIRS 
 6.03380E+00  1.55888E-10  7.79442E-12  5.00514E-02 SpitzerIRS 
 6.06400E+00  1.57974E-10  7.89872E-12  4.99670E-02 SpitzerIRS 
 6.09430E+00  1.61115E-10  8.05573E-12  4.95545E-02 SpitzerIRS 
 6.12450E+00  1.58235E-10  7.91174E-12  4.93101E-02 SpitzerIRS 
 6.15470E+00  1.56611E-10  7.83054E-12  4.92307E-02 SpitzerIRS 
 6.18500E+00  1.57215E-10  7.86077E-12  4.88278E-02 SpitzerIRS 
 6.21520E+00  1.54932E-10  7.74660E-12  4.87514E-02 SpitzerIRS 
 6.24550E+00  1.56648E-10  7.83238E-12  4.83548E-02 SpitzerIRS 
 6.27570E+00  1.52822E-10  7.64111E-12  4.82815E-02 SpitzerIRS 
 6.30600E+00  1.51156E-10  7.55780E-12  4.78909E-02 SpitzerIRS 
 6.33620E+00  1.56146E-10  7.80732E-12  4.76626E-02 SpitzerIRS 
 6.36640E+00  1.54958E-10  7.74792E-12  4.75936E-02 SpitzerIRS 
 6.39670E+00  1.48043E-10  7.40213E-12  4.72118E-02 SpitzerIRS 
 6.42690E+00  1.45159E-10  7.25796E-12  4.71456E-02 SpitzerIRS 
 6.45720E+00  1.45769E-10  7.28844E-12  4.67695E-02 SpitzerIRS 
 6.48740E+00  1.46407E-10  7.32036E-12  4.67059E-02 SpitzerIRS 
 6.51770E+00  1.47355E-10  7.36775E-12  4.63354E-02 SpitzerIRS 
 6.54790E+00  1.45938E-10  7.29691E-12  4.61217E-02 SpitzerIRS 
 6.57810E+00  1.46316E-10  7.31582E-12  4.60619E-02 SpitzerIRS 
 6.60840E+00  1.45587E-10  7.27933E-12  4.56994E-02 SpitzerIRS 
 6.63860E+00  1.46627E-10  7.33134E-12  4.56422E-02 SpitzerIRS 
 6.66890E+00  1.37824E-10  6.89119E-12  4.52848E-02 SpitzerIRS 
 6.69910E+00  1.34124E-10  6.70618E-12  4.52300E-02 SpitzerIRS 
 6.72940E+00  1.40327E-10  7.01635E-12  4.48777E-02 SpitzerIRS 
 6.75960E+00  1.37851E-10  6.89253E-12  4.46772E-02 SpitzerIRS 
 6.78980E+00  1.42916E-10  7.14578E-12  4.46258E-02 SpitzerIRS 
 6.82010E+00  1.36364E-10  6.81820E-12  4.42809E-02 SpitzerIRS 
 6.85030E+00  1.36756E-10  6.83781E-12  4.42316E-02 SpitzerIRS 
 6.88060E+00  1.35866E-10  6.79332E-12  4.38915E-02 SpitzerIRS 
 6.91080E+00  1.31551E-10  6.57754E-12  4.36997E-02 SpitzerIRS 
 6.94100E+00  1.32710E-10  6.63552E-12  4.36537E-02 SpitzerIRS 
 6.97130E+00  1.37505E-10  6.87523E-12  4.33205E-02 SpitzerIRS 
 7.00150E+00  1.35644E-10  6.78221E-12  4.32764E-02 SpitzerIRS 
 7.03180E+00  1.31214E-10  6.56070E-12  4.29478E-02 SpitzerIRS 
 7.06200E+00  1.30895E-10  6.54475E-12  4.27641E-02 SpitzerIRS 
 7.09220E+00  1.31276E-10  6.56380E-12  4.27230E-02 SpitzerIRS 
 7.12250E+00  1.32961E-10  6.64805E-12  4.24008E-02 SpitzerIRS 
 7.15270E+00  1.30681E-10  6.53406E-12  4.23616E-02 SpitzerIRS 
 7.18300E+00  1.30960E-10  6.54802E-12  4.20437E-02 SpitzerIRS 
 7.21320E+00  1.30408E-10  6.52040E-12  4.20063E-02 SpitzerIRS 
 7.24350E+00  1.32681E-10  6.63405E-12  4.16926E-02 SpitzerIRS 
 7.27370E+00  1.33630E-10  6.68152E-12  4.15194E-02 SpitzerIRS 
 7.30390E+00  1.30073E-10  6.50366E-12  4.14847E-02 SpitzerIRS 
 7.33420E+00  1.26029E-10  6.30144E-12  4.11770E-02 SpitzerIRS 
 7.36440E+00  1.22113E-10  6.10564E-12  4.11439E-02 SpitzerIRS 
 7.39470E+00  1.23485E-10  6.17427E-12  4.08401E-02 SpitzerIRS 
 7.42490E+00  1.25438E-10  6.27190E-12  4.08086E-02 SpitzerIRS 
 7.45520E+00  1.26782E-10  6.33910E-12  4.05086E-02 SpitzerIRS 
 7.48540E+00  1.31425E-10  6.57125E-12  4.03452E-02 SpitzerIRS 
 7.51560E+00  1.21794E-10  6.08971E-12  4.03161E-02 SpitzerIRS 
 7.54590E+00  1.25532E-10  6.27662E-12  4.00217E-02 SpitzerIRS 
 7.57610E+00  1.25392E-10  6.26960E-12  7.98564E-02 SpitzerIRS 
 7.63660E+00  1.18467E-10  5.92334E-12  7.92237E-02 SpitzerIRS 
 7.69710E+00  1.14089E-10  5.70443E-12  7.86010E-02 SpitzerIRS 
 7.75760E+00  1.15208E-10  5.76042E-12  7.78591E-02 SpitzerIRS 
 7.81800E+00  1.17336E-10  5.86681E-12  7.73855E-02 SpitzerIRS 
 7.87850E+00  1.18129E-10  5.90643E-12  7.67913E-02 SpitzerIRS 
 7.93900E+00  1.19645E-10  5.98225E-12  7.62061E-02 SpitzerIRS 
 7.99950E+00  1.21506E-10  6.07530E-12  7.56297E-02 SpitzerIRS 
 8.06000E+00  1.22904E-10  6.14519E-12  7.50620E-02 SpitzerIRS 
 8.12050E+00  1.24251E-10  6.21256E-12  7.45028E-02 SpitzerIRS 
 8.18100E+00  1.27444E-10  6.37219E-12  7.38296E-02 SpitzerIRS 
 8.24140E+00  1.32385E-10  6.61923E-12  7.34099E-02 SpitzerIRS 
 8.30190E+00  1.36714E-10  6.83569E-12  7.28749E-02 SpitzerIRS 
 8.36240E+00  1.38668E-10  6.93340E-12  7.23477E-02 SpitzerIRS 
 8.42290E+00  1.40637E-10  7.03184E-12  7.18280E-02 SpitzerIRS 
 8.48340E+00  1.44002E-10  7.20009E-12  7.13157E-02 SpitzerIRS 
 8.54390E+00  1.47544E-10  7.37718E-12  7.06937E-02 SpitzerIRS 
 8.60430E+00  1.50563E-10  7.52817E-12  7.03137E-02 SpitzerIRS 
 8.66480E+00  1.51906E-10  7.59532E-12  6.98227E-02 SpitzerIRS 
 8.72530E+00  1.54993E-10  7.74967E-12  6.93386E-02 SpitzerIRS 
 8.78580E+00  1.61003E-10  8.05015E-12  6.88611E-02 SpitzerIRS 
 8.84630E+00  1.65311E-10  8.26553E-12  6.83902E-02 SpitzerIRS 
 8.90680E+00  1.67587E-10  8.37937E-12  6.78134E-02 SpitzerIRS 
 8.96720E+00  1.72593E-10  8.62966E-12  6.74681E-02 SpitzerIRS 
 9.02770E+00  1.77912E-10  8.89561E-12  6.70160E-02 SpitzerIRS 
 9.08820E+00  1.82939E-10  9.14697E-12  6.65698E-02 SpitzerIRS 
 9.14870E+00  1.88408E-10  9.42039E-12  6.61296E-02 SpitzerIRS 
 9.20920E+00  1.93306E-10  9.66532E-12  6.56952E-02 SpitzerIRS 
 9.26970E+00  1.98335E-10  9.91676E-12  6.51585E-02 SpitzerIRS 
 9.33010E+00  1.99628E-10  9.98141E-12  6.48439E-02 SpitzerIRS 
 9.39060E+00  2.00586E-10  1.00293E-11  6.44261E-02 SpitzerIRS 
 9.45110E+00  2.02719E-10  1.01359E-11  6.40137E-02 SpitzerIRS 
 9.51160E+00  1.97934E-10  9.89669E-12  6.36065E-02 SpitzerIRS 
 9.57210E+00  1.99401E-10  9.97006E-12  6.32045E-02 SpitzerIRS 
 9.63260E+00  1.97140E-10  9.85702E-12  6.28075E-02 SpitzerIRS 
 9.69310E+00  1.97203E-10  9.86014E-12  6.23124E-02 SpitzerIRS 
 9.75350E+00  1.98376E-10  9.91880E-12  6.20290E-02 SpitzerIRS 
 9.81400E+00  1.97532E-10  9.87659E-12  6.16466E-02 SpitzerIRS 
 9.87450E+00  1.97229E-10  9.86147E-12  6.12689E-02 SpitzerIRS 
 9.93500E+00  1.97133E-10  9.85664E-12  6.08958E-02 SpitzerIRS 
 9.99550E+00  1.95157E-10  9.75784E-12  6.05272E-02 SpitzerIRS 
 1.00560E+01  1.93464E-10  9.67320E-12  6.00636E-02 SpitzerIRS 
 1.01164E+01  1.91912E-10  9.59559E-12  5.98039E-02 SpitzerIRS 
 1.01769E+01  1.90459E-10  9.52293E-12  5.94484E-02 SpitzerIRS 
 1.02374E+01  1.89102E-10  9.45509E-12  5.90970E-02 SpitzerIRS 
 1.02979E+01  1.85825E-10  9.29124E-12  5.87498E-02 SpitzerIRS 
 1.03584E+01  1.82456E-10  9.12280E-12  5.83102E-02 SpitzerIRS 
 1.04188E+01  1.82017E-10  9.10084E-12  5.80681E-02 SpitzerIRS 
 1.04793E+01  1.79104E-10  8.95518E-12  5.77329E-02 SpitzerIRS 
 1.05398E+01  1.76963E-10  8.84817E-12  5.74015E-02 SpitzerIRS 
 1.06003E+01  1.74426E-10  8.72131E-12  5.70739E-02 SpitzerIRS 
 1.06608E+01  1.72432E-10  8.62162E-12  5.67500E-02 SpitzerIRS 
 1.07213E+01  1.70229E-10  8.51145E-12  5.63365E-02 SpitzerIRS 
 1.07817E+01  1.67346E-10  8.36728E-12  5.61136E-02 SpitzerIRS 
 1.08422E+01  1.65179E-10  8.25893E-12  5.58005E-02 SpitzerIRS 
 1.09027E+01  1.63126E-10  8.15632E-12  5.54908E-02 SpitzerIRS 
 1.09632E+01  1.61682E-10  8.08410E-12  5.51846E-02 SpitzerIRS 
 1.10237E+01  1.59552E-10  7.97760E-12  5.48818E-02 SpitzerIRS 
 1.10842E+01  1.57794E-10  7.88970E-12  5.45822E-02 SpitzerIRS 
 1.11447E+01  1.54691E-10  7.73456E-12  5.41962E-02 SpitzerIRS 
 1.12051E+01  1.53678E-10  7.68390E-12  5.39933E-02 SpitzerIRS 
 1.12656E+01  1.51815E-10  7.59075E-12  5.37033E-02 SpitzerIRS 
 1.13261E+01  1.48161E-10  7.40806E-12  5.34164E-02 SpitzerIRS 
 1.13866E+01  1.46537E-10  7.32684E-12  5.31326E-02 SpitzerIRS 
 1.14471E+01  1.41297E-10  7.06485E-12  5.28518E-02 SpitzerIRS 
 1.15076E+01  1.39322E-10  6.96609E-12  5.24871E-02 SpitzerIRS 
 1.15680E+01  1.34391E-10  6.71954E-12  5.22994E-02 SpitzerIRS 
 1.16285E+01  1.31441E-10  6.57205E-12  5.20273E-02 SpitzerIRS 
 1.16890E+01  1.29745E-10  6.48725E-12  5.17581E-02 SpitzerIRS 
 1.17495E+01  1.26357E-10  6.31785E-12  5.14916E-02 SpitzerIRS 
 1.18100E+01  1.21465E-10  6.07327E-12  5.12278E-02 SpitzerIRS 
 1.18705E+01  1.18030E-10  5.90152E-12  5.08824E-02 SpitzerIRS 
 1.19309E+01  1.17172E-10  5.85858E-12  5.07087E-02 SpitzerIRS 
 1.19914E+01  1.13558E-10  5.67789E-12  5.04528E-02 SpitzerIRS 
 1.20519E+01  1.11227E-10  5.56133E-12  5.01996E-02 SpitzerIRS 
 1.21124E+01  1.09000E-10  5.45002E-12  4.99488E-02 SpitzerIRS 
 1.21729E+01  1.06008E-10  5.30041E-12  4.97006E-02 SpitzerIRS 
 1.22334E+01  1.04683E-10  5.23413E-12  4.93730E-02 SpitzerIRS 
 1.22938E+01  1.03929E-10  5.19646E-12  4.92118E-02 SpitzerIRS 
 1.23543E+01  1.03935E-10  5.19674E-12  4.89708E-02 SpitzerIRS 
 1.24148E+01  1.04329E-10  5.21645E-12  4.87322E-02 SpitzerIRS 
 1.24753E+01  1.05354E-10  5.26769E-12  4.84958E-02 SpitzerIRS 
 1.25358E+01  1.05254E-10  5.26271E-12  4.82618E-02 SpitzerIRS 
 1.25963E+01  1.02390E-10  5.11951E-12  4.79506E-02 SpitzerIRS 
 1.26567E+01  1.01724E-10  5.08619E-12  4.78008E-02 SpitzerIRS 
 1.27172E+01  9.93399E-11  4.96700E-12  4.75734E-02 SpitzerIRS 
 1.27777E+01  9.91886E-11  4.95943E-12  4.73481E-02 SpitzerIRS 
 1.28382E+01  9.90948E-11  4.95474E-12  4.71250E-02 SpitzerIRS 
 1.28987E+01  9.63221E-11  4.81611E-12  4.69040E-02 SpitzerIRS 
 1.29592E+01  9.58308E-11  4.79154E-12  4.66850E-02 SpitzerIRS 
 1.30197E+01  9.46049E-11  4.73024E-12  4.63912E-02 SpitzerIRS 
 1.30801E+01  9.46448E-11  4.73224E-12  4.62535E-02 SpitzerIRS 
 1.31406E+01  9.42410E-11  4.71205E-12  4.60405E-02 SpitzerIRS 
 1.32011E+01  9.53147E-11  4.76574E-12  4.58295E-02 SpitzerIRS 
 1.32616E+01  9.26487E-11  4.63243E-12  4.56204E-02 SpitzerIRS 
 1.33221E+01  9.33936E-11  4.66968E-12  4.54133E-02 SpitzerIRS 
 1.33826E+01  9.31819E-11  4.65910E-12  4.51332E-02 SpitzerIRS 
 1.34430E+01  9.31647E-11  4.65823E-12  4.50048E-02 SpitzerIRS 
 1.35035E+01  9.27162E-11  4.63581E-12  4.48032E-02 SpitzerIRS 
 1.35640E+01  9.28663E-11  4.64331E-12  4.46034E-02 SpitzerIRS 
 1.36245E+01  9.18994E-11  4.59497E-12  4.44053E-02 SpitzerIRS 
 1.36850E+01  9.20868E-11  4.60434E-12  4.42090E-02 SpitzerIRS 
 1.37455E+01  9.22594E-11  4.61297E-12  4.39417E-02 SpitzerIRS 
 1.38059E+01  9.18884E-11  4.59442E-12  4.38218E-02 SpitzerIRS 
 1.38664E+01  9.22939E-11  4.61469E-12  4.36306E-02 SpitzerIRS 
 1.39269E+01  9.25710E-11  4.62855E-12  4.34411E-02 SpitzerIRS 
 1.39874E+01  9.50727E-11  4.75363E-12  2.40216E-01 SpitzerIRS 
 1.43234E+01  9.63797E-11  4.81898E-12  5.91340E-02 SpitzerIRS 
 1.44081E+01  9.49974E-11  4.74987E-12  5.87170E-02 SpitzerIRS 
 1.44927E+01  9.51069E-11  4.75535E-12  5.84432E-02 SpitzerIRS 
 1.45774E+01  9.46119E-11  4.73059E-12  5.81036E-02 SpitzerIRS 
 1.46621E+01  9.36789E-11  4.68394E-12  5.77680E-02 SpitzerIRS 
 1.47468E+01  9.38300E-11  4.69150E-12  5.74362E-02 SpitzerIRS 
 1.48315E+01  9.26190E-11  4.63095E-12  5.70408E-02 SpitzerIRS 
 1.49161E+01  9.42121E-11  4.71061E-12  5.67843E-02 SpitzerIRS 
 1.50008E+01  9.27349E-11  4.63674E-12  5.64637E-02 SpitzerIRS 
 1.50855E+01  8.96029E-11  4.48014E-12  5.60803E-02 SpitzerIRS 
 1.51701E+01  9.07019E-11  4.53510E-12  5.58335E-02 SpitzerIRS 
 1.52548E+01  9.12045E-11  4.56023E-12  5.55235E-02 SpitzerIRS 
 1.53395E+01  9.13596E-11  4.56798E-12  5.52169E-02 SpitzerIRS 
 1.54242E+01  9.09531E-11  4.54766E-12  5.49137E-02 SpitzerIRS 
 1.55089E+01  9.16413E-11  4.58207E-12  5.45493E-02 SpitzerIRS 
 1.55935E+01  9.24995E-11  4.62498E-12  5.43175E-02 SpitzerIRS 
 1.56782E+01  9.40095E-11  4.70047E-12  5.40241E-02 SpitzerIRS 
 1.57629E+01  9.32875E-11  4.66438E-12  5.37338E-02 SpitzerIRS 
 1.58476E+01  9.27984E-11  4.63992E-12  5.33835E-02 SpitzerIRS 
 1.59322E+01  9.34967E-11  4.67484E-12  5.31628E-02 SpitzerIRS 
 1.60169E+01  9.54112E-11  4.77056E-12  5.28816E-02 SpitzerIRS 
 1.61016E+01  9.72776E-11  4.86388E-12  5.26035E-02 SpitzerIRS 
 1.61863E+01  9.61648E-11  4.80824E-12  5.23282E-02 SpitzerIRS 
 1.62710E+01  9.53068E-11  4.76534E-12  5.19943E-02 SpitzerIRS 
 1.63556E+01  9.77282E-11  4.88641E-12  5.17865E-02 SpitzerIRS 
 1.64403E+01  9.70095E-11  4.85048E-12  5.15197E-02 SpitzerIRS 
 1.65250E+01  9.72380E-11  4.86190E-12  5.12557E-02 SpitzerIRS 
 1.66097E+01  9.79622E-11  4.89811E-12  5.09341E-02 SpitzerIRS 
 1.66943E+01  9.87857E-11  4.93929E-12  5.07359E-02 SpitzerIRS 
 1.67790E+01  1.00871E-10  5.04353E-12  5.04798E-02 SpitzerIRS 
 1.68637E+01  1.00673E-10  5.03367E-12  5.02262E-02 SpitzerIRS 
 1.69484E+01  1.03897E-10  5.19486E-12  4.99162E-02 SpitzerIRS 
 1.70330E+01  1.03369E-10  5.16844E-12  4.97270E-02 SpitzerIRS 
 1.71177E+01  1.03194E-10  5.15968E-12  4.94809E-02 SpitzerIRS 
 1.72024E+01  1.04733E-10  5.23666E-12  4.92373E-02 SpitzerIRS 
 1.72871E+01  1.06436E-10  5.32182E-12  4.89382E-02 SpitzerIRS 
 1.73717E+01  1.08455E-10  5.42274E-12  4.87575E-02 SpitzerIRS 
 1.74564E+01  1.09445E-10  5.47225E-12  4.85209E-02 SpitzerIRS 
 1.75411E+01  1.09306E-10  5.46531E-12  4.82866E-02 SpitzerIRS 
 1.76258E+01  1.08989E-10  5.44943E-12  4.80546E-02 SpitzerIRS 
 1.77105E+01  1.11844E-10  5.59222E-12  4.77683E-02 SpitzerIRS 
 1.77951E+01  1.11127E-10  5.55636E-12  4.75974E-02 SpitzerIRS 
 1.78798E+01  1.07747E-10  5.38735E-12  4.73719E-02 SpitzerIRS 
 1.79645E+01  1.09614E-10  5.48069E-12  4.71485E-02 SpitzerIRS 
 1.80492E+01  1.08369E-10  5.41843E-12  4.68719E-02 SpitzerIRS 
 1.81338E+01  1.12950E-10  5.64750E-12  4.67084E-02 SpitzerIRS 
 1.82185E+01  1.15693E-10  5.78464E-12  4.64912E-02 SpitzerIRS 
 1.83032E+01  1.16671E-10  5.83355E-12  4.62761E-02 SpitzerIRS 
 1.83879E+01  1.15701E-10  5.78507E-12  4.60085E-02 SpitzerIRS 
 1.84725E+01  1.18361E-10  5.91803E-12  4.58519E-02 SpitzerIRS 
 1.85572E+01  1.19053E-10  5.95265E-12  4.56427E-02 SpitzerIRS 
 1.86419E+01  1.17436E-10  5.87181E-12  4.54353E-02 SpitzerIRS 
 1.87266E+01  1.20497E-10  6.02487E-12  4.52298E-02 SpitzerIRS 
 1.88113E+01  1.21380E-10  6.06898E-12  4.49730E-02 SpitzerIRS 
 1.88959E+01  1.20923E-10  6.04617E-12  4.48245E-02 SpitzerIRS 
 1.89806E+01  1.21606E-10  6.08032E-12  4.46245E-02 SpitzerIRS 
 1.90653E+01  1.17552E-10  5.87759E-12  4.44263E-02 SpitzerIRS 
 1.91500E+01  1.20197E-10  6.00986E-12  4.41775E-02 SpitzerIRS 
 1.92346E+01  1.19123E-10  5.95615E-12  4.40352E-02 SpitzerIRS 
 1.93193E+01  1.16843E-10  5.84213E-12  4.38422E-02 SpitzerIRS 
 1.94040E+01  1.17655E-10  5.88275E-12  4.36508E-02 SpitzerIRS 
 1.94887E+01  1.17282E-10  5.86411E-12  4.34611E-02 SpitzerIRS 
 1.95734E+01  1.13057E-10  5.65287E-12  4.32219E-02 SpitzerIRS 
 1.96580E+01  1.14085E-10  5.70426E-12  4.30868E-02 SpitzerIRS 
 1.97427E+01  1.12963E-10  5.64813E-12  4.29019E-02 SpitzerIRS 
 1.98274E+01  1.14750E-10  5.73748E-12  4.27187E-02 SpitzerIRS 
 1.99121E+01  1.14915E-10  5.74574E-12  4.24867E-02 SpitzerIRS 
 1.99967E+01  1.11540E-10  5.57698E-12  4.23570E-02 SpitzerIRS 
 2.00814E+01  1.09390E-10  5.46949E-12  4.21783E-02 SpitzerIRS 
 2.01661E+01  1.08307E-10  5.41537E-12  4.20012E-02 SpitzerIRS 
 2.02508E+01  1.08596E-10  5.42980E-12  4.17761E-02 SpitzerIRS 
 2.03354E+01  1.06723E-10  5.33616E-12  4.16515E-02 SpitzerIRS 
 2.04201E+01  1.07067E-10  5.35337E-12  4.14787E-02 SpitzerIRS 
 2.05048E+01  1.05410E-10  5.27051E-12  4.13074E-02 SpitzerIRS 
 2.05895E+01  1.04892E-10  5.24460E-12  4.11375E-02 SpitzerIRS 
 2.06742E+01  1.09583E-10  5.47913E-12  8.18895E-02 SpitzerIRS 
 2.08435E+01  1.07000E-10  5.34998E-12  8.12723E-02 SpitzerIRS 
 2.10129E+01  1.03655E-10  5.18273E-12  8.05696E-02 SpitzerIRS 
 2.11822E+01  1.03371E-10  5.16855E-12  7.99728E-02 SpitzerIRS 
 2.13516E+01  1.03820E-10  5.19101E-12  7.92915E-02 SpitzerIRS 
 2.15209E+01  1.02636E-10  5.13178E-12  7.87142E-02 SpitzerIRS 
 2.16903E+01  1.01392E-10  5.06959E-12  7.80533E-02 SpitzerIRS 
 2.18596E+01  1.00718E-10  5.03588E-12  7.74946E-02 SpitzerIRS 
 2.20290E+01  9.81861E-11  4.90931E-12  7.68532E-02 SpitzerIRS 
 2.21983E+01  9.56371E-11  4.78185E-12  7.63122E-02 SpitzerIRS 
 2.23677E+01  9.28849E-11  4.64425E-12  7.56895E-02 SpitzerIRS 
 2.25370E+01  9.26993E-11  4.63496E-12  7.51653E-02 SpitzerIRS 
 2.27064E+01  9.30402E-11  4.65201E-12  7.45605E-02 SpitzerIRS 
 2.28757E+01  9.46424E-11  4.73212E-12  7.40524E-02 SpitzerIRS 
 2.30451E+01  9.46635E-11  4.73317E-12  7.35080E-02 SpitzerIRS 
 2.32145E+01  9.25909E-11  4.62955E-12  7.29286E-02 SpitzerIRS 
 2.33838E+01  9.11770E-11  4.55885E-12  7.24433E-02 SpitzerIRS 
 2.35532E+01  9.12314E-11  4.56157E-12  7.18798E-02 SpitzerIRS 
 2.37225E+01  9.08053E-11  4.54026E-12  7.14090E-02 SpitzerIRS 
 2.38919E+01  8.98051E-11  4.49026E-12  7.08608E-02 SpitzerIRS 
 2.40612E+01  8.67411E-11  4.33706E-12  7.04038E-02 SpitzerIRS 
 2.42306E+01  8.49630E-11  4.24815E-12  6.98703E-02 SpitzerIRS 
 2.43999E+01  8.57176E-11  4.28588E-12  6.94265E-02 SpitzerIRS 
 2.45693E+01  8.49473E-11  4.24736E-12  6.89071E-02 SpitzerIRS 
 2.47386E+01  8.38364E-11  4.19182E-12  6.84760E-02 SpitzerIRS 
 2.49080E+01  8.38620E-11  4.19310E-12  6.80103E-02 SpitzerIRS 
 2.50774E+01  8.31221E-11  4.15611E-12  6.75110E-02 SpitzerIRS 
 2.52467E+01  8.26538E-11  4.13269E-12  6.70583E-02 SpitzerIRS 
 2.54160E+01  8.07562E-11  4.03781E-12  6.66509E-02 SpitzerIRS 
 2.55854E+01  7.86443E-11  3.93222E-12  6.62096E-02 SpitzerIRS 
 2.57548E+01  7.73204E-11  3.86602E-12  6.57353E-02 SpitzerIRS 
 2.59241E+01  7.65483E-11  3.82742E-12  6.53446E-02 SpitzerIRS 
 2.60935E+01  7.56745E-11  3.78373E-12  6.48821E-02 SpitzerIRS 
 2.62628E+01  7.47552E-11  3.73776E-12  6.45019E-02 SpitzerIRS 
 2.64322E+01  7.46118E-11  3.73059E-12  6.40507E-02 SpitzerIRS 
 2.66015E+01  7.49754E-11  3.74877E-12  6.36806E-02 SpitzerIRS 
 2.67709E+01  7.59322E-11  3.79661E-12  6.32403E-02 SpitzerIRS 
 2.69402E+01  7.30469E-11  3.65234E-12  6.28800E-02 SpitzerIRS 
 2.71096E+01  7.42326E-11  3.71163E-12  6.24502E-02 SpitzerIRS 
 2.72789E+01  7.40796E-11  3.70398E-12  6.20993E-02 SpitzerIRS 
 2.74483E+01  7.29027E-11  3.64513E-12  6.16796E-02 SpitzerIRS 
 2.76176E+01  7.29106E-11  3.64553E-12  6.13377E-02 SpitzerIRS 
 2.77870E+01  7.11434E-11  3.55717E-12  6.09638E-02 SpitzerIRS 
 2.79564E+01  7.16152E-11  3.58076E-12  6.05586E-02 SpitzerIRS 
 2.81257E+01  7.07024E-11  3.53512E-12  6.02296E-02 SpitzerIRS 
 2.82951E+01  6.90034E-11  3.45017E-12  5.98337E-02 SpitzerIRS 
 2.84644E+01  6.87278E-11  3.43639E-12  5.95129E-02 SpitzerIRS 
 2.86338E+01  6.87850E-11  3.43925E-12  5.91259E-02 SpitzerIRS 
 2.88031E+01  6.53488E-11  3.26744E-12  5.88131E-02 SpitzerIRS 
 2.89725E+01  6.52616E-11  3.26308E-12  5.84347E-02 SpitzerIRS 
 2.91418E+01  6.43105E-11  3.21552E-12  5.81296E-02 SpitzerIRS 
 2.93112E+01  6.38426E-11  3.19213E-12  5.77595E-02 SpitzerIRS 
 2.94805E+01  6.42723E-11  3.21361E-12  5.74617E-02 SpitzerIRS 
 2.96499E+01  6.37817E-11  3.18908E-12  5.71334E-02 SpitzerIRS 
 2.98193E+01  6.16328E-11  3.08164E-12  5.67753E-02 SpitzerIRS 
 2.99886E+01  6.04002E-11  3.02001E-12  5.64881E-02 SpitzerIRS 
 3.01580E+01  6.11196E-11  3.05598E-12  5.61377E-02 SpitzerIRS 
 3.03273E+01  6.10295E-11  3.05147E-12  5.58573E-02 SpitzerIRS 
 3.04967E+01  6.23557E-11  3.11779E-12  5.55142E-02 SpitzerIRS 
 3.06660E+01  6.22402E-11  3.11201E-12  5.52403E-02 SpitzerIRS 
 3.08354E+01  5.97730E-11  2.98865E-12  5.49044E-02 SpitzerIRS 
 3.10047E+01  5.92513E-11  2.96256E-12  5.46369E-02 SpitzerIRS 
 3.11741E+01  5.97660E-11  2.98830E-12  5.43079E-02 SpitzerIRS 
 3.13434E+01  5.58315E-11  2.79157E-12  5.40465E-02 SpitzerIRS 
 3.15128E+01  5.34460E-11  2.67230E-12  5.37242E-02 SpitzerIRS 
 3.16821E+01  5.51012E-11  2.75506E-12  5.34687E-02 SpitzerIRS 
 3.18515E+01  5.44373E-11  2.72186E-12  5.31843E-02 SpitzerIRS 
 3.20209E+01  5.41465E-11  2.70733E-12  5.28717E-02 SpitzerIRS 
 3.21902E+01  5.65644E-11  2.82822E-12  5.26247E-02 SpitzerIRS 
 3.23596E+01  5.66398E-11  2.83199E-12  5.23183E-02 SpitzerIRS 
 3.25289E+01  5.63321E-11  2.81661E-12  5.20768E-02 SpitzerIRS 
 3.26983E+01  5.51968E-11  2.75984E-12  5.17764E-02 SpitzerIRS 
 3.28676E+01  5.64330E-11  2.82165E-12  5.15401E-02 SpitzerIRS 
 3.30370E+01  5.76527E-11  2.88263E-12  5.12456E-02 SpitzerIRS 
 3.32063E+01  5.65399E-11  2.82699E-12  5.10144E-02 SpitzerIRS 
 3.33757E+01  5.50277E-11  2.75139E-12  5.07255E-02 SpitzerIRS 
 3.35450E+01  5.68296E-11  2.84148E-12  5.04993E-02 SpitzerIRS 
 3.37144E+01  5.55980E-11  2.77990E-12  5.02159E-02 SpitzerIRS 
 3.38837E+01  5.27659E-11  2.74632E-12  4.99945E-02 SpitzerIRS 
 3.40531E+01  5.30193E-11  2.65096E-12  4.97458E-02 SpitzerIRS 
 3.42225E+01  5.48347E-11  2.74174E-12  4.94704E-02 SpitzerIRS 
 3.43918E+01  5.46485E-11  2.73242E-12  4.92559E-02 SpitzerIRS 
 3.45612E+01  5.63436E-11  4.00317E-12  4.89856E-02 SpitzerIRS 
 3.47305E+01  5.09640E-11  2.54820E-12  4.87756E-02 SpitzerIRS 
 3.48999E+01  4.97528E-11  2.48764E-12  4.85102E-02 SpitzerIRS 
 3.50692E+01  5.04188E-11  2.52094E-12  4.83045E-02 SpitzerIRS 
 3.52386E+01  4.81150E-11  2.72751E-12  4.80439E-02 SpitzerIRS 
 3.54079E+01  4.93523E-11  2.46761E-12  4.78424E-02 SpitzerIRS 
 3.55773E+01  5.00762E-11  2.50381E-12  4.75865E-02 SpitzerIRS 
 3.57466E+01  4.78162E-11  2.39081E-12  4.73891E-02 SpitzerIRS 
 3.59160E+01  4.91699E-11  2.45850E-12  4.71378E-02 SpitzerIRS 
 3.60853E+01  4.39686E-11  2.19843E-12  4.69166E-02 SpitzerIRS 
 1.93237E+02  7.28563E-12  1.29377E-12  4.85436E-02 SPIREspec 
 1.94175E+02  6.80153E-12  1.13584E-12  4.87811E-02 SPIREspec 
 1.95122E+02  6.44613E-12  1.05924E-12  4.90195E-02 SPIREspec 
 1.96078E+02  6.17806E-12  9.79501E-13  4.92610E-02 SPIREspec 
 1.97044E+02  5.95283E-12  8.96476E-13  4.95049E-02 SPIREspec 
 1.98020E+02  5.76407E-12  8.42669E-13  4.97512E-02 SPIREspec 
 1.99005E+02  5.64210E-12  8.02790E-13  4.99999E-02 SPIREspec 
 2.00000E+02  5.61808E-12  7.44112E-13  5.02512E-02 SPIREspec 
 2.01005E+02  5.71786E-12  6.66452E-13  5.05050E-02 SPIREspec 
 2.02020E+02  5.94245E-12  5.92401E-13  5.07613E-02 SPIREspec 
 2.03046E+02  6.23575E-12  5.65265E-13  5.10210E-02 SPIREspec 
 2.04082E+02  6.51915E-12  6.16947E-13  5.12820E-02 SPIREspec 
 2.05128E+02  6.69709E-12  6.91005E-13  5.15463E-02 SPIREspec 
 2.06186E+02  6.72238E-12  7.05460E-13  5.18134E-02 SPIREspec 
 2.07254E+02  6.60624E-12  6.61870E-13  5.20833E-02 SPIREspec 
 2.08333E+02  6.40729E-12  6.27489E-13  5.23559E-02 SPIREspec 
 2.09424E+02  6.20458E-12  6.28544E-13  5.26315E-02 SPIREspec 
 2.10526E+02  6.04634E-12  6.47183E-13  5.29100E-02 SPIREspec 
 2.11640E+02  5.95371E-12  6.89261E-13  5.31914E-02 SPIREspec 
 2.12766E+02  5.92567E-12  7.37873E-13  5.34766E-02 SPIREspec 
 2.13904E+02  5.96974E-12  7.29426E-13  5.37634E-02 SPIREspec 
 2.15054E+02  6.08523E-12  6.50528E-13  5.40540E-02 SPIREspec 
 2.16216E+02  6.25394E-12  5.89064E-13  5.43477E-02 SPIREspec 
 2.17391E+02  6.44097E-12  6.04168E-13  5.46447E-02 SPIREspec 
 2.18579E+02  6.58012E-12  6.16921E-13  5.49450E-02 SPIREspec 
 2.19780E+02  6.62652E-12  5.87495E-13  5.52485E-02 SPIREspec 
 2.20994E+02  6.56589E-12  5.79378E-13  5.55555E-02 SPIREspec 
 2.22222E+02  6.43710E-12  6.11511E-13  5.58666E-02 SPIREspec 
 2.23464E+02  6.31088E-12  6.26384E-13  5.61797E-02 SPIREspec 
 2.24719E+02  6.26214E-12  6.19432E-13  5.64971E-02 SPIREspec 
 2.25989E+02  6.31930E-12  6.29638E-13  5.68181E-02 SPIREspec 
 2.27273E+02  6.43265E-12  6.42041E-13  5.71428E-02 SPIREspec 
 2.28571E+02  6.51216E-12  6.31967E-13  5.74712E-02 SPIREspec 
 2.29885E+02  6.47451E-12  6.38708E-13  5.78034E-02 SPIREspec 
 2.31214E+02  6.30661E-12  6.74422E-13  5.81394E-02 SPIREspec 
 2.32558E+02  6.06418E-12  6.75720E-13  5.84794E-02 SPIREspec 
 2.33918E+02  5.85346E-12  6.08753E-13  5.88242E-02 SPIREspec 
 2.35294E+02  5.76710E-12  5.30802E-13  5.91715E-02 SPIREspec 
 2.36686E+02  5.81827E-12  5.11805E-13  5.95237E-02 SPIREspec 
 2.38095E+02  5.92796E-12  5.29474E-13  5.98801E-02 SPIREspec 
 2.39521E+02  5.97512E-12  5.47268E-13  6.02409E-02 SPIREspec 
 2.40964E+02  5.87930E-12  5.63524E-13  6.06060E-02 SPIREspec 
 2.42424E+02  5.65023E-12  5.75517E-13  6.09755E-02 SPIREspec 
 2.43902E+02  5.38757E-12  5.76075E-13  6.13496E-02 SPIREspec 
 2.45399E+02  5.21923E-12  5.57566E-13  6.17283E-02 SPIREspec 
 2.46914E+02  5.23090E-12  5.07832E-13  6.21125E-02 SPIREspec 
 2.48447E+02  5.40437E-12  4.54959E-13  6.24999E-02 SPIREspec 
 2.50000E+02  5.63588E-12  4.61182E-13  6.28930E-02 SPIREspec 
 2.51572E+02  5.79740E-12  4.95301E-13  6.32910E-02 SPIREspec 
 2.53165E+02  5.80442E-12  4.73532E-13  6.36942E-02 SPIREspec 
 2.54777E+02  5.65186E-12  4.12719E-13  6.41025E-02 SPIREspec 
 2.56410E+02  5.41351E-12  4.34393E-13  6.45160E-02 SPIREspec 
 2.58065E+02  5.19892E-12  5.23902E-13  6.49350E-02 SPIREspec 
 2.59740E+02  5.09201E-12  5.52352E-13  6.53594E-02 SPIREspec 
 2.61438E+02  5.09197E-12  5.05358E-13  6.57903E-02 SPIREspec 
 2.63158E+02  5.13537E-12  4.55846E-13  6.62251E-02 SPIREspec 
 2.64901E+02  5.12341E-12  4.37831E-13  6.66666E-02 SPIREspec 
 2.66667E+02  4.99064E-12  4.24302E-13  6.71140E-02 SPIREspec 
 2.68456E+02  4.73800E-12  4.28248E-13  6.75675E-02 SPIREspec 
 2.70270E+02  4.44157E-12  4.56960E-13  6.80271E-02 SPIREspec 
 2.72109E+02  4.20984E-12  4.57875E-13  6.84930E-02 SPIREspec 
 2.73973E+02  4.12856E-12  4.11334E-13  6.89654E-02 SPIREspec 
 2.75862E+02  4.22013E-12  3.70558E-13  6.94453E-02 SPIREspec 
 2.77778E+02  4.44762E-12  3.73973E-13  6.99300E-02 SPIREspec 
 2.79720E+02  4.72968E-12  3.90664E-13  7.04224E-02 SPIREspec 
 2.81690E+02  4.97349E-12  4.04235E-13  7.09219E-02 SPIREspec 
 2.83688E+02  5.11231E-12  4.22632E-13  7.14285E-02 SPIREspec 
 2.85714E+02  5.12432E-12  4.35450E-13  7.19423E-02 SPIREspec 
 2.87770E+02  5.04900E-12  4.41990E-13  7.24637E-02 SPIREspec 
 2.89855E+02  4.95171E-12  4.72240E-13  7.29926E-02 SPIREspec 
 2.91971E+02  4.88467E-12  5.21529E-13  7.35293E-02 SPIREspec 
 2.94118E+02  4.85370E-12  5.55216E-13  7.40750E-02 SPIREspec 
 2.96296E+02  4.82193E-12  5.64024E-13  7.35303E-02 SPIREspec 
 1.15863E-01  9.15325E-13  6.89777E-14  5.00937E-02 <UV> 
 1.16443E-01  1.06233E-12  6.61270E-14  4.99986E-02 <UV> 
 1.17026E-01  1.35063E-12  6.75313E-14  4.99977E-02 <UV> 
 1.17611E-01  6.39656E-12  3.19828E-13  5.00040E-02 <UV> 
 1.18199E-01  1.16746E-12  5.83731E-14  4.99921E-02 <UV> 
 1.18790E-01  9.86259E-13  4.93129E-14  5.00044E-02 <UV> 
 1.19384E-01  1.13756E-12  5.68782E-14  4.99985E-02 <UV> 
 1.19981E-01  1.96326E-12  9.81632E-14  4.99998E-02 <UV> 
 1.20580E-01  7.50576E-12  3.75288E-13  4.99998E-02 <UV> 
 1.21183E-01  1.17592E-11  5.87961E-13  4.99986E-02 <UV> 
 1.21789E-01  1.08296E-11  5.41480E-13  5.00044E-02 <UV> 
 1.22398E-01  4.21457E-12  2.10729E-13  5.00007E-02 <UV> 
 1.23010E-01  1.96462E-12  9.82310E-14  4.99959E-02 <UV> 
 1.23625E-01  3.32235E-12  1.66118E-13  4.99979E-02 <UV> 
 1.24243E-01  3.62526E-12  1.81263E-13  5.00067E-02 <UV> 
 1.24865E-01  2.16402E-12  1.08201E-13  4.99982E-02 <UV> 
 1.25489E-01  2.66259E-12  1.33129E-13  4.99965E-02 <UV> 
 1.26116E-01  2.38055E-12  1.19027E-13  5.00015E-02 <UV> 
 1.26747E-01  2.74577E-12  1.37288E-13  4.99973E-02 <UV> 
 1.27381E-01  3.86791E-12  1.93396E-13  5.00076E-02 <UV> 
 1.28018E-01  2.70048E-12  1.35024E-13  4.99931E-02 <UV> 
 1.28658E-01  1.98053E-12  9.90265E-14  5.00009E-02 <UV> 
 1.29301E-01  4.33808E-12  2.16904E-13  4.99997E-02 <UV> 
 1.29947E-01  6.50595E-12  3.25297E-13  5.00048E-02 <UV> 
 1.30597E-01  1.65920E-11  8.29599E-13  5.00011E-02 <UV> 
 1.31250E-01  3.56654E-12  1.78327E-13  4.99961E-02 <UV> 
 1.31906E-01  1.90512E-12  9.52562E-14  4.99976E-02 <UV> 
 1.32566E-01  2.51972E-12  1.25986E-13  5.00053E-02 <UV> 
 1.33229E-01  5.00014E-12  2.50007E-13  4.99967E-02 <UV> 
 1.33895E-01  7.40948E-12  3.70474E-13  5.00019E-02 <UV> 
 1.34564E-01  2.23567E-12  1.11783E-13  4.99984E-02 <UV> 
 1.35237E-01  3.17237E-12  1.58618E-13  5.00010E-02 <UV> 
 1.35913E-01  3.51823E-12  1.75911E-13  5.00024E-02 <UV> 
 1.36593E-01  2.42338E-12  1.21169E-13  4.99952E-02 <UV> 
 1.37276E-01  2.85678E-12  1.42839E-13  5.00015E-02 <UV> 
 1.37962E-01  2.19808E-12  1.09904E-13  4.99992E-02 <UV> 
 1.38652E-01  2.55153E-12  1.27577E-13  5.00028E-02 <UV> 
 1.39345E-01  8.94308E-12  4.47154E-13  4.99981E-02 <UV> 
 1.40042E-01  8.13838E-12  4.06919E-13  4.99993E-02 <UV> 
 1.40742E-01  4.49211E-12  2.24606E-13  4.99992E-02 <UV> 
 1.41446E-01  2.99878E-12  1.49939E-13  5.00049E-02 <UV> 
 1.42153E-01  2.86597E-12  1.43298E-13  4.99953E-02 <UV> 
 1.42864E-01  4.20304E-12  2.10152E-13  4.99986E-02 <UV> 
 1.43578E-01  4.52642E-12  2.26321E-13  5.00006E-02 <UV> 
 1.44296E-01  5.39845E-12  2.69923E-13  5.00013E-02 <UV> 
 1.45018E-01  3.90673E-12  1.95337E-13  5.00008E-02 <UV> 
 1.45743E-01  3.95431E-12  1.97715E-13  4.99990E-02 <UV> 
 1.46472E-01  5.30562E-12  2.65281E-13  5.00029E-02 <UV> 
 1.47204E-01  5.97421E-12  2.98711E-13  4.99987E-02 <UV> 
 1.47940E-01  4.28758E-12  2.14379E-13  5.00000E-02 <UV> 
 1.48680E-01  6.17697E-12  3.08848E-13  5.00001E-02 <UV> 
 1.49423E-01  4.37451E-12  2.18725E-13  4.99990E-02 <UV> 
 1.50170E-01  7.47524E-12  3.73762E-13  5.00033E-02 <UV> 
 1.50921E-01  4.78898E-12  2.39449E-13  4.99997E-02 <UV> 
 1.51676E-01  3.85864E-12  1.92932E-13  4.99949E-02 <UV> 
 1.52434E-01  6.16120E-12  3.08060E-13  5.00020E-02 <UV> 
 1.53196E-01  4.52688E-12  2.26344E-13  5.00013E-02 <UV> 
 1.53962E-01  4.48238E-12  2.24119E-13  4.99993E-02 <UV> 
 1.54732E-01  4.38082E-11  2.19041E-12  5.00026E-02 <UV> 
 1.55506E-01  1.45775E-11  7.28874E-13  4.99982E-02 <UV> 
 1.56283E-01  8.36249E-12  4.18124E-13  4.99990E-02 <UV> 
 1.57064E-01  4.58397E-12  2.29199E-13  4.99986E-02 <UV> 
 1.57850E-01  5.93853E-12  2.96927E-13  5.00032E-02 <UV> 
 1.58639E-01  6.09994E-12  3.04997E-13  5.00003E-02 <UV> 
 1.59432E-01  6.98607E-12  3.49303E-13  4.99961E-02 <UV> 
 1.60229E-01  8.96721E-12  4.48360E-13  5.00033E-02 <UV> 
 1.61031E-01  7.17398E-12  3.58699E-13  4.99967E-02 <UV> 
 1.61836E-01  7.07855E-12  3.53927E-13  5.00013E-02 <UV> 
 1.62645E-01  6.31114E-12  3.15557E-13  4.99985E-02 <UV> 
 1.63458E-01  1.08176E-11  5.40878E-13  5.00006E-02 <UV> 
 1.64275E-01  2.73538E-11  1.36769E-12  5.00014E-02 <UV> 
 1.65097E-01  6.88092E-12  3.44046E-13  5.00010E-02 <UV> 
 1.65922E-01  1.29679E-11  6.48393E-13  4.99993E-02 <UV> 
 1.66752E-01  7.18454E-12  3.59227E-13  5.00024E-02 <UV> 
 1.67586E-01  5.38775E-12  2.69387E-13  4.99983E-02 <UV> 
 1.68424E-01  5.29034E-12  2.64517E-13  4.99989E-02 <UV> 
 1.69266E-01  5.70739E-12  2.85369E-13  4.99983E-02 <UV> 
 1.70112E-01  6.57481E-12  3.28741E-13  5.00024E-02 <UV> 
 1.70963E-01  6.36815E-12  3.18408E-13  4.99992E-02 <UV> 
 1.71817E-01  1.01704E-11  5.08521E-13  5.00008E-02 <UV> 
 1.72677E-01  9.11285E-12  4.55642E-13  5.00010E-02 <UV> 
 1.73540E-01  1.14171E-11  5.70854E-13  5.00000E-02 <UV> 
 1.74408E-01  1.18931E-11  5.94654E-13  4.99978E-02 <UV> 
 1.75280E-01  1.19026E-11  5.95129E-13  5.00001E-02 <UV> 
 1.76156E-01  1.20522E-11  6.02609E-13  5.00011E-02 <UV> 
 1.77037E-01  1.19208E-11  5.96040E-13  5.00009E-02 <UV> 
 1.77922E-01  1.31027E-11  6.55135E-13  4.99994E-02 <UV> 
 1.78812E-01  1.48874E-11  7.44369E-13  4.99968E-02 <UV> 
 1.79706E-01  1.18251E-11  5.91254E-13  5.00040E-02 <UV> 
 1.80604E-01  1.97539E-11  9.87697E-13  4.99988E-02 <UV> 
 1.81507E-01  2.79338E-11  1.39669E-12  4.99980E-02 <UV> 
 1.82415E-01  1.70027E-11  8.50136E-13  5.00015E-02 <UV> 
 1.83327E-01  1.19878E-11  5.99392E-13  4.99981E-02 <UV> 
 1.84243E-01  1.19910E-11  5.99552E-13  5.00045E-02 <UV> 
 1.85165E-01  1.22954E-11  6.14772E-13  4.99987E-02 <UV> 
 1.86091E-01  1.30108E-11  6.50541E-13  4.99972E-02 <UV> 
 1.87021E-01  1.24369E-11  6.21844E-13  4.99998E-02 <UV> 
 1.87956E-01  1.15624E-11  5.78118E-13  5.00011E-02 <UV> 
 1.88896E-01  1.87344E-11  9.36719E-13  5.00011E-02 <UV> 
 1.89840E-01  1.73001E-11  8.65007E-13  4.99999E-02 <UV> 
 1.90790E-01  1.60129E-11  8.00646E-13  4.99975E-02 <UV> 
 1.91743E-01  1.45963E-11  7.29816E-13  5.00043E-02 <UV> 
 1.92702E-01  1.44819E-11  7.24097E-13  4.99994E-02 <UV> 
 1.93666E-01  1.37466E-11  6.87329E-13  4.99985E-02 <UV> 
 1.94634E-01  1.32483E-11  6.62416E-13  5.00015E-02 <UV> 
 1.95607E-01  1.36308E-11  6.81540E-13  4.99982E-02 <UV> 
 1.96585E-01  1.40478E-11  7.02390E-13  4.99987E-02 <UV> 
 1.97568E-01  1.54157E-11  7.70783E-13  5.00030E-02 <UV> 
 1.98556E-01  8.45029E-12  8.23455E-13  5.00010E-02 <UV> 
 1.99549E-01  6.65459E-12  7.18769E-13  4.99978E-02 <UV> 
 2.00546E-01  9.96863E-12  8.03243E-13  4.99984E-02 <UV> 
 2.01549E-01  9.03944E-12  7.88481E-13  5.00027E-02 <UV> 
 2.02557E-01  9.92238E-12  7.84738E-13  5.00007E-02 <UV> 
 2.03570E-01  8.08653E-12  7.07201E-13  4.99976E-02 <UV> 
 2.04588E-01  9.83821E-12  7.98127E-13  4.99981E-02 <UV> 
 2.05611E-01  1.13099E-11  8.15221E-13  5.00023E-02 <UV> 
 2.06639E-01  1.03861E-11  7.86737E-13  5.00003E-02 <UV> 
 2.07672E-01  1.03901E-11  7.53653E-13  5.00020E-02 <UV> 
 2.08710E-01  1.02765E-11  7.13609E-13  4.99976E-02 <UV> 
 2.09754E-01  9.45484E-12  6.77039E-13  5.00015E-02 <UV> 
 2.10803E-01  9.28581E-12  6.88390E-13  4.99994E-02 <UV> 
 2.11857E-01  1.04969E-11  7.48803E-13  5.00008E-02 <UV> 
 2.12916E-01  1.12118E-11  7.00408E-13  4.99963E-02 <UV> 
 2.13980E-01  1.10958E-11  6.93987E-13  4.99999E-02 <UV> 
 2.15050E-01  1.18861E-11  7.24040E-13  5.00023E-02 <UV> 
 2.16126E-01  1.26397E-11  6.98340E-13  4.99987E-02 <UV> 
 2.17206E-01  1.22705E-11  6.98845E-13  5.00032E-02 <UV> 
 2.18292E-01  1.15118E-11  6.83084E-13  4.99972E-02 <UV> 
 2.19384E-01  1.04426E-11  6.76178E-13  4.99992E-02 <UV> 
 2.20480E-01  1.30275E-11  6.75707E-13  4.99999E-02 <UV> 
 2.21583E-01  1.34123E-11  6.88203E-13  5.00039E-02 <UV> 
 2.22691E-01  1.44032E-11  7.20160E-13  4.99976E-02 <UV> 
 2.23804E-01  1.30252E-11  6.77532E-13  4.99990E-02 <UV> 
 2.24923E-01  1.57238E-11  7.86189E-13  4.99993E-02 <UV> 
 2.26048E-01  1.80687E-11  9.03435E-13  5.00027E-02 <UV> 
 2.27178E-01  1.74236E-11  8.71178E-13  5.00004E-02 <UV> 
 2.28314E-01  1.76737E-11  8.83685E-13  4.99969E-02 <UV> 
 2.29456E-01  1.84494E-11  9.22472E-13  5.00010E-02 <UV> 
 2.30603E-01  2.06973E-11  1.03486E-12  4.99994E-02 <UV> 
 2.31756E-01  2.09671E-11  1.04835E-12  5.00009E-02 <UV> 
 2.32915E-01  4.35793E-11  2.17896E-12  5.00011E-02 <UV> 
 2.34079E-01  3.12203E-11  1.56102E-12  5.00001E-02 <UV> 
 2.35250E-01  2.79051E-11  1.39525E-12  4.99979E-02 <UV> 
 2.36426E-01  2.80127E-11  1.40063E-12  5.00030E-02 <UV> 
 2.37608E-01  2.80926E-11  1.40463E-12  4.99983E-02 <UV> 
 2.38796E-01  3.26482E-11  1.63241E-12  5.00008E-02 <UV> 
 2.39990E-01  3.00108E-11  1.50054E-12  4.99979E-02 <UV> 
 2.41190E-01  3.07561E-11  1.53780E-12  5.00021E-02 <UV> 
 2.42396E-01  2.75575E-11  1.37788E-12  5.00008E-02 <UV> 
 2.43608E-01  2.98564E-11  1.49282E-12  4.99984E-02 <UV> 
 2.44826E-01  2.94575E-11  1.47287E-12  4.99988E-02 <UV> 
 2.46050E-01  2.91434E-11  1.45717E-12  5.00020E-02 <UV> 
 2.47280E-01  3.06571E-11  1.53285E-12  4.99999E-02 <UV> 
 2.48517E-01  3.45742E-11  1.72871E-12  5.00006E-02 <UV> 
 2.49759E-01  3.54381E-11  1.77191E-12  5.00001E-02 <UV> 
 2.51008E-01  3.33969E-11  1.66984E-12  4.99984E-02 <UV> 
 2.52263E-01  3.54483E-11  1.77241E-12  4.99994E-02 <UV> 
 2.53524E-01  3.73649E-11  1.86825E-12  4.99991E-02 <UV> 
 2.54792E-01  3.65545E-11  1.82773E-12  5.00016E-02 <UV> 
 2.56066E-01  3.59699E-11  1.79849E-12  4.99988E-02 <UV> 
 2.57346E-01  3.71920E-11  1.85960E-12  5.00026E-02 <UV> 
 2.58633E-01  4.13795E-11  2.06898E-12  4.99974E-02 <UV> 
 2.59926E-01  4.65042E-11  2.32521E-12  5.00026E-02 <UV> 
 2.61226E-01  5.48804E-11  2.74402E-12  4.99989E-02 <UV> 
 2.62532E-01  5.82721E-11  2.91361E-12  5.00015E-02 <UV> 
 2.63845E-01  3.98319E-11  1.99159E-12  4.99991E-02 <UV> 
 2.65164E-01  3.49995E-11  1.74998E-12  4.99992E-02 <UV> 
 2.66490E-01  4.07271E-11  2.03636E-12  5.00019E-02 <UV> 
 2.67822E-01  3.86269E-11  1.93135E-12  4.99996E-02 <UV> 
 2.69161E-01  3.92214E-11  1.96107E-12  4.99997E-02 <UV> 
 2.70507E-01  4.11639E-11  2.05819E-12  4.99987E-02 <UV> 
 2.71860E-01  4.62716E-11  2.31358E-12  5.00001E-02 <UV> 
 2.73219E-01  5.04062E-11  2.52031E-12  5.00002E-02 <UV> 
 2.74585E-01  5.73339E-11  2.86670E-12  4.99991E-02 <UV> 
 2.75958E-01  5.16505E-11  2.58253E-12  5.00004E-02 <UV> 
 2.77338E-01  4.61767E-11  2.30884E-12  5.00004E-02 <UV> 
 2.78724E-01  8.09463E-11  4.04732E-12  4.99992E-02 <UV> 
 2.80118E-01  2.94956E-10  1.47478E-11  5.00003E-02 <UV> 
 2.81519E-01  5.13057E-11  2.56528E-12  5.00002E-02 <UV> 
 2.82926E-01  4.66840E-11  2.33420E-12  4.99989E-02 <UV> 
 2.84341E-01  4.75225E-11  2.37612E-12  4.99998E-02 <UV> 
 2.85763E-01  5.13624E-11  2.56812E-12  5.00030E-02 <UV> 
 2.87191E-01  5.07513E-11  2.53757E-12  4.99980E-02 <UV> 
 2.88627E-01  5.25443E-11  2.62722E-12  5.00022E-02 <UV> 
 2.90071E-01  4.85010E-11  2.42505E-12  4.99982E-02 <UV> 
 2.91521E-01  4.92871E-11  2.46436E-12  4.99998E-02 <UV> 
 2.92978E-01  5.93826E-11  2.96913E-12  5.00003E-02 <UV> 
 2.94443E-01  5.91239E-11  2.95620E-12  4.99994E-02 <UV> 
 2.95916E-01  5.65681E-11  2.82841E-12  5.00007E-02 <UV> 
 2.97395E-01  5.92973E-11  2.96487E-12  5.00008E-02 <UV> 
 2.98882E-01  5.84428E-11  2.92214E-12  4.99996E-02 <UV> 
 3.00377E-01  5.70562E-11  2.85281E-12  5.00006E-02 <UV> 
 3.01878E-01  5.61237E-11  2.80619E-12  5.00002E-02 <UV> 
 3.03388E-01  5.84883E-11  2.92442E-12  4.99987E-02 <UV> 
 3.04905E-01  5.60970E-11  2.80485E-12  4.99992E-02 <UV> 
 3.06429E-01  6.26510E-11  3.13255E-12  5.00017E-02 <UV> 
 3.07961E-01  6.40609E-11  3.20305E-12  4.99998E-02 <UV> 
 3.09501E-01  6.62503E-11  3.31252E-12  4.99998E-02 <UV> 
 3.11049E-01  6.75533E-11  3.37766E-12  4.99986E-02 <UV> 
 3.12604E-01  6.85534E-11  3.42767E-12  5.00026E-02 <UV> 
 3.14167E-01  6.99217E-11  3.49608E-12  4.99989E-02 <UV> 
 3.15738E-01  7.21003E-11  3.60502E-12  4.97501E-02 <UV> 
