     0.129947   0.00929680  0.000464840  <UV>
     0.153500    0.0390640   0.00195320  GALEX.FUV
     0.200047    0.0455993   0.00227997  <UV>
     0.250000    0.0910000   0.00455000  generic
     0.250383    0.0779956   0.00389978  <UV>
     0.299628     0.195501   0.00977506  <UV>
     0.300000     0.192000   0.00960000  generic
     0.341800     0.317260    0.0158630  GENEVA.U
     0.346100     0.299810    0.0162540  STROMGREN.U
     0.346100     0.314800    0.0157400  STROMGREN.U
     0.363700     0.440140    0.0220070  JOHNSON.U
     0.399500      1.02520    0.0512600  GENEVA.B1
     0.410700      1.10300    0.0551500  STROMGREN.V
     0.410700      1.15500    0.0577500  STROMGREN.V
     0.419200      1.17180    0.0585900  GENEVA.B
     0.419600      1.18140    0.0590700  TYCHO2.BT
     0.419600      1.19020    0.0595100  TYCHO2.BT
     0.443400      1.25480    0.0627400  JOHNSON.B
     0.443400      1.24110    0.0620550  JOHNSON.B
     0.447500      1.37590    0.0687950  GENEVA.B2
     0.467000      1.35130    0.0675650  STROMGREN.B
     0.467000      1.40330    0.0701650  STROMGREN.B
     0.518900      1.45040    0.0725200  HIPPARCOS.HP
     0.530700      1.52400    0.0762000  TYCHO2.VT
     0.530700      1.51560    0.0757800  TYCHO2.VT
     0.539200      1.61850    0.0809250  GENEVA.V1
     0.547500      1.62430    0.0812150  GENEVA.V
     0.547600      1.47520    0.0737600  STROMGREN.Y
     0.547600      1.52630    0.0763150  STROMGREN.Y
     0.549300      1.54120    0.0770600  JOHNSON.V
     0.549300      1.53410    0.0767050  JOHNSON.V
     0.576200      1.70600    0.0853000  GENEVA.G
     0.640000      1.57400    0.0787000  COUSINS.R
     0.790000      1.66700    0.0833500  COUSINS.I
      1.23930      1.79290    0.0896450  2MASS.J
      1.64950      1.76280     0.110410  2MASS.H
      2.16390      2.06900     0.190560  2MASS.KS
      2.42824      2.15686     0.188068  ISOspec
      2.73620      2.18380     0.116811  ISOspec
      2.99254      2.13744     0.106872  ISOspec
      3.19249      1.96075    0.0980376  ISOspec
      3.22441      2.00513     0.100718  ISOspec
      3.25666      2.24653     0.147023  ISOspec
      3.28923      2.92420     0.193416  ISOspec
      3.32212      2.37820     0.202550  ISOspec
      3.35534      2.29871     0.114935  ISOspec
      3.95402      2.11461     0.105731  ISOspec
      4.78000      2.38200     0.119100  JOHNSON.M
      5.48859      2.52620     0.126310  SpitzerIRS
      5.97325      2.75801     0.137901  SpitzerIRS
      6.04881      2.95979     0.147989  SpitzerIRS
      6.12446      3.68089     0.184045  SpitzerIRS
      6.21518      6.63733     0.331866  SpitzerIRS
      6.30591      4.87486     0.243743  SpitzerIRS
      6.38147      3.65719     0.182859  SpitzerIRS
      6.45712      3.13455     0.156728  SpitzerIRS
      7.00061      3.32051     0.166026  SpitzerIRS
      7.42479      5.44278     0.272139  SpitzerIRS
      7.53068      7.25316     0.362658  SpitzerIRS
      7.69693      8.46945     0.423472  SpitzerIRS
      7.81790      8.72783     0.436391  SpitzerIRS
      7.93887      8.23805     0.411903  SpitzerIRS
      8.09017      6.99237     0.349619  SpitzerIRS
      8.21114      6.02399     0.301200  SpitzerIRS
      8.36241      5.73122     0.286561  SpitzerIRS
      8.45308      5.77887     0.288944  SpitzerIRS
      8.51356      5.97289     0.298645  SpitzerIRS
      8.60434      6.35687     0.317844  SpitzerIRS
      8.69502      6.06290     0.303145  SpitzerIRS
      8.75550      5.39682     0.269841  SpitzerIRS
      8.84628      4.49196     0.224598  SpitzerIRS
      9.51031      3.86721     0.193361  SpitzerIRS
      10.0847      3.90515     0.195257  SpitzerIRS
      10.8724      4.69464     0.234732  SpitzerIRS
      10.9631      5.20267     0.260134  SpitzerIRS
      11.0841      6.39482     0.319741  SpitzerIRS
      11.2050      9.51672     0.475836  SpitzerIRS
      11.3260      8.91030     0.445515  SpitzerIRS
      11.4470      6.70275     0.335138  SpitzerIRS
      11.5378      5.95157     0.297578  SpitzerIRS
      12.2636      5.49102     0.274551  SpitzerIRS
      12.3845      5.79761     0.289880  SpitzerIRS
      12.5357      6.23826     0.311913  SpitzerIRS
      12.6566      6.69372     0.334686  SpitzerIRS
      12.7776      6.66316     0.333158  SpitzerIRS
      12.9289      5.86243     0.293122  SpitzerIRS
      13.0499      5.65806     0.282903  SpitzerIRS
      15.0004      9.86015     0.502363  ISOspec
      16.0825      15.7433     0.981400  ISOspec
      19.0465      22.8723      1.24425  ISOspec
      21.8935      31.1419      1.55710  ISOspec
      22.1943      27.9250      1.39625  WISE.W4
      25.9286      37.7438      1.88719  ISOspec
      30.1023      43.0880      3.06271  ISOspec
      34.9478      53.1543      2.67437  ISOspec
      40.1716      56.8376      2.90534  ISOspec
      59.9895      54.8348      2.74174  PACSspec
      69.9865      60.5531      3.02765  PACSspec
      70.0000      66.9100      3.35000  PACS.B
      79.9914      62.6998      3.13499  PACSspec
      87.8971      66.0400      3.80000  AKARI.WIDES
      90.0060      62.7994      3.13997  PACSspec
      100.000      66.7500      3.34000  PACS.G
      102.745      70.8461      3.54231  PACSspec
      114.969      67.7106      3.38553  PACSspec
      129.990      66.4414      3.32208  PACSspec
      144.916      64.9605      3.24802  PACSspec
      159.981      63.7780      3.18890  PACSspec
      160.000      58.2100      2.91050  PACS.R
      162.594      53.6700      3.56000  AKARI.N160
      178.308      57.8078      2.89039  PACSspec
      201.825      50.2916      3.30017  SPIREspec
      249.478      39.6021      2.62497  SPIREspec
      301.298      29.7522      2.06640  SPIREspec
      349.243      21.7380      1.48081  SPIREspec
      399.205      16.2392      1.10802  SPIREspec
      498.957      9.89769     0.878716  SPIREspec
      598.687      6.47469     0.759906  SPIREspec
      1300.00     0.451500    0.0337000  generic
