 3.51600E-01  5.12018E-11  2.56009E-12  1.00000E+00 SDSS.U 
 4.43400E-01  8.85720E-11  3.24539E-11  1.00000E+00 JOHNSON.B 
 5.30700E-01  2.99617E-10  6.29186E-11  1.00000E+00 TYCHO2.VT 
 5.49300E-01  2.70686E-10  3.61497E-11  1.00000E+00 JOHNSON.V 
 5.49300E-01  2.18309E-10  8.18658E-11  1.00000E+00 JOHNSON.V 
 6.24700E-01  3.83391E-10  1.91695E-11  1.00000E+00 SDSS.RP 
 6.40000E-01  3.37267E-10  1.21791E-10  1.00000E+00 JOHNSON.R 
 1.23930E+00  6.42692E-10  3.21346E-11  1.00000E+00 2MASS.J 
 1.64950E+00  6.85606E-10  3.42803E-11  1.00000E+00 2MASS.H 
 2.16390E+00  5.02730E-10  2.51365E-11  1.00000E+00 2MASS.KS 
 3.36820E+00  2.78030E-10  1.39015E-11  1.00000E+00 WISE.W1 
 3.55690E+00  2.13409E-10  1.06705E-11  1.00000E+00 IRAC.36 
 3.60000E+00  2.16517E-10  1.08258E-11  1.00000E+00 IRAC.36 
 4.50000E+00  1.39903E-10  6.99516E-12  1.00000E+00 IRAC.45 
 4.50200E+00  1.30185E-10  6.50927E-12  1.00000E+00 IRAC.45 
 4.61790E+00  1.52814E-10  7.64072E-12  1.00000E+00 WISE.W2 
 5.74500E+00  7.69180E-11  3.84590E-12  1.00000E+00 IRAC.58 
 5.80000E+00  7.75325E-11  3.87663E-12  1.00000E+00 IRAC.58 
 7.91580E+00  5.37034E-11  2.68517E-12  1.00000E+00 IRAC.80 
 8.00000E+00  5.99585E-11  2.99792E-12  1.00000E+00 IRAC.80 
 9.09950E+00  8.60221E-11  8.56597E-12  1.00000E+00 AKARI.S9W 
 1.20730E+01  4.12801E-11  2.06401E-12  1.00000E+00 WISE.W3 
 1.95050E+01  4.15913E-11  4.68786E-12  1.00000E+00 AKARI.L18W 
 2.21943E+01  4.21276E-11  2.10638E-12  1.00000E+00 WISE.W4 
 2.40000E+01  5.24637E-11  2.62318E-12  1.00000E+00 MIPS.24 
 2.42035E+01  5.06105E-11  2.53053E-12  1.00000E+00 MIPS.24 
 7.00000E+01  4.79668E-11  4.28275E-12  1.00000E+00 MIPS.70 
 7.00000E+01  5.26778E-11  5.13930E-12  1.00000E+00 PACS.70 
 7.04471E+01  4.77900E-11  9.55801E-12  1.00000E+00 MIPS.70 
 8.78971E+01  4.34526E-11  4.97965E-12  1.00000E+00 AKARI.WIDES 
 1.00000E+02  4.43693E-11  4.49689E-12  1.00000E+00 PACS.100 
 1.60000E+02  2.90424E-11  2.06107E-12  1.00000E+00 MIPS.160 
 1.60000E+02  3.33519E-11  3.37267E-12  1.00000E+00 PACS.160 
 2.00073E+02  3.13461E-11  2.75123E-12  1.00000E+00 generic 
 2.49322E+02  2.42352E-11  1.99875E-12  1.00000E+00 generic 
 3.01954E+02  1.88805E-11  1.71726E-12  1.00000E+00 generic 
 3.49500E+02  1.42757E-11  1.15761E-12  1.00000E+00 generic 
 3.50000E+02  1.05784E-11  6.85240E-13  1.00000E+00 generic 
 3.98169E+02  1.13058E-11  8.78968E-13  1.00000E+00 generic 
 4.97091E+02  6.82853E-12  7.02067E-13  1.00000E+00 generic 
 5.88357E+02  4.35917E-12  6.13376E-13  1.00000E+00 generic 
 8.50000E+02  1.50954E-12  7.54772E-14  1.00000E+00 generic 
 8.60011E+02  1.08063E-12  1.08063E-13  1.00000E+00 SCUBA.850WB 
 1.30000E+03  3.85118E-13  3.85118E-14  1.00000E+00 generic 
 7.80000E+03  1.91406E-16  3.45914E-17  1.00000E+00 generic 
 8.60000E+03  1.15385E-16  2.57961E-17  1.00000E+00 generic 
 9.60000E+03  7.61972E-17  1.49896E-17  1.00000E+00 generic 
 1.08000E+04  6.10688E-17  1.22138E-17  1.00000E+00 generic 
 5.18700E+00  1.22501E-10  7.77368E-12  5.82225E-02 SpitzerIRS 
 5.21720E+00  1.12845E-10  5.64223E-12  5.80771E-02 SpitzerIRS 
 5.24750E+00  1.00395E-10  5.01977E-12  5.75512E-02 SpitzerIRS 
 5.27770E+00  1.02167E-10  5.10835E-12  5.74114E-02 SpitzerIRS 
 5.30800E+00  1.03781E-10  5.18904E-12  5.68953E-02 SpitzerIRS 
 5.33820E+00  1.02127E-10  5.10633E-12  5.67607E-02 SpitzerIRS 
 5.36850E+00  1.03762E-10  5.18808E-12  5.62541E-02 SpitzerIRS 
 5.39870E+00  1.00632E-10  5.03162E-12  5.59394E-02 SpitzerIRS 
 5.42890E+00  1.00520E-10  5.02599E-12  5.58124E-02 SpitzerIRS 
 5.45920E+00  9.83969E-11  4.91984E-12  5.53195E-02 SpitzerIRS 
 5.48940E+00  9.53925E-11  4.76962E-12  5.51973E-02 SpitzerIRS 
 5.51970E+00  9.31417E-11  4.65708E-12  5.47131E-02 SpitzerIRS 
 5.54990E+00  8.81514E-11  4.40757E-12  5.45956E-02 SpitzerIRS 
 5.58020E+00  9.04019E-11  4.52010E-12  5.41199E-02 SpitzerIRS 
 5.61040E+00  8.56779E-11  4.28389E-12  5.38286E-02 SpitzerIRS 
 5.64060E+00  8.52670E-11  4.26335E-12  5.37177E-02 SpitzerIRS 
 5.67090E+00  8.43885E-11  4.21942E-12  5.32543E-02 SpitzerIRS 
 5.70110E+00  8.50300E-11  4.25150E-12  5.31476E-02 SpitzerIRS 
 5.73140E+00  8.52709E-11  4.26355E-12  5.26922E-02 SpitzerIRS 
 5.76160E+00  8.30704E-11  4.15352E-12  5.24160E-02 SpitzerIRS 
 5.79180E+00  7.95834E-11  3.97917E-12  5.23153E-02 SpitzerIRS 
 5.82210E+00  7.88190E-11  3.94095E-12  5.18713E-02 SpitzerIRS 
 5.85230E+00  8.04306E-11  4.02153E-12  5.17745E-02 SpitzerIRS 
 5.88260E+00  8.03527E-11  4.01763E-12  5.13378E-02 SpitzerIRS 
 5.91280E+00  7.53689E-11  3.76845E-12  5.10756E-02 SpitzerIRS 
 5.94300E+00  7.76192E-11  3.88096E-12  5.09844E-02 SpitzerIRS 
 5.97330E+00  7.83396E-11  3.91698E-12  5.05583E-02 SpitzerIRS 
 6.00350E+00  7.79605E-11  3.89803E-12  5.04706E-02 SpitzerIRS 
 6.03380E+00  7.65405E-11  3.82703E-12  5.00514E-02 SpitzerIRS 
 6.06400E+00  7.60506E-11  3.80253E-12  4.99670E-02 SpitzerIRS 
 6.09430E+00  7.71630E-11  3.85815E-12  4.95545E-02 SpitzerIRS 
 6.12450E+00  7.39777E-11  3.69888E-12  4.93101E-02 SpitzerIRS 
 6.15470E+00  7.39410E-11  3.69705E-12  4.92307E-02 SpitzerIRS 
 6.18500E+00  7.43398E-11  3.71699E-12  4.88278E-02 SpitzerIRS 
 6.21520E+00  7.56138E-11  3.78069E-12  4.87514E-02 SpitzerIRS 
 6.24550E+00  7.24004E-11  3.62002E-12  4.83548E-02 SpitzerIRS 
 6.27570E+00  7.01842E-11  3.50921E-12  4.82815E-02 SpitzerIRS 
 6.30600E+00  6.87155E-11  3.43578E-12  4.78909E-02 SpitzerIRS 
 6.33620E+00  7.10045E-11  3.55022E-12  4.76626E-02 SpitzerIRS 
 6.36640E+00  6.81154E-11  4.08269E-12  4.75936E-02 SpitzerIRS 
 6.39670E+00  6.89269E-11  3.44635E-12  4.72118E-02 SpitzerIRS 
 6.42690E+00  6.68211E-11  3.34106E-12  4.71456E-02 SpitzerIRS 
 6.45720E+00  7.05793E-11  3.52896E-12  4.67695E-02 SpitzerIRS 
 6.48740E+00  7.03570E-11  8.38277E-12  4.67059E-02 SpitzerIRS 
 6.51770E+00  7.10832E-11  5.38161E-12  4.63354E-02 SpitzerIRS 
 6.54790E+00  6.83700E-11  3.41850E-12  4.61217E-02 SpitzerIRS 
 6.57810E+00  7.06083E-11  6.34850E-12  4.60619E-02 SpitzerIRS 
 6.60840E+00  6.82295E-11  3.41148E-12  4.56994E-02 SpitzerIRS 
 6.63860E+00  6.41258E-11  3.20629E-12  4.56422E-02 SpitzerIRS 
 6.66890E+00  6.07551E-11  3.03775E-12  4.52848E-02 SpitzerIRS 
 6.69910E+00  5.85032E-11  2.92516E-12  4.52300E-02 SpitzerIRS 
 6.72940E+00  5.86140E-11  2.93070E-12  4.48777E-02 SpitzerIRS 
 6.75960E+00  5.78864E-11  3.39726E-12  4.46772E-02 SpitzerIRS 
 6.78980E+00  5.96468E-11  2.98234E-12  4.46258E-02 SpitzerIRS 
 6.82010E+00  5.85554E-11  2.92777E-12  4.42809E-02 SpitzerIRS 
 6.85030E+00  5.96539E-11  2.98269E-12  4.42316E-02 SpitzerIRS 
 6.88060E+00  5.55875E-11  4.94527E-12  4.38915E-02 SpitzerIRS 
 6.91080E+00  5.72620E-11  3.65696E-12  4.36997E-02 SpitzerIRS 
 6.94100E+00  5.51901E-11  2.75951E-12  4.36537E-02 SpitzerIRS 
 6.97130E+00  5.75477E-11  2.88986E-12  4.33205E-02 SpitzerIRS 
 7.00150E+00  5.50215E-11  2.75108E-12  4.32764E-02 SpitzerIRS 
 7.03180E+00  5.53003E-11  2.76502E-12  4.29478E-02 SpitzerIRS 
 7.06200E+00  5.60105E-11  3.83337E-12  4.27641E-02 SpitzerIRS 
 7.09220E+00  5.51591E-11  2.75795E-12  4.27230E-02 SpitzerIRS 
 7.12250E+00  5.40658E-11  2.70329E-12  4.24008E-02 SpitzerIRS 
 7.15270E+00  5.48266E-11  2.74133E-12  4.23616E-02 SpitzerIRS 
 7.18300E+00  5.19701E-11  2.59851E-12  4.20437E-02 SpitzerIRS 
 7.21320E+00  5.02023E-11  2.51012E-12  4.20063E-02 SpitzerIRS 
 7.24350E+00  5.14616E-11  2.57308E-12  4.16926E-02 SpitzerIRS 
 7.27370E+00  5.31150E-11  2.65575E-12  4.15194E-02 SpitzerIRS 
 7.30390E+00  5.07938E-11  3.21387E-12  4.14847E-02 SpitzerIRS 
 7.33420E+00  4.90389E-11  2.45194E-12  4.11770E-02 SpitzerIRS 
 7.36440E+00  4.75229E-11  2.37615E-12  4.11439E-02 SpitzerIRS 
 7.39470E+00  5.06120E-11  2.53060E-12  4.08401E-02 SpitzerIRS 
 7.42490E+00  5.09674E-11  3.55314E-12  4.08086E-02 SpitzerIRS 
 7.45520E+00  4.80017E-11  2.82292E-12  4.05086E-02 SpitzerIRS 
 7.48540E+00  4.73955E-11  2.36978E-12  4.03452E-02 SpitzerIRS 
 7.51560E+00  4.55098E-11  2.58882E-12  4.03161E-02 SpitzerIRS 
 7.54590E+00  4.47788E-11  2.23894E-12  4.00217E-02 SpitzerIRS 
 7.57610E+00  4.72911E-11  2.36455E-12  7.98564E-02 SpitzerIRS 
 7.63660E+00  4.83375E-11  2.41688E-12  7.92237E-02 SpitzerIRS 
 7.69710E+00  4.83938E-11  2.41969E-12  7.86010E-02 SpitzerIRS 
 7.75760E+00  4.57595E-11  2.28798E-12  7.78591E-02 SpitzerIRS 
 7.81800E+00  4.46429E-11  2.23215E-12  7.73855E-02 SpitzerIRS 
 7.87850E+00  4.43876E-11  2.21938E-12  7.67913E-02 SpitzerIRS 
 7.93900E+00  4.56505E-11  2.28252E-12  7.62061E-02 SpitzerIRS 
 7.99950E+00  4.54626E-11  2.63459E-12  7.56297E-02 SpitzerIRS 
 8.06000E+00  4.58355E-11  2.41768E-12  7.50620E-02 SpitzerIRS 
 8.12050E+00  4.64760E-11  2.32380E-12  7.45028E-02 SpitzerIRS 
 8.18100E+00  4.83274E-11  2.41637E-12  7.38296E-02 SpitzerIRS 
 8.24140E+00  4.99157E-11  2.49578E-12  7.34099E-02 SpitzerIRS 
 8.30190E+00  4.98480E-11  2.49240E-12  7.28749E-02 SpitzerIRS 
 8.36240E+00  5.19969E-11  2.59985E-12  7.23477E-02 SpitzerIRS 
 8.42290E+00  5.53749E-11  2.76874E-12  7.18280E-02 SpitzerIRS 
 8.48340E+00  5.49164E-11  2.74582E-12  7.13157E-02 SpitzerIRS 
 8.54390E+00  5.74328E-11  2.87164E-12  7.06937E-02 SpitzerIRS 
 8.60430E+00  5.95209E-11  2.97604E-12  7.03137E-02 SpitzerIRS 
 8.66480E+00  6.13196E-11  3.06598E-12  6.98227E-02 SpitzerIRS 
 8.72530E+00  6.42238E-11  3.21119E-12  6.93386E-02 SpitzerIRS 
 8.78580E+00  6.65523E-11  3.32762E-12  6.88611E-02 SpitzerIRS 
 8.84630E+00  6.93031E-11  3.46515E-12  6.83902E-02 SpitzerIRS 
 8.90680E+00  7.23396E-11  3.61698E-12  6.78134E-02 SpitzerIRS 
 8.96720E+00  7.47642E-11  3.73821E-12  6.74681E-02 SpitzerIRS 
 9.02770E+00  7.81087E-11  3.90543E-12  6.70160E-02 SpitzerIRS 
 9.08820E+00  8.48690E-11  4.24345E-12  6.65698E-02 SpitzerIRS 
 9.14870E+00  9.04093E-11  4.52046E-12  6.61296E-02 SpitzerIRS 
 9.20920E+00  9.19085E-11  4.59543E-12  6.56952E-02 SpitzerIRS 
 9.26970E+00  9.78351E-11  4.89176E-12  6.51585E-02 SpitzerIRS 
 9.33010E+00  1.01430E-10  5.07152E-12  6.48439E-02 SpitzerIRS 
 9.39060E+00  1.02648E-10  5.13238E-12  6.44261E-02 SpitzerIRS 
 9.45110E+00  1.06980E-10  5.34901E-12  6.40137E-02 SpitzerIRS 
 9.51160E+00  1.10362E-10  5.51812E-12  6.36065E-02 SpitzerIRS 
 9.57210E+00  1.11159E-10  5.55794E-12  6.32045E-02 SpitzerIRS 
 9.63260E+00  1.09126E-10  5.45628E-12  6.28075E-02 SpitzerIRS 
 9.69310E+00  1.10977E-10  5.54887E-12  6.23124E-02 SpitzerIRS 
 9.75350E+00  1.12835E-10  5.64176E-12  6.20290E-02 SpitzerIRS 
 9.81400E+00  1.11321E-10  5.56605E-12  6.16466E-02 SpitzerIRS 
 9.87450E+00  1.12281E-10  5.61407E-12  6.12689E-02 SpitzerIRS 
 9.93500E+00  1.11540E-10  5.57701E-12  6.08958E-02 SpitzerIRS 
 9.99550E+00  1.09207E-10  5.46033E-12  6.05272E-02 SpitzerIRS 
 1.00560E+01  1.08466E-10  5.42330E-12  6.00636E-02 SpitzerIRS 
 1.01164E+01  1.07383E-10  5.36914E-12  5.98039E-02 SpitzerIRS 
 1.01769E+01  1.04886E-10  5.24428E-12  5.94484E-02 SpitzerIRS 
 1.02374E+01  1.00925E-10  5.04623E-12  5.90970E-02 SpitzerIRS 
 1.02979E+01  9.81977E-11  4.90988E-12  5.87498E-02 SpitzerIRS 
 1.03584E+01  9.62031E-11  4.81015E-12  5.83102E-02 SpitzerIRS 
 1.04188E+01  9.43304E-11  4.71652E-12  5.80681E-02 SpitzerIRS 
 1.04793E+01  9.03185E-11  4.51593E-12  5.77329E-02 SpitzerIRS 
 1.05398E+01  8.80764E-11  4.40382E-12  5.74015E-02 SpitzerIRS 
 1.06003E+01  8.63321E-11  4.31661E-12  5.70739E-02 SpitzerIRS 
 1.06608E+01  8.57016E-11  4.28508E-12  5.67500E-02 SpitzerIRS 
 1.07213E+01  8.42309E-11  4.21155E-12  5.63365E-02 SpitzerIRS 
 1.07817E+01  8.12176E-11  4.06088E-12  5.61136E-02 SpitzerIRS 
 1.08422E+01  7.82150E-11  3.91075E-12  5.58005E-02 SpitzerIRS 
 1.09027E+01  7.70551E-11  3.85275E-12  5.54908E-02 SpitzerIRS 
 1.09632E+01  7.52352E-11  3.76176E-12  5.51846E-02 SpitzerIRS 
 1.10237E+01  7.45368E-11  3.72684E-12  5.48818E-02 SpitzerIRS 
 1.10842E+01  7.10926E-11  3.55463E-12  5.45822E-02 SpitzerIRS 
 1.11447E+01  7.06286E-11  3.53143E-12  5.41962E-02 SpitzerIRS 
 1.12051E+01  6.98573E-11  3.49287E-12  5.39933E-02 SpitzerIRS 
 1.12656E+01  6.73107E-11  3.36553E-12  5.37033E-02 SpitzerIRS 
 1.13261E+01  6.34334E-11  3.17167E-12  5.34164E-02 SpitzerIRS 
 1.13866E+01  6.23433E-11  3.11717E-12  5.31326E-02 SpitzerIRS 
 1.14471E+01  5.92613E-11  2.96307E-12  5.28518E-02 SpitzerIRS 
 1.15076E+01  5.65973E-11  2.82987E-12  5.24871E-02 SpitzerIRS 
 1.15680E+01  5.44825E-11  2.72413E-12  5.22994E-02 SpitzerIRS 
 1.16285E+01  5.09971E-11  2.54985E-12  5.20273E-02 SpitzerIRS 
 1.16890E+01  4.95687E-11  2.47844E-12  5.17581E-02 SpitzerIRS 
 1.17495E+01  4.72927E-11  2.36463E-12  5.14916E-02 SpitzerIRS 
 1.18100E+01  4.48089E-11  2.24045E-12  5.12278E-02 SpitzerIRS 
 1.18705E+01  4.39744E-11  2.19872E-12  5.08824E-02 SpitzerIRS 
 1.19309E+01  4.13999E-11  2.06999E-12  5.07087E-02 SpitzerIRS 
 1.19914E+01  3.95785E-11  1.97892E-12  5.04528E-02 SpitzerIRS 
 1.20519E+01  3.89072E-11  1.94536E-12  5.01996E-02 SpitzerIRS 
 1.21124E+01  3.77302E-11  1.88651E-12  4.99488E-02 SpitzerIRS 
 1.21729E+01  3.55676E-11  1.77838E-12  4.97006E-02 SpitzerIRS 
 1.22334E+01  3.49015E-11  1.74508E-12  4.93730E-02 SpitzerIRS 
 1.22938E+01  3.38180E-11  1.69090E-12  4.92118E-02 SpitzerIRS 
 1.23543E+01  3.35505E-11  1.67753E-12  4.89708E-02 SpitzerIRS 
 1.24148E+01  3.37323E-11  1.68662E-12  4.87322E-02 SpitzerIRS 
 1.24753E+01  3.37610E-11  1.68805E-12  4.84958E-02 SpitzerIRS 
 1.25358E+01  3.22062E-11  1.73861E-12  4.82618E-02 SpitzerIRS 
 1.25963E+01  3.16422E-11  1.58211E-12  4.79506E-02 SpitzerIRS 
 1.26567E+01  3.12211E-11  1.56106E-12  4.78008E-02 SpitzerIRS 
 1.27172E+01  3.07096E-11  1.53548E-12  4.75734E-02 SpitzerIRS 
 1.27777E+01  3.08621E-11  1.54311E-12  4.73481E-02 SpitzerIRS 
 1.28382E+01  3.07704E-11  1.53852E-12  4.71250E-02 SpitzerIRS 
 1.28987E+01  2.98637E-11  1.49319E-12  4.69040E-02 SpitzerIRS 
 1.29592E+01  2.90465E-11  1.45233E-12  4.66850E-02 SpitzerIRS 
 1.30197E+01  2.87135E-11  1.43568E-12  4.63912E-02 SpitzerIRS 
 1.30801E+01  2.93785E-11  1.46893E-12  4.62535E-02 SpitzerIRS 
 1.31406E+01  2.79428E-11  1.39714E-12  4.60405E-02 SpitzerIRS 
 1.32011E+01  2.72720E-11  1.36360E-12  4.58295E-02 SpitzerIRS 
 1.32616E+01  2.70821E-11  1.35410E-12  4.56204E-02 SpitzerIRS 
 1.33221E+01  2.73979E-11  1.36989E-12  4.54133E-02 SpitzerIRS 
 1.33826E+01  2.74801E-11  1.37401E-12  4.51332E-02 SpitzerIRS 
 1.34430E+01  2.84561E-11  1.42280E-12  4.50048E-02 SpitzerIRS 
 1.35035E+01  2.89746E-11  1.44873E-12  4.48032E-02 SpitzerIRS 
 1.35640E+01  2.82398E-11  1.41199E-12  4.46034E-02 SpitzerIRS 
 1.36245E+01  2.86535E-11  1.43268E-12  4.44053E-02 SpitzerIRS 
 1.36850E+01  2.79616E-11  1.39808E-12  4.42090E-02 SpitzerIRS 
 1.37455E+01  2.90229E-11  1.45114E-12  4.39417E-02 SpitzerIRS 
 1.38059E+01  2.77494E-11  1.38747E-12  4.38218E-02 SpitzerIRS 
 1.38664E+01  2.91482E-11  1.45741E-12  4.36306E-02 SpitzerIRS 
 1.39269E+01  2.82789E-11  1.41394E-12  4.34411E-02 SpitzerIRS 
 1.39874E+01  2.89689E-11  1.44844E-12  1.19107E-01 SpitzerIRS 
 1.41540E+01  3.23706E-11  1.61853E-12  5.98417E-02 SpitzerIRS 
 1.42387E+01  3.11737E-11  1.55868E-12  5.94858E-02 SpitzerIRS 
 1.43234E+01  3.26093E-11  1.63047E-12  5.91340E-02 SpitzerIRS 
 1.44081E+01  3.23656E-11  1.61828E-12  5.87170E-02 SpitzerIRS 
 1.44927E+01  3.14403E-11  1.57201E-12  5.84432E-02 SpitzerIRS 
 1.45774E+01  3.13563E-11  1.56782E-12  5.81036E-02 SpitzerIRS 
 1.46621E+01  3.03737E-11  1.51868E-12  5.77680E-02 SpitzerIRS 
 1.47468E+01  3.01382E-11  1.50691E-12  5.74362E-02 SpitzerIRS 
 1.48315E+01  3.08979E-11  1.54490E-12  5.70408E-02 SpitzerIRS 
 1.49161E+01  3.19085E-11  1.59543E-12  5.67843E-02 SpitzerIRS 
 1.50008E+01  3.22959E-11  1.61480E-12  5.64637E-02 SpitzerIRS 
 1.50855E+01  3.24047E-11  1.62024E-12  5.60803E-02 SpitzerIRS 
 1.51701E+01  3.02696E-11  1.51348E-12  5.58335E-02 SpitzerIRS 
 1.52548E+01  3.15400E-11  1.57700E-12  5.55235E-02 SpitzerIRS 
 1.53395E+01  3.17998E-11  1.58999E-12  5.52169E-02 SpitzerIRS 
 1.54242E+01  3.30032E-11  1.65016E-12  5.49137E-02 SpitzerIRS 
 1.55089E+01  3.45878E-11  1.72939E-12  5.45493E-02 SpitzerIRS 
 1.55935E+01  3.42963E-11  1.71482E-12  5.43175E-02 SpitzerIRS 
 1.56782E+01  3.39389E-11  1.69695E-12  5.40241E-02 SpitzerIRS 
 1.57629E+01  3.46467E-11  1.73233E-12  5.37338E-02 SpitzerIRS 
 1.58476E+01  3.55379E-11  1.77689E-12  5.33835E-02 SpitzerIRS 
 1.59322E+01  3.57029E-11  1.78515E-12  5.31628E-02 SpitzerIRS 
 1.60169E+01  3.81738E-11  2.17682E-12  5.28816E-02 SpitzerIRS 
 1.61016E+01  4.11438E-11  2.05719E-12  5.26035E-02 SpitzerIRS 
 1.61863E+01  4.09119E-11  2.04559E-12  5.23282E-02 SpitzerIRS 
 1.62710E+01  4.21858E-11  2.10929E-12  5.19943E-02 SpitzerIRS 
 1.63556E+01  4.27942E-11  2.13971E-12  5.17865E-02 SpitzerIRS 
 1.64403E+01  4.33013E-11  2.16507E-12  5.15197E-02 SpitzerIRS 
 1.65250E+01  4.45616E-11  2.22808E-12  5.12557E-02 SpitzerIRS 
 1.66097E+01  4.46827E-11  2.23413E-12  5.09341E-02 SpitzerIRS 
 1.66943E+01  4.41851E-11  2.37940E-12  5.07359E-02 SpitzerIRS 
 1.67790E+01  4.58828E-11  2.29414E-12  5.04798E-02 SpitzerIRS 
 1.68637E+01  4.67030E-11  2.33515E-12  5.02262E-02 SpitzerIRS 
 1.69484E+01  4.71453E-11  2.35726E-12  4.99162E-02 SpitzerIRS 
 1.70330E+01  4.77771E-11  2.38885E-12  4.97270E-02 SpitzerIRS 
 1.71177E+01  4.74093E-11  2.37047E-12  4.94809E-02 SpitzerIRS 
 1.72024E+01  5.02466E-11  2.51233E-12  4.92373E-02 SpitzerIRS 
 1.72871E+01  4.97559E-11  2.48779E-12  4.89382E-02 SpitzerIRS 
 1.73717E+01  5.08510E-11  2.54255E-12  4.87575E-02 SpitzerIRS 
 1.74564E+01  5.11985E-11  2.55992E-12  4.85209E-02 SpitzerIRS 
 1.75411E+01  5.14520E-11  2.57260E-12  4.82866E-02 SpitzerIRS 
 1.76258E+01  5.12524E-11  2.56262E-12  4.80546E-02 SpitzerIRS 
 1.77105E+01  5.33416E-11  2.66708E-12  4.77683E-02 SpitzerIRS 
 1.77951E+01  5.26904E-11  2.63452E-12  4.75974E-02 SpitzerIRS 
 1.78798E+01  5.01789E-11  3.47582E-12  4.73719E-02 SpitzerIRS 
 1.79645E+01  5.24355E-11  2.62178E-12  4.71485E-02 SpitzerIRS 
 1.80492E+01  5.28173E-11  2.64087E-12  4.68719E-02 SpitzerIRS 
 1.81338E+01  5.55153E-11  2.77576E-12  4.67084E-02 SpitzerIRS 
 1.82185E+01  5.45513E-11  2.72756E-12  4.64912E-02 SpitzerIRS 
 1.83032E+01  5.65215E-11  2.82607E-12  4.62761E-02 SpitzerIRS 
 1.83879E+01  5.51753E-11  2.75876E-12  4.60085E-02 SpitzerIRS 
 1.84725E+01  5.64757E-11  2.82379E-12  4.58519E-02 SpitzerIRS 
 1.85572E+01  5.67317E-11  2.83658E-12  4.56427E-02 SpitzerIRS 
 1.86419E+01  5.58934E-11  2.79467E-12  4.54353E-02 SpitzerIRS 
 1.87266E+01  5.67052E-11  2.83526E-12  4.52298E-02 SpitzerIRS 
 1.88113E+01  5.76913E-11  2.88457E-12  4.49730E-02 SpitzerIRS 
 1.88959E+01  5.79233E-11  2.89616E-12  4.48245E-02 SpitzerIRS 
 1.89806E+01  5.83550E-11  2.91775E-12  4.46245E-02 SpitzerIRS 
 1.90653E+01  5.73945E-11  2.86972E-12  4.44263E-02 SpitzerIRS 
 1.91500E+01  5.66209E-11  2.83104E-12  4.41775E-02 SpitzerIRS 
 1.92346E+01  5.63890E-11  2.81945E-12  4.40352E-02 SpitzerIRS 
 1.93193E+01  5.84554E-11  2.92277E-12  4.38422E-02 SpitzerIRS 
 1.94040E+01  5.83053E-11  2.91527E-12  4.36508E-02 SpitzerIRS 
 1.94887E+01  5.71659E-11  2.85829E-12  4.34611E-02 SpitzerIRS 
 1.95734E+01  5.66459E-11  2.83229E-12  4.32219E-02 SpitzerIRS 
 1.96580E+01  5.36113E-11  2.68056E-12  4.30868E-02 SpitzerIRS 
 1.97427E+01  5.46614E-11  2.73307E-12  4.29019E-02 SpitzerIRS 
 1.98274E+01  5.50750E-11  2.75375E-12  4.27187E-02 SpitzerIRS 
 1.99121E+01  5.57441E-11  2.78720E-12  4.24867E-02 SpitzerIRS 
 1.99967E+01  5.43553E-11  2.71777E-12  4.23570E-02 SpitzerIRS 
 2.00814E+01  5.42709E-11  2.71354E-12  4.21783E-02 SpitzerIRS 
 2.01661E+01  5.45573E-11  2.72787E-12  4.20012E-02 SpitzerIRS 
 2.02508E+01  5.41692E-11  2.70846E-12  4.17761E-02 SpitzerIRS 
 2.03354E+01  5.29267E-11  2.64633E-12  4.16515E-02 SpitzerIRS 
 2.04201E+01  5.25119E-11  2.62559E-12  4.14787E-02 SpitzerIRS 
 2.05048E+01  5.34485E-11  2.67243E-12  4.13074E-02 SpitzerIRS 
 2.05895E+01  5.38999E-11  2.69499E-12  4.11375E-02 SpitzerIRS 
 2.06742E+01  5.54496E-11  2.77248E-12  8.18895E-02 SpitzerIRS 
 2.08435E+01  5.53516E-11  2.76758E-12  8.12723E-02 SpitzerIRS 
 2.10129E+01  5.53876E-11  2.76938E-12  8.05696E-02 SpitzerIRS 
 2.11822E+01  5.37787E-11  2.68894E-12  7.99728E-02 SpitzerIRS 
 2.13516E+01  5.38842E-11  2.69421E-12  7.92915E-02 SpitzerIRS 
 2.15209E+01  5.49174E-11  2.74587E-12  7.87142E-02 SpitzerIRS 
 2.16903E+01  5.34367E-11  2.67183E-12  7.80533E-02 SpitzerIRS 
 2.18596E+01  5.31709E-11  2.65855E-12  7.74946E-02 SpitzerIRS 
 2.20290E+01  5.33554E-11  2.66777E-12  7.68532E-02 SpitzerIRS 
 2.21983E+01  5.22921E-11  2.61461E-12  7.63122E-02 SpitzerIRS 
 2.23677E+01  5.11589E-11  2.55795E-12  7.56895E-02 SpitzerIRS 
 2.25370E+01  5.16938E-11  2.58469E-12  7.51653E-02 SpitzerIRS 
 2.27064E+01  5.20528E-11  2.60264E-12  7.45605E-02 SpitzerIRS 
 2.28757E+01  5.34342E-11  2.67171E-12  7.40524E-02 SpitzerIRS 
 2.30451E+01  5.21099E-11  2.60550E-12  7.35080E-02 SpitzerIRS 
 2.32145E+01  5.13113E-11  2.56556E-12  7.29286E-02 SpitzerIRS 
 2.33838E+01  5.01552E-11  2.50776E-12  7.24433E-02 SpitzerIRS 
 2.35532E+01  5.21135E-11  2.60568E-12  7.18798E-02 SpitzerIRS 
 2.37225E+01  5.22635E-11  2.61318E-12  7.14090E-02 SpitzerIRS 
 2.38919E+01  5.17286E-11  2.58643E-12  7.08608E-02 SpitzerIRS 
 2.40612E+01  5.19814E-11  2.59907E-12  7.04038E-02 SpitzerIRS 
 2.42306E+01  5.09078E-11  2.54539E-12  6.98703E-02 SpitzerIRS 
 2.43999E+01  5.14822E-11  2.57411E-12  6.94265E-02 SpitzerIRS 
 2.45693E+01  5.12114E-11  2.56057E-12  6.89071E-02 SpitzerIRS 
 2.47386E+01  5.13602E-11  2.56801E-12  6.84760E-02 SpitzerIRS 
 2.49080E+01  5.05271E-11  2.52635E-12  6.80103E-02 SpitzerIRS 
 2.50774E+01  5.09425E-11  2.54713E-12  6.75110E-02 SpitzerIRS 
 2.52467E+01  5.09844E-11  2.54922E-12  6.70583E-02 SpitzerIRS 
 2.54160E+01  4.98946E-11  2.49473E-12  6.66509E-02 SpitzerIRS 
 2.55854E+01  4.89597E-11  2.44798E-12  6.62096E-02 SpitzerIRS 
 2.57548E+01  4.85620E-11  2.42810E-12  6.57353E-02 SpitzerIRS 
 2.59241E+01  4.89526E-11  2.44763E-12  6.53446E-02 SpitzerIRS 
 2.60935E+01  4.91587E-11  2.45793E-12  6.48821E-02 SpitzerIRS 
 2.62628E+01  4.90278E-11  2.45139E-12  6.45019E-02 SpitzerIRS 
 2.64322E+01  4.88906E-11  2.44453E-12  6.40507E-02 SpitzerIRS 
 2.66015E+01  4.89017E-11  2.44509E-12  6.36806E-02 SpitzerIRS 
 2.67709E+01  4.91645E-11  2.45823E-12  6.32403E-02 SpitzerIRS 
 2.69402E+01  4.74200E-11  2.37100E-12  6.28800E-02 SpitzerIRS 
 2.71096E+01  4.71459E-11  2.35729E-12  6.24502E-02 SpitzerIRS 
 2.72789E+01  4.99579E-11  2.49789E-12  6.20993E-02 SpitzerIRS 
 2.74483E+01  4.88512E-11  2.44256E-12  6.16796E-02 SpitzerIRS 
 2.76176E+01  4.88752E-11  2.44376E-12  6.13377E-02 SpitzerIRS 
 2.77870E+01  4.74606E-11  2.37303E-12  6.09638E-02 SpitzerIRS 
 2.79564E+01  4.81081E-11  2.40540E-12  6.05586E-02 SpitzerIRS 
 2.81257E+01  4.82577E-11  2.41288E-12  6.02296E-02 SpitzerIRS 
 2.82951E+01  4.96417E-11  2.48209E-12  5.98337E-02 SpitzerIRS 
 2.84644E+01  4.96930E-11  2.48465E-12  5.95129E-02 SpitzerIRS 
 2.86338E+01  4.89666E-11  2.44833E-12  5.91259E-02 SpitzerIRS 
 2.88031E+01  4.77566E-11  2.38783E-12  5.88131E-02 SpitzerIRS 
 2.89725E+01  4.77909E-11  2.38954E-12  5.84347E-02 SpitzerIRS 
 2.91418E+01  4.75441E-11  2.37721E-12  5.81296E-02 SpitzerIRS 
 2.93112E+01  4.79556E-11  2.39778E-12  5.77595E-02 SpitzerIRS 
 2.94805E+01  4.79650E-11  2.39825E-12  5.74617E-02 SpitzerIRS 
 2.96499E+01  4.80519E-11  2.40259E-12  5.71334E-02 SpitzerIRS 
 2.98193E+01  4.70209E-11  2.35104E-12  5.67753E-02 SpitzerIRS 
 2.99886E+01  4.76691E-11  2.38346E-12  5.64881E-02 SpitzerIRS 
 3.01580E+01  4.86658E-11  2.43329E-12  5.61377E-02 SpitzerIRS 
 3.03273E+01  4.85563E-11  2.42781E-12  5.58573E-02 SpitzerIRS 
 3.04967E+01  4.88754E-11  2.44377E-12  5.55142E-02 SpitzerIRS 
 3.06660E+01  4.94502E-11  2.47251E-12  5.52403E-02 SpitzerIRS 
 3.08354E+01  4.90658E-11  2.45329E-12  5.49044E-02 SpitzerIRS 
 3.10047E+01  4.86673E-11  2.43337E-12  5.46369E-02 SpitzerIRS 
 3.11741E+01  4.81922E-11  2.40961E-12  5.43079E-02 SpitzerIRS 
 3.13434E+01  4.76316E-11  2.38158E-12  5.40465E-02 SpitzerIRS 
 3.15128E+01  4.75991E-11  2.37996E-12  5.37242E-02 SpitzerIRS 
 3.16821E+01  4.81037E-11  2.40518E-12  5.34687E-02 SpitzerIRS 
 3.18515E+01  5.02112E-11  2.51056E-12  5.31843E-02 SpitzerIRS 
 3.20209E+01  4.84457E-11  2.42229E-12  5.28717E-02 SpitzerIRS 
 3.21902E+01  4.92862E-11  2.46431E-12  5.26247E-02 SpitzerIRS 
 3.23596E+01  5.03261E-11  2.51631E-12  5.23183E-02 SpitzerIRS 
 3.25289E+01  5.12816E-11  2.56408E-12  5.20768E-02 SpitzerIRS 
 3.26983E+01  5.10077E-11  2.55039E-12  5.17764E-02 SpitzerIRS 
 3.28676E+01  5.21478E-11  2.60739E-12  5.15401E-02 SpitzerIRS 
 3.30370E+01  5.26626E-11  2.63313E-12  5.12456E-02 SpitzerIRS 
 3.32063E+01  5.14489E-11  2.57244E-12  5.10144E-02 SpitzerIRS 
 3.33757E+01  5.21129E-11  2.60565E-12  5.07255E-02 SpitzerIRS 
 3.35450E+01  5.32602E-11  2.69987E-12  5.04993E-02 SpitzerIRS 
 3.37144E+01  5.05419E-11  2.52710E-12  5.02159E-02 SpitzerIRS 
 3.38837E+01  5.24633E-11  2.62316E-12  4.99945E-02 SpitzerIRS 
 3.40531E+01  5.33159E-11  2.66580E-12  4.97458E-02 SpitzerIRS 
 3.42225E+01  5.44528E-11  2.72264E-12  4.94704E-02 SpitzerIRS 
 3.43918E+01  5.51837E-11  2.75918E-12  4.92559E-02 SpitzerIRS 
 3.45612E+01  5.53591E-11  2.76795E-12  4.89856E-02 SpitzerIRS 
 3.47305E+01  5.46472E-11  2.73236E-12  4.87756E-02 SpitzerIRS 
 3.48999E+01  5.54661E-11  2.77330E-12  4.85102E-02 SpitzerIRS 
 3.50692E+01  5.47281E-11  2.73641E-12  4.83045E-02 SpitzerIRS 
 3.52386E+01  5.18447E-11  2.59224E-12  4.80439E-02 SpitzerIRS 
 3.54079E+01  5.37203E-11  2.68602E-12  4.78424E-02 SpitzerIRS 
 3.55773E+01  5.69826E-11  2.84913E-12  4.75865E-02 SpitzerIRS 
 3.57466E+01  5.26058E-11  2.63029E-12  4.73891E-02 SpitzerIRS 
 3.59160E+01  5.69769E-11  2.84885E-12  4.71378E-02 SpitzerIRS 
 3.60853E+01  6.21172E-11  3.53334E-12  4.69166E-02 SpitzerIRS 
 1.91388E+02  3.22798E-11  2.10834E-12  4.80768E-02 SPIREspec 
 1.92308E+02  3.18928E-11  1.59464E-12  4.83091E-02 SPIREspec 
 1.93237E+02  3.13209E-11  1.56605E-12  4.85436E-02 SPIREspec 
 1.94175E+02  3.09274E-11  1.54637E-12  4.87811E-02 SPIREspec 
 1.95122E+02  3.08944E-11  1.54472E-12  4.90195E-02 SPIREspec 
 1.96078E+02  3.12259E-11  1.56130E-12  4.92610E-02 SPIREspec 
 1.97044E+02  3.17936E-11  1.58968E-12  4.95049E-02 SPIREspec 
 1.98020E+02  3.23445E-11  1.61722E-12  4.97512E-02 SPIREspec 
 1.99005E+02  3.26126E-11  1.63063E-12  4.99999E-02 SPIREspec 
 2.00000E+02  3.25092E-11  1.62546E-12  5.02512E-02 SPIREspec 
 2.01005E+02  3.21031E-11  1.60515E-12  5.05050E-02 SPIREspec 
 2.02020E+02  3.15571E-11  1.57786E-12  5.07613E-02 SPIREspec 
 2.03046E+02  3.10631E-11  1.55316E-12  5.10210E-02 SPIREspec 
 2.04082E+02  3.07242E-11  1.53621E-12  5.12820E-02 SPIREspec 
 2.05128E+02  3.05647E-11  1.52823E-12  5.15463E-02 SPIREspec 
 2.06186E+02  3.05047E-11  1.52523E-12  5.18134E-02 SPIREspec 
 2.07254E+02  3.04979E-11  1.52489E-12  5.20833E-02 SPIREspec 
 2.08333E+02  3.04914E-11  1.52457E-12  5.23559E-02 SPIREspec 
 2.09424E+02  3.04267E-11  1.52133E-12  5.26315E-02 SPIREspec 
 2.10526E+02  3.03073E-11  1.51537E-12  5.29100E-02 SPIREspec 
 2.11640E+02  3.01237E-11  1.50618E-12  5.31914E-02 SPIREspec 
 2.12766E+02  2.98696E-11  1.49348E-12  5.34766E-02 SPIREspec 
 2.13904E+02  2.95198E-11  1.47599E-12  5.37634E-02 SPIREspec 
 2.15054E+02  2.91325E-11  1.45663E-12  5.40540E-02 SPIREspec 
 2.16216E+02  2.87718E-11  1.43859E-12  5.43477E-02 SPIREspec 
 2.17391E+02  2.84813E-11  1.42407E-12  5.46447E-02 SPIREspec 
 2.18579E+02  2.83123E-11  1.41561E-12  5.49450E-02 SPIREspec 
 2.19780E+02  2.82165E-11  1.41082E-12  5.52485E-02 SPIREspec 
 2.20994E+02  2.81499E-11  1.40749E-12  5.55555E-02 SPIREspec 
 2.22222E+02  2.80408E-11  1.40204E-12  5.58666E-02 SPIREspec 
 2.23464E+02  2.79071E-11  1.39536E-12  5.61797E-02 SPIREspec 
 2.24719E+02  2.77857E-11  1.38928E-12  5.64971E-02 SPIREspec 
 2.25989E+02  2.77139E-11  1.38569E-12  5.68181E-02 SPIREspec 
 2.27273E+02  2.77655E-11  1.38828E-12  5.71428E-02 SPIREspec 
 2.28571E+02  2.78783E-11  1.39391E-12  5.74712E-02 SPIREspec 
 2.29885E+02  2.79752E-11  1.39876E-12  5.78034E-02 SPIREspec 
 2.31214E+02  2.78948E-11  1.39474E-12  5.81394E-02 SPIREspec 
 2.32558E+02  2.75533E-11  1.37766E-12  5.84794E-02 SPIREspec 
 2.33918E+02  2.69560E-11  1.34780E-12  5.88242E-02 SPIREspec 
 2.35294E+02  2.62399E-11  1.31200E-12  5.91715E-02 SPIREspec 
 2.36686E+02  2.56333E-11  1.28167E-12  5.95237E-02 SPIREspec 
 2.38095E+02  2.52740E-11  1.26370E-12  5.98801E-02 SPIREspec 
 2.39521E+02  2.52140E-11  1.26070E-12  6.02409E-02 SPIREspec 
 2.40964E+02  2.53219E-11  1.26609E-12  6.06060E-02 SPIREspec 
 2.42424E+02  2.54261E-11  1.27130E-12  6.09755E-02 SPIREspec 
 2.43902E+02  2.53493E-11  1.26746E-12  6.13496E-02 SPIREspec 
 2.45399E+02  2.50665E-11  1.25332E-12  6.17283E-02 SPIREspec 
 2.46914E+02  2.46638E-11  1.23319E-12  6.21125E-02 SPIREspec 
 2.48447E+02  2.42789E-11  1.21395E-12  6.24999E-02 SPIREspec 
 2.50000E+02  2.40050E-11  1.20025E-12  6.28930E-02 SPIREspec 
 2.51572E+02  2.38608E-11  1.19304E-12  6.32910E-02 SPIREspec 
 2.53165E+02  2.37812E-11  1.18906E-12  6.36942E-02 SPIREspec 
 2.54777E+02  2.36677E-11  1.18339E-12  6.41025E-02 SPIREspec 
 2.56410E+02  2.34434E-11  1.17217E-12  6.45160E-02 SPIREspec 
 2.58065E+02  2.31574E-11  1.15787E-12  6.49350E-02 SPIREspec 
 2.59740E+02  2.28613E-11  1.14307E-12  6.53594E-02 SPIREspec 
 2.61438E+02  2.26709E-11  1.13355E-12  6.57903E-02 SPIREspec 
 2.63158E+02  2.25649E-11  1.12825E-12  6.62251E-02 SPIREspec 
 2.64901E+02  2.24969E-11  1.12484E-12  6.66666E-02 SPIREspec 
 2.66667E+02  2.23593E-11  1.11797E-12  6.71140E-02 SPIREspec 
 2.68456E+02  2.21172E-11  1.10586E-12  6.75675E-02 SPIREspec 
 2.70270E+02  2.17716E-11  1.08858E-12  6.80271E-02 SPIREspec 
 2.72109E+02  2.14183E-11  1.07091E-12  6.84930E-02 SPIREspec 
 2.73973E+02  2.11712E-11  1.05856E-12  6.89654E-02 SPIREspec 
 2.75862E+02  2.10913E-11  1.05456E-12  6.94453E-02 SPIREspec 
 2.77778E+02  2.11080E-11  1.05540E-12  6.99300E-02 SPIREspec 
 2.79720E+02  2.11077E-11  1.05539E-12  7.04224E-02 SPIREspec 
 2.81690E+02  2.09959E-11  1.04979E-12  7.09219E-02 SPIREspec 
 2.83688E+02  2.06983E-11  1.03492E-12  7.14285E-02 SPIREspec 
 2.85714E+02  2.03151E-11  1.01576E-12  7.19423E-02 SPIREspec 
 2.87770E+02  1.99592E-11  9.97960E-13  7.24637E-02 SPIREspec 
 2.89855E+02  1.97821E-11  9.89107E-13  7.29926E-02 SPIREspec 
 2.91971E+02  1.97803E-11  9.89014E-13  7.35293E-02 SPIREspec 
 2.94118E+02  1.98651E-11  9.93255E-13  7.40750E-02 SPIREspec 
 2.96296E+02  1.92597E-11  9.62985E-13  7.46268E-02 SPIREspec 
 2.98507E+02  1.97214E-11  9.86072E-13  7.51877E-02 SPIREspec 
 3.00752E+02  1.96100E-11  9.80498E-13  7.57576E-02 SPIREspec 
 3.03030E+02  1.86704E-11  9.33521E-13  7.63359E-02 SPIREspec 
 3.05344E+02  1.87105E-11  9.35525E-13  7.69231E-02 SPIREspec 
 3.07692E+02  1.81998E-11  9.09989E-13  7.75194E-02 SPIREspec 
 3.10078E+02  1.77571E-11  8.87856E-13  7.81250E-02 SPIREspec 
 3.12500E+02  1.65860E-11  8.29301E-13  7.87402E-02 SPIREspec 
 3.14961E+02  1.75470E-11  9.06714E-13  7.93651E-02 SPIREspec 
 3.17460E+02  1.63291E-11  8.16455E-13  8.00000E-02 SPIREspec 
 3.20000E+02  1.63448E-11  8.17242E-13  8.06451E-02 SPIREspec 
 3.22581E+02  1.62723E-11  8.13616E-13  8.13008E-02 SPIREspec 
 3.25203E+02  1.60952E-11  8.04758E-13  8.19672E-02 SPIREspec 
 3.27869E+02  1.58819E-11  7.94096E-13  8.26446E-02 SPIREspec 
 3.30579E+02  1.57358E-11  7.86790E-13  8.33334E-02 SPIREspec 
 3.33333E+02  1.56832E-11  7.84162E-13  8.40336E-02 SPIREspec 
 3.36134E+02  1.56343E-11  7.81713E-13  8.47457E-02 SPIREspec 
 3.38983E+02  1.54763E-11  7.73815E-13  8.54701E-02 SPIREspec 
 3.41880E+02  1.51493E-11  7.57464E-13  8.62069E-02 SPIREspec 
 3.44828E+02  1.46562E-11  7.32808E-13  8.69565E-02 SPIREspec 
 3.47826E+02  1.40872E-11  7.04358E-13  8.77193E-02 SPIREspec 
 3.50877E+02  1.36149E-11  6.80744E-13  8.84957E-02 SPIREspec 
 3.53982E+02  1.33872E-11  6.69361E-13  8.92857E-02 SPIREspec 
 3.57143E+02  1.33985E-11  6.69927E-13  9.00901E-02 SPIREspec 
 3.60360E+02  1.35054E-11  6.75271E-13  9.09091E-02 SPIREspec 
 3.63636E+02  1.35639E-11  6.78193E-13  9.17431E-02 SPIREspec 
 3.66972E+02  1.34907E-11  6.74534E-13  9.25926E-02 SPIREspec 
 3.70370E+02  1.32653E-11  6.63266E-13  9.34579E-02 SPIREspec 
 3.73832E+02  1.29199E-11  6.45997E-13  9.43397E-02 SPIREspec 
 3.77358E+02  1.25280E-11  6.26400E-13  9.52381E-02 SPIREspec 
 3.80952E+02  1.21678E-11  6.08389E-13  9.61538E-02 SPIREspec 
 3.84615E+02  1.18851E-11  5.94257E-13  9.70874E-02 SPIREspec 
 3.88350E+02  1.16753E-11  5.83767E-13  9.80392E-02 SPIREspec 
 3.92157E+02  1.15081E-11  5.75405E-13  9.90099E-02 SPIREspec 
 3.96040E+02  1.13510E-11  5.67548E-13  1.00000E-01 SPIREspec 
 4.00000E+02  1.11931E-11  5.59657E-13  1.01010E-01 SPIREspec 
 4.04040E+02  1.10409E-11  5.52045E-13  1.02041E-01 SPIREspec 
 4.08163E+02  1.09071E-11  5.45353E-13  1.03093E-01 SPIREspec 
 4.12371E+02  1.07848E-11  5.39239E-13  1.04167E-01 SPIREspec 
 4.16667E+02  1.06409E-11  5.32047E-13  1.05263E-01 SPIREspec 
 4.21053E+02  1.04390E-11  5.21951E-13  1.06383E-01 SPIREspec 
 4.25532E+02  1.01580E-11  5.07898E-13  1.07527E-01 SPIREspec 
 4.30108E+02  9.81216E-12  4.90608E-13  1.08696E-01 SPIREspec 
 4.34783E+02  9.44853E-12  4.72427E-13  1.09890E-01 SPIREspec 
 4.39560E+02  9.12784E-12  4.56392E-13  1.11111E-01 SPIREspec 
 4.44444E+02  8.89698E-12  4.44849E-13  1.12360E-01 SPIREspec 
 4.49438E+02  8.75478E-12  4.37739E-13  1.13636E-01 SPIREspec 
 4.54545E+02  8.64891E-12  4.32446E-13  1.14943E-01 SPIREspec 
 4.59770E+02  8.50284E-12  4.25142E-13  1.16279E-01 SPIREspec 
 4.65116E+02  8.26859E-12  4.13430E-13  1.17647E-01 SPIREspec 
 4.70588E+02  7.95043E-12  3.97521E-13  1.19048E-01 SPIREspec 
 4.76190E+02  7.59718E-12  3.79859E-13  1.20482E-01 SPIREspec 
 4.81928E+02  7.27314E-12  3.63657E-13  1.21951E-01 SPIREspec 
 4.87805E+02  7.01884E-12  3.50942E-13  1.23457E-01 SPIREspec 
 4.93827E+02  6.84010E-12  3.42005E-13  1.25000E-01 SPIREspec 
 5.00000E+02  6.70736E-12  3.35368E-13  1.26582E-01 SPIREspec 
 5.06329E+02  6.58238E-12  3.29119E-13  1.28205E-01 SPIREspec 
 5.12821E+02  6.43640E-12  3.30676E-13  1.29870E-01 SPIREspec 
 5.19481E+02  6.27044E-12  3.26196E-13  1.31579E-01 SPIREspec 
 5.26316E+02  6.09783E-12  3.11620E-13  1.33333E-01 SPIREspec 
 5.33333E+02  5.92349E-12  2.96174E-13  1.35135E-01 SPIREspec 
 5.40541E+02  5.73321E-12  2.86661E-13  1.36986E-01 SPIREspec 
 5.47945E+02  5.50419E-12  2.75210E-13  1.38889E-01 SPIREspec 
 5.55556E+02  5.22715E-12  2.65962E-13  1.40845E-01 SPIREspec 
 5.63380E+02  4.92264E-12  2.92104E-13  1.42857E-01 SPIREspec 
 5.71429E+02  4.64401E-12  3.36774E-13  1.44928E-01 SPIREspec 
 5.79710E+02  4.44422E-12  3.77216E-13  1.47059E-01 SPIREspec 
 5.88235E+02  4.33251E-12  3.81419E-13  1.49254E-01 SPIREspec 
 5.97015E+02  4.25637E-12  3.47613E-13  1.51515E-01 SPIREspec 
 6.06061E+02  4.13553E-12  3.20032E-13  1.49254E-01 SPIREspec 
 1.15798E-01  6.41249E-14  2.04089E-14  5.57090E-02 <UV> 
 1.16443E-01  1.72455E-13  1.98892E-14  4.99986E-02 <UV> 
 1.17026E-01  3.76574E-13  2.17968E-14  4.99977E-02 <UV> 
 1.17611E-01  9.72658E-13  4.86329E-14  5.00040E-02 <UV> 
 1.18199E-01  3.87433E-13  1.93716E-14  4.99921E-02 <UV> 
 1.18790E-01  2.53927E-13  2.19951E-14  7.79614E-02 <UV> 
 1.19716E-01  3.46571E-13  4.77138E-14  7.22295E-02 <UV> 
 1.20580E-01  1.46412E-12  7.32062E-14  4.99998E-02 <UV> 
 1.21183E-01  8.00288E-13  5.47716E-14  4.99986E-02 <UV> 
 1.21789E-01  4.57819E-13  4.89219E-14  5.00044E-02 <UV> 
 1.22398E-01  4.39336E-13  4.55419E-14  5.00007E-02 <UV> 
 1.23010E-01  4.03932E-13  4.21989E-14  4.99959E-02 <UV> 
 1.23625E-01  1.09341E-12  5.46706E-14  4.99979E-02 <UV> 
 1.24243E-01  7.78994E-13  3.89497E-14  5.00067E-02 <UV> 
 1.24865E-01  6.03546E-13  3.01773E-14  4.99982E-02 <UV> 
 1.25489E-01  7.48905E-13  3.74453E-14  4.99965E-02 <UV> 
 1.26116E-01  6.02946E-13  3.01473E-14  5.00015E-02 <UV> 
 1.26747E-01  8.13121E-13  4.06560E-14  4.99973E-02 <UV> 
 1.27381E-01  9.37544E-13  4.68772E-14  5.00076E-02 <UV> 
 1.28018E-01  6.06693E-13  3.03347E-14  4.99931E-02 <UV> 
 1.28658E-01  5.30134E-13  2.65067E-14  5.00009E-02 <UV> 
 1.29301E-01  1.00242E-12  5.01211E-14  4.99997E-02 <UV> 
 1.29947E-01  1.53329E-12  7.66644E-14  5.00048E-02 <UV> 
 1.30597E-01  2.37994E-12  1.18997E-13  5.00011E-02 <UV> 
 1.31250E-01  9.04611E-13  4.52305E-14  4.99961E-02 <UV> 
 1.31906E-01  5.06867E-13  2.53434E-14  4.99976E-02 <UV> 
 1.32566E-01  7.58871E-13  3.79435E-14  5.00053E-02 <UV> 
 1.33229E-01  2.24376E-12  1.12188E-13  4.99967E-02 <UV> 
 1.33895E-01  1.74768E-12  8.73838E-14  5.00019E-02 <UV> 
 1.34564E-01  6.88837E-13  3.44418E-14  4.99984E-02 <UV> 
 1.35237E-01  7.90664E-13  3.95332E-14  5.00010E-02 <UV> 
 1.35913E-01  8.92628E-13  4.46314E-14  5.00024E-02 <UV> 
 1.36593E-01  6.71549E-13  3.35774E-14  4.99952E-02 <UV> 
 1.37276E-01  8.15103E-13  4.07552E-14  5.00015E-02 <UV> 
 1.37962E-01  6.05463E-13  3.02731E-14  4.99992E-02 <UV> 
 1.38652E-01  9.03650E-13  4.51825E-14  5.00028E-02 <UV> 
 1.39345E-01  3.19377E-12  1.59688E-13  4.99981E-02 <UV> 
 1.40042E-01  3.36988E-12  1.68494E-13  4.99993E-02 <UV> 
 1.40742E-01  1.49504E-12  7.47518E-14  4.99992E-02 <UV> 
 1.41446E-01  8.19450E-13  4.09725E-14  5.00049E-02 <UV> 
 1.42153E-01  7.11429E-13  3.55714E-14  4.99953E-02 <UV> 
 1.42864E-01  1.31408E-12  6.57042E-14  4.99986E-02 <UV> 
 1.43578E-01  1.16084E-12  5.80419E-14  5.00006E-02 <UV> 
 1.44296E-01  1.91719E-12  9.58596E-14  5.00013E-02 <UV> 
 1.45018E-01  1.17151E-12  5.85755E-14  5.00008E-02 <UV> 
 1.45743E-01  1.41342E-12  7.06708E-14  4.99990E-02 <UV> 
 1.46472E-01  1.84408E-12  9.22038E-14  5.00029E-02 <UV> 
 1.47204E-01  1.09096E-12  5.45482E-14  4.99987E-02 <UV> 
 1.47940E-01  1.06528E-12  5.32642E-14  5.00000E-02 <UV> 
 1.48680E-01  2.03090E-12  1.01545E-13  5.00001E-02 <UV> 
 1.49423E-01  1.13517E-12  5.67586E-14  4.99990E-02 <UV> 
 1.50170E-01  2.61141E-12  1.30571E-13  5.00033E-02 <UV> 
 1.50921E-01  1.30206E-12  6.51032E-14  4.99997E-02 <UV> 
 1.51676E-01  1.25290E-12  6.26448E-14  4.99949E-02 <UV> 
 1.52434E-01  2.10485E-12  1.05243E-13  5.00020E-02 <UV> 
 1.53196E-01  1.39780E-12  6.98900E-14  5.00013E-02 <UV> 
 1.53962E-01  1.83498E-12  9.17491E-14  4.99993E-02 <UV> 
 1.54732E-01  1.57842E-11  7.89210E-13  5.00026E-02 <UV> 
 1.55506E-01  4.30548E-12  2.15274E-13  4.99982E-02 <UV> 
 1.56283E-01  2.17648E-12  1.08824E-13  4.99990E-02 <UV> 
 1.57064E-01  1.25018E-12  6.25088E-14  4.99986E-02 <UV> 
 1.57850E-01  1.70500E-12  8.52499E-14  5.00032E-02 <UV> 
 1.58639E-01  1.78176E-12  8.90878E-14  5.00003E-02 <UV> 
 1.59432E-01  2.34319E-12  1.17160E-13  4.99961E-02 <UV> 
 1.60229E-01  3.00191E-12  1.50096E-13  5.00033E-02 <UV> 
 1.61031E-01  1.86116E-12  9.30580E-14  4.99967E-02 <UV> 
 1.61836E-01  1.95761E-12  9.78807E-14  5.00013E-02 <UV> 
 1.62645E-01  1.36461E-12  6.82305E-14  4.99985E-02 <UV> 
 1.63458E-01  2.28928E-12  1.14464E-13  5.00006E-02 <UV> 
 1.64275E-01  4.42119E-12  2.21060E-13  5.00014E-02 <UV> 
 1.65097E-01  1.35094E-12  6.75472E-14  5.00010E-02 <UV> 
 1.65922E-01  2.12147E-12  1.06073E-13  4.99993E-02 <UV> 
 1.66752E-01  1.87941E-12  9.39705E-14  5.00024E-02 <UV> 
 1.67586E-01  7.83666E-13  3.91833E-14  4.99983E-02 <UV> 
 1.68424E-01  8.07192E-13  4.03596E-14  4.99989E-02 <UV> 
 1.69266E-01  6.76724E-13  3.67017E-14  4.99983E-02 <UV> 
 1.70112E-01  7.45706E-13  3.98846E-14  5.00024E-02 <UV> 
 1.70963E-01  1.04537E-12  5.22686E-14  4.99992E-02 <UV> 
 1.71817E-01  2.00573E-12  1.48121E-13  4.97505E-02 <UV> 
